#depth	O	O+	O+2	O+3	O+4	O+5	O+6	O+7	O+8	O[1]	O[2]	O[3]
 1.77042e+13	6.51e-11	1.89e-04	4.38e-01	5.61e-01	9.50e-05	0.00e+00	0.00e+00	0.00e+00	0.00e+00	3.98e-11	1.85e-11	6.87e-12
 1.06225e+14	6.70e-11	1.93e-04	4.41e-01	5.59e-01	9.36e-05	0.00e+00	0.00e+00	0.00e+00	0.00e+00	4.09e-11	1.90e-11	7.07e-12
 4.60310e+14	7.37e-11	2.04e-04	4.50e-01	5.50e-01	8.86e-05	0.00e+00	0.00e+00	0.00e+00	0.00e+00	4.50e-11	2.09e-11	7.78e-12
 9.59650e+14	8.28e-11	2.20e-04	4.60e-01	5.40e-01	8.28e-05	0.00e+00	0.00e+00	0.00e+00	0.00e+00	5.07e-11	2.34e-11	8.72e-12
 1.31427e+15	8.83e-11	2.29e-04	4.67e-01	5.33e-01	7.95e-05	0.00e+00	0.00e+00	0.00e+00	0.00e+00	5.41e-11	2.49e-11	9.29e-12
 1.63294e+15	9.27e-11	2.36e-04	4.73e-01	5.27e-01	7.69e-05	0.00e+00	0.00e+00	0.00e+00	0.00e+00	5.69e-11	2.61e-11	9.76e-12
 2.04722e+15	9.85e-11	2.45e-04	4.81e-01	5.19e-01	7.36e-05	0.00e+00	0.00e+00	0.00e+00	0.00e+00	6.05e-11	2.76e-11	1.04e-11
 2.58577e+15	1.06e-10	2.57e-04	4.91e-01	5.09e-01	6.98e-05	0.00e+00	0.00e+00	0.00e+00	0.00e+00	6.50e-11	2.96e-11	1.11e-11
 3.28589e+15	1.15e-10	2.72e-04	5.05e-01	4.95e-01	6.52e-05	0.00e+00	0.00e+00	0.00e+00	0.00e+00	7.10e-11	3.21e-11	1.21e-11
 4.19604e+15	1.28e-10	2.92e-04	5.22e-01	4.77e-01	5.96e-05	0.00e+00	0.00e+00	0.00e+00	0.00e+00	7.94e-11	3.56e-11	1.35e-11
 5.37924e+15	1.46e-10	3.18e-04	5.45e-01	4.54e-01	5.30e-05	0.00e+00	0.00e+00	0.00e+00	0.00e+00	9.06e-11	4.03e-11	1.53e-11
 6.91740e+15	1.72e-10	3.54e-04	5.75e-01	4.24e-01	4.55e-05	0.00e+00	0.00e+00	0.00e+00	0.00e+00	1.07e-10	4.68e-11	1.79e-11
 8.91701e+15	2.09e-10	4.03e-04	6.15e-01	3.85e-01	3.69e-05	0.00e+00	0.00e+00	0.00e+00	0.00e+00	1.31e-10	5.63e-11	2.17e-11
 1.12482e+16	2.58e-10	4.63e-04	6.60e-01	3.40e-01	2.87e-05	0.00e+00	0.00e+00	0.00e+00	0.00e+00	1.63e-10	6.85e-11	2.67e-11
 1.36983e+16	3.18e-10	5.31e-04	7.06e-01	2.93e-01	2.16e-05	0.00e+00	0.00e+00	0.00e+00	0.00e+00	2.02e-10	8.31e-11	3.27e-11
 1.62464e+16	3.89e-10	6.07e-04	7.53e-01	2.46e-01	1.57e-05	0.00e+00	0.00e+00	0.00e+00	0.00e+00	2.49e-10	1.00e-10	3.99e-11
 1.88964e+16	4.76e-10	6.90e-04	7.99e-01	2.00e-01	1.09e-05	0.00e+00	0.00e+00	0.00e+00	0.00e+00	3.07e-10	1.20e-10	4.85e-11
 2.16524e+16	5.77e-10	7.80e-04	8.42e-01	1.57e-01	7.27e-06	0.00e+00	0.00e+00	0.00e+00	0.00e+00	3.75e-10	1.43e-10	5.85e-11
 2.45186e+16	6.94e-10	8.75e-04	8.81e-01	1.18e-01	4.56e-06	0.00e+00	0.00e+00	0.00e+00	0.00e+00	4.54e-10	1.69e-10	7.00e-11
 2.74995e+16	8.30e-10	9.74e-04	9.14e-01	8.49e-02	2.70e-06	0.00e+00	0.00e+00	0.00e+00	0.00e+00	5.48e-10	1.99e-10	8.33e-11
 3.04701e+16	9.82e-10	1.07e-03	9.40e-01	5.94e-02	1.54e-06	0.00e+00	0.00e+00	0.00e+00	0.00e+00	6.54e-10	2.30e-10	9.80e-11
 3.35171e+16	1.16e-09	1.18e-03	9.59e-01	4.01e-02	8.41e-07	0.00e+00	0.00e+00	0.00e+00	0.00e+00	7.75e-10	2.66e-10	1.15e-10
 3.68155e+16	1.36e-09	1.29e-03	9.73e-01	2.58e-02	4.26e-07	0.00e+00	0.00e+00	0.00e+00	0.00e+00	9.23e-10	3.07e-10	1.34e-10
 4.02882e+16	1.61e-09	1.41e-03	9.83e-01	1.60e-02	2.05e-07	0.00e+00	0.00e+00	0.00e+00	0.00e+00	1.10e-09	3.54e-10	1.57e-10
 4.38999e+16	1.89e-09	1.53e-03	9.89e-01	9.66e-03	0.00e+00	0.00e+00	0.00e+00	0.00e+00	0.00e+00	1.30e-09	4.06e-10	1.84e-10
 4.76560e+16	2.22e-09	1.66e-03	9.93e-01	5.73e-03	0.00e+00	0.00e+00	0.00e+00	0.00e+00	0.00e+00	1.54e-09	4.65e-10	2.14e-10
 5.15624e+16	2.60e-09	1.80e-03	9.95e-01	3.34e-03	0.00e+00	0.00e+00	0.00e+00	0.00e+00	0.00e+00	1.82e-09	5.32e-10	2.49e-10
 5.56251e+16	3.05e-09	1.95e-03	9.96e-01	1.93e-03	0.00e+00	0.00e+00	0.00e+00	0.00e+00	0.00e+00	2.15e-09	6.08e-10	2.90e-10
 5.98502e+16	3.58e-09	2.11e-03	9.97e-01	1.10e-03	0.00e+00	0.00e+00	0.00e+00	0.00e+00	0.00e+00	2.55e-09	6.94e-10	3.37e-10
 6.42443e+16	4.19e-09	2.29e-03	9.97e-01	6.22e-04	0.00e+00	0.00e+00	0.00e+00	0.00e+00	0.00e+00	3.01e-09	7.91e-10	3.91e-10
 6.88143e+16	4.91e-09	2.47e-03	9.97e-01	3.50e-04	0.00e+00	0.00e+00	0.00e+00	0.00e+00	0.00e+00	3.55e-09	8.99e-10	4.54e-10
 7.35670e+16	5.74e-09	2.67e-03	9.97e-01	1.96e-04	0.00e+00	0.00e+00	0.00e+00	0.00e+00	0.00e+00	4.19e-09	1.02e-09	5.26e-10
 7.85098e+16	6.73e-09	2.89e-03	9.97e-01	1.10e-04	0.00e+00	0.00e+00	0.00e+00	0.00e+00	0.00e+00	4.95e-09	1.16e-09	6.11e-10
 8.36503e+16	7.87e-09	3.12e-03	9.97e-01	6.18e-05	0.00e+00	0.00e+00	0.00e+00	0.00e+00	0.00e+00	5.84e-09	1.32e-09	7.09e-10
 8.89965e+16	9.22e-09	3.38e-03	9.97e-01	3.51e-05	0.00e+00	0.00e+00	0.00e+00	0.00e+00	0.00e+00	6.89e-09	1.50e-09	8.22e-10
 9.45565e+16	1.08e-08	3.65e-03	9.96e-01	2.03e-05	0.00e+00	0.00e+00	0.00e+00	0.00e+00	0.00e+00	8.13e-09	1.71e-09	9.54e-10
 1.00339e+17	1.26e-08	3.95e-03	9.96e-01	1.20e-05	0.00e+00	0.00e+00	0.00e+00	0.00e+00	0.00e+00	9.59e-09	1.94e-09	1.11e-09
 1.06353e+17	1.48e-08	4.26e-03	9.96e-01	7.38e-06	0.00e+00	0.00e+00	0.00e+00	0.00e+00	0.00e+00	1.13e-08	2.21e-09	1.28e-09
 1.12607e+17	1.73e-08	4.61e-03	9.95e-01	4.77e-06	0.00e+00	0.00e+00	0.00e+00	0.00e+00	0.00e+00	1.33e-08	2.51e-09	1.49e-09
 1.19111e+17	2.03e-08	4.98e-03	9.95e-01	3.28e-06	0.00e+00	0.00e+00	0.00e+00	0.00e+00	0.00e+00	1.57e-08	2.85e-09	1.73e-09
 1.25876e+17	2.38e-08	5.39e-03	9.95e-01	2.40e-06	0.00e+00	0.00e+00	0.00e+00	0.00e+00	0.00e+00	1.85e-08	3.25e-09	2.01e-09
 1.32911e+17	2.79e-08	5.82e-03	9.94e-01	1.86e-06	0.00e+00	0.00e+00	0.00e+00	0.00e+00	0.00e+00	2.18e-08	3.69e-09	2.33e-09
 1.40228e+17	3.26e-08	6.29e-03	9.94e-01	1.52e-06	0.00e+00	0.00e+00	0.00e+00	0.00e+00	0.00e+00	2.57e-08	4.20e-09	2.70e-09
 1.47837e+17	3.83e-08	6.80e-03	9.93e-01	1.29e-06	0.00e+00	0.00e+00	0.00e+00	0.00e+00	0.00e+00	3.03e-08	4.79e-09	3.14e-09
 1.55750e+17	4.49e-08	7.36e-03	9.93e-01	1.13e-06	0.00e+00	0.00e+00	0.00e+00	0.00e+00	0.00e+00	3.58e-08	5.45e-09	3.64e-09
 1.63981e+17	5.26e-08	7.95e-03	9.92e-01	1.00e-06	0.00e+00	0.00e+00	0.00e+00	0.00e+00	0.00e+00	4.22e-08	6.22e-09	4.23e-09
 1.72540e+17	6.17e-08	8.60e-03	9.91e-01	9.02e-07	0.00e+00	0.00e+00	0.00e+00	0.00e+00	0.00e+00	4.97e-08	7.09e-09	4.91e-09
 1.81442e+17	7.24e-08	9.29e-03	9.91e-01	8.17e-07	0.00e+00	0.00e+00	0.00e+00	0.00e+00	0.00e+00	5.86e-08	8.08e-09	5.69e-09
 1.90699e+17	8.49e-08	1.00e-02	9.90e-01	7.45e-07	0.00e+00	0.00e+00	0.00e+00	0.00e+00	0.00e+00	6.91e-08	9.22e-09	6.61e-09
 2.00328e+17	9.97e-08	1.09e-02	9.89e-01	6.80e-07	0.00e+00	0.00e+00	0.00e+00	0.00e+00	0.00e+00	8.15e-08	1.05e-08	7.66e-09
 2.10341e+17	1.17e-07	1.18e-02	9.88e-01	6.22e-07	0.00e+00	0.00e+00	0.00e+00	0.00e+00	0.00e+00	9.62e-08	1.20e-08	8.89e-09
 2.20755e+17	1.38e-07	1.27e-02	9.87e-01	5.69e-07	0.00e+00	0.00e+00	0.00e+00	0.00e+00	0.00e+00	1.14e-07	1.37e-08	1.03e-08
 2.31585e+17	1.62e-07	1.37e-02	9.86e-01	5.20e-07	0.00e+00	0.00e+00	0.00e+00	0.00e+00	0.00e+00	1.34e-07	1.57e-08	1.19e-08
 2.42848e+17	1.90e-07	1.49e-02	9.85e-01	4.76e-07	0.00e+00	0.00e+00	0.00e+00	0.00e+00	0.00e+00	1.58e-07	1.79e-08	1.38e-08
 2.54562e+17	2.24e-07	1.61e-02	9.84e-01	4.36e-07	0.00e+00	0.00e+00	0.00e+00	0.00e+00	0.00e+00	1.87e-07	2.05e-08	1.60e-08
 2.66745e+17	2.63e-07	1.74e-02	9.83e-01	3.98e-07	0.00e+00	0.00e+00	0.00e+00	0.00e+00	0.00e+00	2.21e-07	2.35e-08	1.86e-08
 2.79415e+17	3.10e-07	1.88e-02	9.81e-01	3.63e-07	0.00e+00	0.00e+00	0.00e+00	0.00e+00	0.00e+00	2.62e-07	2.69e-08	2.15e-08
 2.92592e+17	3.65e-07	2.04e-02	9.80e-01	3.32e-07	0.00e+00	0.00e+00	0.00e+00	0.00e+00	0.00e+00	3.09e-07	3.08e-08	2.49e-08
 3.06296e+17	4.30e-07	2.21e-02	9.78e-01	3.03e-07	0.00e+00	0.00e+00	0.00e+00	0.00e+00	0.00e+00	3.66e-07	3.53e-08	2.88e-08
 3.20548e+17	5.07e-07	2.39e-02	9.76e-01	2.76e-07	0.00e+00	0.00e+00	0.00e+00	0.00e+00	0.00e+00	4.33e-07	4.06e-08	3.34e-08
 3.35370e+17	5.99e-07	2.59e-02	9.74e-01	2.51e-07	0.00e+00	0.00e+00	0.00e+00	0.00e+00	0.00e+00	5.13e-07	4.67e-08	3.88e-08
 3.50785e+17	7.07e-07	2.80e-02	9.72e-01	2.28e-07	0.00e+00	0.00e+00	0.00e+00	0.00e+00	0.00e+00	6.08e-07	5.37e-08	4.49e-08
 3.66816e+17	8.35e-07	3.03e-02	9.70e-01	2.07e-07	0.00e+00	0.00e+00	0.00e+00	0.00e+00	0.00e+00	7.21e-07	6.20e-08	5.22e-08
 3.83489e+17	9.88e-07	3.29e-02	9.67e-01	1.88e-07	0.00e+00	0.00e+00	0.00e+00	0.00e+00	0.00e+00	8.56e-07	7.16e-08	6.07e-08
 4.00829e+17	1.17e-06	3.56e-02	9.64e-01	1.70e-07	0.00e+00	0.00e+00	0.00e+00	0.00e+00	0.00e+00	1.02e-06	8.29e-08	7.07e-08
 4.18862e+17	1.39e-06	3.86e-02	9.61e-01	1.53e-07	0.00e+00	0.00e+00	0.00e+00	0.00e+00	0.00e+00	1.21e-06	9.61e-08	8.24e-08
 4.37616e+17	1.65e-06	4.19e-02	9.58e-01	1.38e-07	0.00e+00	0.00e+00	0.00e+00	0.00e+00	0.00e+00	1.44e-06	1.12e-07	9.62e-08
 4.57121e+17	1.95e-06	4.55e-02	9.55e-01	0.00e+00	0.00e+00	0.00e+00	0.00e+00	0.00e+00	0.00e+00	1.71e-06	1.30e-07	1.13e-07
 4.77406e+17	2.33e-06	4.94e-02	9.51e-01	0.00e+00	0.00e+00	0.00e+00	0.00e+00	0.00e+00	0.00e+00	2.04e-06	1.52e-07	1.32e-07
 4.98503e+17	2.77e-06	5.36e-02	9.46e-01	0.00e+00	0.00e+00	0.00e+00	0.00e+00	0.00e+00	0.00e+00	2.44e-06	1.77e-07	1.55e-07
 5.20443e+17	3.30e-06	5.83e-02	9.42e-01	0.00e+00	0.00e+00	0.00e+00	0.00e+00	0.00e+00	0.00e+00	2.91e-06	2.08e-07	1.82e-07
 5.43261e+17	3.95e-06	6.34e-02	9.37e-01	0.00e+00	0.00e+00	0.00e+00	0.00e+00	0.00e+00	0.00e+00	3.49e-06	2.45e-07	2.15e-07
 5.66991e+17	4.73e-06	6.90e-02	9.31e-01	0.00e+00	0.00e+00	0.00e+00	0.00e+00	0.00e+00	0.00e+00	4.19e-06	2.89e-07	2.55e-07
 5.91671e+17	5.68e-06	7.51e-02	9.25e-01	0.00e+00	0.00e+00	0.00e+00	0.00e+00	0.00e+00	0.00e+00	5.03e-06	3.42e-07	3.02e-07
 6.17338e+17	6.84e-06	8.19e-02	9.18e-01	0.00e+00	0.00e+00	0.00e+00	0.00e+00	0.00e+00	0.00e+00	6.07e-06	4.06e-07	3.60e-07
 6.44032e+17	8.26e-06	8.94e-02	9.11e-01	0.00e+00	0.00e+00	0.00e+00	0.00e+00	0.00e+00	0.00e+00	7.35e-06	4.84e-07	4.31e-07
 6.71793e+17	1.00e-05	9.77e-02	9.02e-01	0.00e+00	0.00e+00	0.00e+00	0.00e+00	0.00e+00	0.00e+00	8.90e-06	5.79e-07	5.17e-07
 7.00665e+17	1.22e-05	1.07e-01	8.93e-01	0.00e+00	0.00e+00	0.00e+00	0.00e+00	0.00e+00	0.00e+00	1.08e-05	6.96e-07	6.23e-07
 7.30692e+17	1.48e-05	1.17e-01	8.83e-01	0.00e+00	0.00e+00	0.00e+00	0.00e+00	0.00e+00	0.00e+00	1.32e-05	8.40e-07	7.53e-07
 7.61920e+17	1.82e-05	1.29e-01	8.71e-01	0.00e+00	0.00e+00	0.00e+00	0.00e+00	0.00e+00	0.00e+00	1.63e-05	1.02e-06	9.17e-07
 7.94396e+17	2.24e-05	1.42e-01	8.58e-01	0.00e+00	0.00e+00	0.00e+00	0.00e+00	0.00e+00	0.00e+00	2.00e-05	1.24e-06	1.12e-06
 8.28172e+17	2.78e-05	1.57e-01	8.43e-01	0.00e+00	0.00e+00	0.00e+00	0.00e+00	0.00e+00	0.00e+00	2.49e-05	1.53e-06	1.38e-06
 8.60602e+17	3.41e-05	1.72e-01	8.28e-01	0.00e+00	0.00e+00	0.00e+00	0.00e+00	0.00e+00	0.00e+00	3.05e-05	1.86e-06	1.69e-06
 8.90016e+17	4.10e-05	1.87e-01	8.13e-01	0.00e+00	0.00e+00	0.00e+00	0.00e+00	0.00e+00	0.00e+00	3.68e-05	2.23e-06	2.02e-06
 9.22685e+17	5.06e-05	2.06e-01	7.94e-01	0.00e+00	0.00e+00	0.00e+00	0.00e+00	0.00e+00	0.00e+00	4.54e-05	2.74e-06	2.49e-06
 9.57841e+17	6.35e-05	2.29e-01	7.71e-01	0.00e+00	0.00e+00	0.00e+00	0.00e+00	0.00e+00	0.00e+00	5.69e-05	3.41e-06	3.10e-06
 9.88476e+17	7.73e-05	2.50e-01	7.50e-01	0.00e+00	0.00e+00	0.00e+00	0.00e+00	0.00e+00	0.00e+00	6.94e-05	4.14e-06	3.77e-06
 1.01592e+18	9.27e-05	2.72e-01	7.28e-01	0.00e+00	0.00e+00	0.00e+00	0.00e+00	0.00e+00	0.00e+00	8.32e-05	4.95e-06	4.51e-06
 1.04697e+18	1.15e-04	2.99e-01	7.01e-01	0.00e+00	0.00e+00	0.00e+00	0.00e+00	0.00e+00	0.00e+00	1.03e-04	6.10e-06	5.57e-06
 1.08014e+18	1.44e-04	3.31e-01	6.69e-01	0.00e+00	0.00e+00	0.00e+00	0.00e+00	0.00e+00	0.00e+00	1.30e-04	7.66e-06	7.01e-06
 1.10849e+18	1.77e-04	3.63e-01	6.36e-01	0.00e+00	0.00e+00	0.00e+00	0.00e+00	0.00e+00	0.00e+00	1.59e-04	9.39e-06	8.61e-06
 1.13299e+18	2.13e-04	3.95e-01	6.05e-01	0.00e+00	0.00e+00	0.00e+00	0.00e+00	0.00e+00	0.00e+00	1.91e-04	1.13e-05	1.04e-05
 1.16007e+18	2.63e-04	4.33e-01	5.67e-01	0.00e+00	0.00e+00	0.00e+00	0.00e+00	0.00e+00	0.00e+00	2.36e-04	1.39e-05	1.28e-05
 1.18898e+18	3.32e-04	4.79e-01	5.20e-01	0.00e+00	0.00e+00	0.00e+00	0.00e+00	0.00e+00	0.00e+00	2.99e-04	1.76e-05	1.62e-05
 1.21352e+18	4.10e-04	5.25e-01	4.74e-01	0.00e+00	0.00e+00	0.00e+00	0.00e+00	0.00e+00	0.00e+00	3.68e-04	2.17e-05	1.99e-05
 1.23443e+18	4.95e-04	5.69e-01	4.30e-01	0.00e+00	0.00e+00	0.00e+00	0.00e+00	0.00e+00	0.00e+00	4.45e-04	2.61e-05	2.40e-05
 1.25191e+18	5.84e-04	6.11e-01	3.89e-01	0.00e+00	0.00e+00	0.00e+00	0.00e+00	0.00e+00	0.00e+00	5.25e-04	3.08e-05	2.83e-05
 1.26530e+18	6.67e-04	6.46e-01	3.54e-01	0.00e+00	0.00e+00	0.00e+00	0.00e+00	0.00e+00	0.00e+00	5.99e-04	3.52e-05	3.23e-05
 1.27649e+18	7.48e-04	6.77e-01	3.23e-01	0.00e+00	0.00e+00	0.00e+00	0.00e+00	0.00e+00	0.00e+00	6.72e-04	3.94e-05	3.62e-05
 1.28688e+18	8.33e-04	7.07e-01	2.92e-01	0.00e+00	0.00e+00	0.00e+00	0.00e+00	0.00e+00	0.00e+00	7.49e-04	4.39e-05	4.03e-05
 1.29663e+18	9.27e-04	7.38e-01	2.61e-01	0.00e+00	0.00e+00	0.00e+00	0.00e+00	0.00e+00	0.00e+00	8.33e-04	4.88e-05	4.48e-05
 1.30525e+18	1.02e-03	7.66e-01	2.33e-01	0.00e+00	0.00e+00	0.00e+00	0.00e+00	0.00e+00	0.00e+00	9.17e-04	5.37e-05	4.92e-05
 1.31252e+18	1.11e-03	7.92e-01	2.07e-01	0.00e+00	0.00e+00	0.00e+00	0.00e+00	0.00e+00	0.00e+00	9.97e-04	5.84e-05	5.35e-05
 1.31870e+18	1.19e-03	8.15e-01	1.84e-01	0.00e+00	0.00e+00	0.00e+00	0.00e+00	0.00e+00	0.00e+00	1.07e-03	6.28e-05	5.75e-05
 1.32411e+18	1.27e-03	8.36e-01	1.63e-01	0.00e+00	0.00e+00	0.00e+00	0.00e+00	0.00e+00	0.00e+00	1.14e-03	6.69e-05	6.13e-05
 1.32893e+18	1.35e-03	8.55e-01	1.43e-01	0.00e+00	0.00e+00	0.00e+00	0.00e+00	0.00e+00	0.00e+00	1.22e-03	7.11e-05	6.51e-05
 1.33321e+18	1.43e-03	8.73e-01	1.26e-01	0.00e+00	0.00e+00	0.00e+00	0.00e+00	0.00e+00	0.00e+00	1.28e-03	7.51e-05	6.87e-05
 1.33696e+18	1.50e-03	8.89e-01	1.09e-01	0.00e+00	0.00e+00	0.00e+00	0.00e+00	0.00e+00	0.00e+00	1.35e-03	7.88e-05	7.21e-05
 1.34024e+18	1.56e-03	9.04e-01	9.46e-02	0.00e+00	0.00e+00	0.00e+00	0.00e+00	0.00e+00	0.00e+00	1.41e-03	8.21e-05	7.51e-05
 1.34310e+18	1.63e-03	9.17e-01	8.15e-02	0.00e+00	0.00e+00	0.00e+00	0.00e+00	0.00e+00	0.00e+00	1.46e-03	8.54e-05	7.81e-05
 1.34560e+18	1.68e-03	9.29e-01	6.98e-02	0.00e+00	0.00e+00	0.00e+00	0.00e+00	0.00e+00	0.00e+00	1.51e-03	8.83e-05	8.08e-05
 1.34781e+18	1.73e-03	9.39e-01	5.94e-02	0.00e+00	0.00e+00	0.00e+00	0.00e+00	0.00e+00	0.00e+00	1.56e-03	9.08e-05	8.31e-05
 1.34979e+18	1.78e-03	9.48e-01	5.00e-02	0.00e+00	0.00e+00	0.00e+00	0.00e+00	0.00e+00	0.00e+00	1.60e-03	9.34e-05	8.55e-05
 1.35158e+18	1.82e-03	9.56e-01	4.17e-02	0.00e+00	0.00e+00	0.00e+00	0.00e+00	0.00e+00	0.00e+00	1.64e-03	9.56e-05	8.75e-05
 1.35319e+18	1.86e-03	9.64e-01	3.44e-02	0.00e+00	0.00e+00	0.00e+00	0.00e+00	0.00e+00	0.00e+00	1.67e-03	9.76e-05	8.93e-05
 1.35465e+18	1.90e-03	9.70e-01	2.81e-02	0.00e+00	0.00e+00	0.00e+00	0.00e+00	0.00e+00	0.00e+00	1.71e-03	9.94e-05	9.10e-05
 1.35598e+18	1.93e-03	9.75e-01	2.27e-02	0.00e+00	0.00e+00	0.00e+00	0.00e+00	0.00e+00	0.00e+00	1.73e-03	1.01e-04	9.25e-05
 1.35722e+18	1.96e-03	9.80e-01	1.81e-02	0.00e+00	0.00e+00	0.00e+00	0.00e+00	0.00e+00	0.00e+00	1.76e-03	1.03e-04	9.38e-05
 1.35840e+18	1.98e-03	9.84e-01	1.41e-02	0.00e+00	0.00e+00	0.00e+00	0.00e+00	0.00e+00	0.00e+00	1.78e-03	1.04e-04	9.49e-05
 1.35955e+18	2.01e-03	9.87e-01	1.08e-02	0.00e+00	0.00e+00	0.00e+00	0.00e+00	0.00e+00	0.00e+00	1.81e-03	1.05e-04	9.62e-05
 1.36086e+18	2.03e-03	9.90e-01	7.79e-03	0.00e+00	0.00e+00	0.00e+00	0.00e+00	0.00e+00	0.00e+00	1.82e-03	1.06e-04	9.71e-05
 1.36230e+18	2.06e-03	9.93e-01	5.21e-03	0.00e+00	0.00e+00	0.00e+00	0.00e+00	0.00e+00	0.00e+00	1.85e-03	1.08e-04	9.85e-05
 1.36365e+18	2.08e-03	9.94e-01	3.47e-03	0.00e+00	0.00e+00	0.00e+00	0.00e+00	0.00e+00	0.00e+00	1.87e-03	1.09e-04	9.96e-05
 1.36517e+18	2.10e-03	9.96e-01	2.20e-03	0.00e+00	0.00e+00	0.00e+00	0.00e+00	0.00e+00	0.00e+00	1.89e-03	1.10e-04	1.01e-04
 1.36714e+18	2.14e-03	9.97e-01	1.21e-03	0.00e+00	0.00e+00	0.00e+00	0.00e+00	0.00e+00	0.00e+00	1.93e-03	1.12e-04	1.02e-04
 1.36971e+18	2.19e-03	9.97e-01	5.63e-04	0.00e+00	0.00e+00	0.00e+00	0.00e+00	0.00e+00	0.00e+00	1.97e-03	1.14e-04	1.05e-04
 1.37305e+18	2.26e-03	9.98e-01	2.13e-04	0.00e+00	0.00e+00	0.00e+00	0.00e+00	0.00e+00	0.00e+00	2.03e-03	1.18e-04	1.08e-04
 1.37738e+18	2.35e-03	9.98e-01	6.37e-05	0.00e+00	0.00e+00	0.00e+00	0.00e+00	0.00e+00	0.00e+00	2.12e-03	1.22e-04	1.12e-04
 1.38302e+18	2.48e-03	9.98e-01	1.44e-05	0.00e+00	0.00e+00	0.00e+00	0.00e+00	0.00e+00	0.00e+00	2.24e-03	1.29e-04	1.18e-04
 1.39035e+18	2.67e-03	9.97e-01	2.39e-06	0.00e+00	0.00e+00	0.00e+00	0.00e+00	0.00e+00	0.00e+00	2.41e-03	1.39e-04	1.28e-04
 1.39987e+18	2.96e-03	9.97e-01	2.79e-07	0.00e+00	0.00e+00	0.00e+00	0.00e+00	0.00e+00	0.00e+00	2.66e-03	1.54e-04	1.41e-04
 1.41226e+18	3.40e-03	9.97e-01	2.15e-08	0.00e+00	0.00e+00	0.00e+00	0.00e+00	0.00e+00	0.00e+00	3.06e-03	1.77e-04	1.62e-04
 1.42836e+18	4.16e-03	9.96e-01	1.05e-09	0.00e+00	0.00e+00	0.00e+00	0.00e+00	0.00e+00	0.00e+00	3.75e-03	2.18e-04	1.99e-04
 1.44362e+18	5.21e-03	9.95e-01	1.08e-10	0.00e+00	0.00e+00	0.00e+00	0.00e+00	0.00e+00	0.00e+00	4.69e-03	2.73e-04	2.49e-04
 1.45346e+18	6.19e-03	9.94e-01	7.09e-11	0.00e+00	0.00e+00	0.00e+00	0.00e+00	0.00e+00	0.00e+00	5.57e-03	3.25e-04	2.96e-04
 1.46010e+18	7.04e-03	9.93e-01	6.51e-11	0.00e+00	0.00e+00	0.00e+00	0.00e+00	0.00e+00	0.00e+00	6.33e-03	3.71e-04	3.37e-04
 1.46691e+18	8.12e-03	9.92e-01	6.20e-11	0.00e+00	0.00e+00	0.00e+00	0.00e+00	0.00e+00	0.00e+00	7.31e-03	4.28e-04	3.90e-04
 1.47451e+18	9.69e-03	9.90e-01	5.93e-11	0.00e+00	0.00e+00	0.00e+00	0.00e+00	0.00e+00	0.00e+00	8.71e-03	5.12e-04	4.65e-04
 1.48123e+18	1.16e-02	9.88e-01	5.68e-11	0.00e+00	0.00e+00	0.00e+00	0.00e+00	0.00e+00	0.00e+00	1.04e-02	6.13e-04	5.57e-04
 1.48660e+18	1.36e-02	9.86e-01	5.44e-11	0.00e+00	0.00e+00	0.00e+00	0.00e+00	0.00e+00	0.00e+00	1.23e-02	7.23e-04	6.56e-04
 1.49127e+18	1.60e-02	9.84e-01	5.23e-11	0.00e+00	0.00e+00	0.00e+00	0.00e+00	0.00e+00	0.00e+00	1.44e-02	8.49e-04	7.69e-04
 1.49556e+18	1.89e-02	9.81e-01	4.99e-11	0.00e+00	0.00e+00	0.00e+00	0.00e+00	0.00e+00	0.00e+00	1.69e-02	1.00e-03	9.06e-04
 1.49936e+18	2.22e-02	9.78e-01	4.75e-11	0.00e+00	0.00e+00	0.00e+00	0.00e+00	0.00e+00	0.00e+00	2.00e-02	1.18e-03	1.07e-03
 1.50264e+18	2.61e-02	9.74e-01	4.53e-11	0.00e+00	0.00e+00	0.00e+00	0.00e+00	0.00e+00	0.00e+00	2.34e-02	1.38e-03	1.25e-03
 1.50551e+18	3.05e-02	9.69e-01	4.30e-11	0.00e+00	0.00e+00	0.00e+00	0.00e+00	0.00e+00	0.00e+00	2.75e-02	1.62e-03	1.46e-03
 1.50805e+18	3.58e-02	9.64e-01	4.08e-11	0.00e+00	0.00e+00	0.00e+00	0.00e+00	0.00e+00	0.00e+00	3.21e-02	1.89e-03	1.71e-03
 1.51032e+18	4.19e-02	9.58e-01	3.86e-11	0.00e+00	0.00e+00	0.00e+00	0.00e+00	0.00e+00	0.00e+00	3.77e-02	2.21e-03	2.00e-03
 1.51234e+18	4.91e-02	9.51e-01	3.65e-11	0.00e+00	0.00e+00	0.00e+00	0.00e+00	0.00e+00	0.00e+00	4.42e-02	2.58e-03	2.34e-03
 1.51412e+18	5.75e-02	9.43e-01	3.47e-11	0.00e+00	0.00e+00	0.00e+00	0.00e+00	0.00e+00	0.00e+00	5.17e-02	3.01e-03	2.73e-03
 1.51569e+18	6.71e-02	9.33e-01	3.30e-11	0.00e+00	0.00e+00	0.00e+00	0.00e+00	0.00e+00	0.00e+00	6.04e-02	3.49e-03	3.17e-03
 1.51709e+18	7.85e-02	9.22e-01	3.13e-11	0.00e+00	0.00e+00	0.00e+00	0.00e+00	0.00e+00	0.00e+00	7.07e-02	4.06e-03	3.69e-03
 1.51833e+18	9.20e-02	9.08e-01	2.91e-11	0.00e+00	0.00e+00	0.00e+00	0.00e+00	0.00e+00	0.00e+00	8.30e-02	4.71e-03	4.30e-03
 1.51942e+18	1.07e-01	8.93e-01	2.80e-11	0.00e+00	0.00e+00	0.00e+00	0.00e+00	0.00e+00	0.00e+00	9.67e-02	5.43e-03	4.96e-03
 1.52038e+18	1.24e-01	8.76e-01	2.69e-11	0.00e+00	0.00e+00	0.00e+00	0.00e+00	0.00e+00	0.00e+00	1.12e-01	6.23e-03	5.70e-03
 1.52126e+18	1.44e-01	8.56e-01	2.61e-11	0.00e+00	0.00e+00	0.00e+00	0.00e+00	0.00e+00	0.00e+00	1.31e-01	7.13e-03	6.55e-03
 1.52206e+18	1.68e-01	8.32e-01	2.54e-11	0.00e+00	0.00e+00	0.00e+00	0.00e+00	0.00e+00	0.00e+00	1.52e-01	8.13e-03	7.50e-03
 1.52279e+18	1.95e-01	8.05e-01	2.47e-11	0.00e+00	0.00e+00	0.00e+00	0.00e+00	0.00e+00	0.00e+00	1.77e-01	9.26e-03	8.58e-03
 1.52345e+18	2.26e-01	7.74e-01	2.40e-11	0.00e+00	0.00e+00	0.00e+00	0.00e+00	0.00e+00	0.00e+00	2.06e-01	1.05e-02	9.74e-03
 1.52404e+18	2.60e-01	7.40e-01	2.36e-11	0.00e+00	0.00e+00	0.00e+00	0.00e+00	0.00e+00	0.00e+00	2.37e-01	1.17e-02	1.10e-02
 1.52458e+18	2.99e-01	7.01e-01	2.32e-11	0.00e+00	0.00e+00	0.00e+00	0.00e+00	0.00e+00	0.00e+00	2.74e-01	1.30e-02	1.23e-02
 1.52508e+18	3.41e-01	6.59e-01	2.28e-11	0.00e+00	0.00e+00	0.00e+00	0.00e+00	0.00e+00	0.00e+00	3.13e-01	1.42e-02	1.35e-02
 1.52547e+18	3.80e-01	6.20e-01	2.26e-11	0.00e+00	0.00e+00	0.00e+00	0.00e+00	0.00e+00	0.00e+00	3.50e-01	1.52e-02	1.46e-02
 1.52577e+18	4.11e-01	5.89e-01	2.23e-11	0.00e+00	0.00e+00	0.00e+00	0.00e+00	0.00e+00	0.00e+00	3.80e-01	1.59e-02	1.53e-02
 1.52600e+18	4.39e-01	5.61e-01	2.21e-11	0.00e+00	0.00e+00	0.00e+00	0.00e+00	0.00e+00	0.00e+00	4.06e-01	1.65e-02	1.59e-02
 1.52621e+18	4.65e-01	5.35e-01	2.19e-11	0.00e+00	0.00e+00	0.00e+00	0.00e+00	0.00e+00	0.00e+00	4.32e-01	1.69e-02	1.64e-02
 1.52641e+18	4.91e-01	5.09e-01	2.17e-11	0.00e+00	0.00e+00	0.00e+00	0.00e+00	0.00e+00	0.00e+00	4.57e-01	1.73e-02	1.69e-02
 1.52660e+18	5.16e-01	4.84e-01	2.16e-11	0.00e+00	0.00e+00	0.00e+00	0.00e+00	0.00e+00	0.00e+00	4.81e-01	1.75e-02	1.72e-02
 1.52676e+18	5.38e-01	4.62e-01	2.13e-11	0.00e+00	0.00e+00	0.00e+00	0.00e+00	0.00e+00	0.00e+00	5.03e-01	1.77e-02	1.75e-02
 1.52691e+18	5.59e-01	4.41e-01	2.11e-11	0.00e+00	0.00e+00	0.00e+00	0.00e+00	0.00e+00	0.00e+00	5.23e-01	1.79e-02	1.77e-02
 1.52705e+18	5.79e-01	4.21e-01	2.09e-11	0.00e+00	0.00e+00	0.00e+00	0.00e+00	0.00e+00	0.00e+00	5.43e-01	1.79e-02	1.78e-02
 1.52718e+18	5.97e-01	4.03e-01	2.07e-11	0.00e+00	0.00e+00	0.00e+00	0.00e+00	0.00e+00	0.00e+00	5.61e-01	1.80e-02	1.79e-02
 1.52729e+18	6.13e-01	3.87e-01	2.05e-11	0.00e+00	0.00e+00	0.00e+00	0.00e+00	0.00e+00	0.00e+00	5.77e-01	1.80e-02	1.80e-02
 1.52737e+18	6.24e-01	3.76e-01	2.03e-11	0.00e+00	0.00e+00	0.00e+00	0.00e+00	0.00e+00	0.00e+00	5.88e-01	1.80e-02	1.80e-02
 1.52744e+18	6.35e-01	3.65e-01	2.02e-11	0.00e+00	0.00e+00	0.00e+00	0.00e+00	0.00e+00	0.00e+00	5.99e-01	1.79e-02	1.80e-02
 1.52752e+18	6.47e-01	3.53e-01	2.00e-11	0.00e+00	0.00e+00	0.00e+00	0.00e+00	0.00e+00	0.00e+00	6.11e-01	1.79e-02	1.80e-02
 1.52761e+18	6.59e-01	3.41e-01	1.97e-11	0.00e+00	0.00e+00	0.00e+00	0.00e+00	0.00e+00	0.00e+00	6.23e-01	1.78e-02	1.79e-02
 1.52769e+18	6.71e-01	3.29e-01	1.95e-11	0.00e+00	0.00e+00	0.00e+00	0.00e+00	0.00e+00	0.00e+00	6.35e-01	1.77e-02	1.79e-02
 1.52777e+18	6.82e-01	3.18e-01	1.93e-11	0.00e+00	0.00e+00	0.00e+00	0.00e+00	0.00e+00	0.00e+00	6.47e-01	1.76e-02	1.78e-02
 1.52785e+18	6.93e-01	3.07e-01	1.91e-11	0.00e+00	0.00e+00	0.00e+00	0.00e+00	0.00e+00	0.00e+00	6.58e-01	1.75e-02	1.77e-02
 1.52793e+18	7.04e-01	2.96e-01	1.89e-11	0.00e+00	0.00e+00	0.00e+00	0.00e+00	0.00e+00	0.00e+00	6.69e-01	1.73e-02	1.76e-02
 1.52800e+18	7.15e-01	2.85e-01	1.87e-11	0.00e+00	0.00e+00	0.00e+00	0.00e+00	0.00e+00	0.00e+00	6.80e-01	1.72e-02	1.75e-02
 1.52808e+18	7.25e-01	2.75e-01	1.84e-11	0.00e+00	0.00e+00	0.00e+00	0.00e+00	0.00e+00	0.00e+00	6.91e-01	1.70e-02	1.74e-02
 1.52816e+18	7.36e-01	2.64e-01	1.82e-11	0.00e+00	0.00e+00	0.00e+00	0.00e+00	0.00e+00	0.00e+00	7.02e-01	1.68e-02	1.73e-02
 1.52823e+18	7.46e-01	2.54e-01	1.79e-11	0.00e+00	0.00e+00	0.00e+00	0.00e+00	0.00e+00	0.00e+00	7.12e-01	1.67e-02	1.71e-02
 1.52831e+18	7.55e-01	2.45e-01	1.77e-11	0.00e+00	0.00e+00	0.00e+00	0.00e+00	0.00e+00	0.00e+00	7.22e-01	1.65e-02	1.69e-02
 1.52838e+18	7.65e-01	2.35e-01	1.74e-11	0.00e+00	0.00e+00	0.00e+00	0.00e+00	0.00e+00	0.00e+00	7.32e-01	1.63e-02	1.67e-02
 1.52846e+18	7.74e-01	2.26e-01	1.72e-11	0.00e+00	0.00e+00	0.00e+00	0.00e+00	0.00e+00	0.00e+00	7.41e-01	1.61e-02	1.65e-02
 1.52853e+18	7.83e-01	2.17e-01	1.69e-11	0.00e+00	0.00e+00	0.00e+00	0.00e+00	0.00e+00	0.00e+00	7.51e-01	1.58e-02	1.63e-02
 1.52860e+18	7.92e-01	2.08e-01	1.66e-11	0.00e+00	0.00e+00	0.00e+00	0.00e+00	0.00e+00	0.00e+00	7.60e-01	1.56e-02	1.60e-02
 1.52867e+18	8.00e-01	2.00e-01	1.63e-11	0.00e+00	0.00e+00	0.00e+00	0.00e+00	0.00e+00	0.00e+00	7.69e-01	1.53e-02	1.57e-02
 1.52874e+18	8.08e-01	1.92e-01	1.61e-11	0.00e+00	0.00e+00	0.00e+00	0.00e+00	0.00e+00	0.00e+00	7.78e-01	1.51e-02	1.55e-02
 1.52881e+18	8.16e-01	1.84e-01	1.58e-11	0.00e+00	0.00e+00	0.00e+00	0.00e+00	0.00e+00	0.00e+00	7.86e-01	1.49e-02	1.52e-02
 1.52888e+18	8.24e-01	1.76e-01	1.55e-11	0.00e+00	0.00e+00	0.00e+00	0.00e+00	0.00e+00	0.00e+00	7.94e-01	1.46e-02	1.49e-02
 1.52895e+18	8.31e-01	1.69e-01	1.52e-11	0.00e+00	0.00e+00	0.00e+00	0.00e+00	0.00e+00	0.00e+00	8.02e-01	1.44e-02	1.47e-02
 1.52902e+18	8.38e-01	1.62e-01	1.50e-11	0.00e+00	0.00e+00	0.00e+00	0.00e+00	0.00e+00	0.00e+00	8.10e-01	1.41e-02	1.44e-02
 1.52909e+18	8.45e-01	1.55e-01	1.47e-11	0.00e+00	0.00e+00	0.00e+00	0.00e+00	0.00e+00	0.00e+00	8.17e-01	1.39e-02	1.41e-02
 1.52915e+18	8.51e-01	1.49e-01	1.44e-11	0.00e+00	0.00e+00	0.00e+00	0.00e+00	0.00e+00	0.00e+00	8.24e-01	1.37e-02	1.39e-02
 1.52921e+18	8.57e-01	1.43e-01	1.41e-11	0.00e+00	0.00e+00	0.00e+00	0.00e+00	0.00e+00	0.00e+00	8.30e-01	1.34e-02	1.36e-02
 1.52928e+18	8.63e-01	1.37e-01	1.39e-11	0.00e+00	0.00e+00	0.00e+00	0.00e+00	0.00e+00	0.00e+00	8.37e-01	1.32e-02	1.34e-02
 1.52934e+18	8.69e-01	1.31e-01	1.36e-11	0.00e+00	0.00e+00	0.00e+00	0.00e+00	0.00e+00	0.00e+00	8.43e-01	1.30e-02	1.31e-02
 1.52940e+18	8.74e-01	1.26e-01	1.34e-11	0.00e+00	0.00e+00	0.00e+00	0.00e+00	0.00e+00	0.00e+00	8.48e-01	1.28e-02	1.29e-02
 1.52946e+18	8.79e-01	1.21e-01	1.31e-11	0.00e+00	0.00e+00	0.00e+00	0.00e+00	0.00e+00	0.00e+00	8.54e-01	1.26e-02	1.26e-02
 1.52952e+18	8.84e-01	1.16e-01	1.29e-11	0.00e+00	0.00e+00	0.00e+00	0.00e+00	0.00e+00	0.00e+00	8.59e-01	1.24e-02	1.24e-02
 1.52958e+18	8.89e-01	1.11e-01	1.26e-11	0.00e+00	0.00e+00	0.00e+00	0.00e+00	0.00e+00	0.00e+00	8.64e-01	1.22e-02	1.22e-02
 1.52964e+18	8.93e-01	1.07e-01	1.24e-11	0.00e+00	0.00e+00	0.00e+00	0.00e+00	0.00e+00	0.00e+00	8.69e-01	1.20e-02	1.20e-02
 1.52969e+18	8.98e-01	1.02e-01	1.22e-11	0.00e+00	0.00e+00	0.00e+00	0.00e+00	0.00e+00	0.00e+00	8.74e-01	1.18e-02	1.17e-02
 1.52975e+18	9.02e-01	9.81e-02	1.19e-11	0.00e+00	0.00e+00	0.00e+00	0.00e+00	0.00e+00	0.00e+00	8.79e-01	1.16e-02	1.15e-02
 1.52981e+18	9.06e-01	9.42e-02	1.17e-11	0.00e+00	0.00e+00	0.00e+00	0.00e+00	0.00e+00	0.00e+00	8.83e-01	1.14e-02	1.13e-02
 1.52986e+18	9.10e-01	9.03e-02	1.15e-11	0.00e+00	0.00e+00	0.00e+00	0.00e+00	0.00e+00	0.00e+00	8.87e-01	1.12e-02	1.11e-02
 1.52992e+18	9.13e-01	8.66e-02	1.13e-11	0.00e+00	0.00e+00	0.00e+00	0.00e+00	0.00e+00	0.00e+00	8.91e-01	1.11e-02	1.09e-02
 1.52997e+18	9.17e-01	8.32e-02	1.11e-11	0.00e+00	0.00e+00	0.00e+00	0.00e+00	0.00e+00	0.00e+00	8.95e-01	1.09e-02	1.08e-02
 1.53002e+18	9.20e-01	7.99e-02	1.09e-11	0.00e+00	0.00e+00	0.00e+00	0.00e+00	0.00e+00	0.00e+00	8.99e-01	1.07e-02	1.06e-02
 1.53007e+18	9.23e-01	7.67e-02	1.07e-11	0.00e+00	0.00e+00	0.00e+00	0.00e+00	0.00e+00	0.00e+00	9.02e-01	1.06e-02	1.04e-02
 1.53012e+18	9.27e-01	7.35e-02	1.05e-11	0.00e+00	0.00e+00	0.00e+00	0.00e+00	0.00e+00	0.00e+00	9.06e-01	1.04e-02	1.02e-02
 1.53017e+18	9.30e-01	7.04e-02	1.03e-11	0.00e+00	0.00e+00	0.00e+00	0.00e+00	0.00e+00	0.00e+00	9.09e-01	1.03e-02	1.01e-02
 1.53022e+18	9.33e-01	6.75e-02	1.01e-11	0.00e+00	0.00e+00	0.00e+00	0.00e+00	0.00e+00	0.00e+00	9.13e-01	1.01e-02	9.88e-03
 1.53027e+18	9.35e-01	6.47e-02	9.92e-12	0.00e+00	0.00e+00	0.00e+00	0.00e+00	0.00e+00	0.00e+00	9.16e-01	9.96e-03	9.72e-03
 1.53032e+18	9.38e-01	6.20e-02	9.75e-12	0.00e+00	0.00e+00	0.00e+00	0.00e+00	0.00e+00	0.00e+00	9.19e-01	9.81e-03	9.55e-03
 1.53037e+18	9.41e-01	5.94e-02	9.59e-12	0.00e+00	0.00e+00	0.00e+00	0.00e+00	0.00e+00	0.00e+00	9.22e-01	9.66e-03	9.39e-03
 1.53041e+18	9.43e-01	5.70e-02	9.44e-12	0.00e+00	0.00e+00	0.00e+00	0.00e+00	0.00e+00	0.00e+00	9.24e-01	9.52e-03	9.23e-03
 1.53045e+18	9.45e-01	5.47e-02	9.30e-12	0.00e+00	0.00e+00	0.00e+00	0.00e+00	0.00e+00	0.00e+00	9.27e-01	9.38e-03	9.09e-03
 1.53049e+18	9.47e-01	5.27e-02	9.17e-12	0.00e+00	0.00e+00	0.00e+00	0.00e+00	0.00e+00	0.00e+00	9.29e-01	9.26e-03	8.95e-03
