#depth	He	He+	He+2
 1.00007e+15	1.95e-08	4.47e-02	9.55e-01
 3.04021e+15	2.59e-08	5.14e-02	9.49e-01
 5.16196e+15	3.35e-08	5.83e-02	9.42e-01
 6.78447e+15	3.89e-08	6.26e-02	9.37e-01
 7.85887e+15	4.22e-08	6.51e-02	9.35e-01
 9.08608e+15	4.62e-08	6.80e-02	9.32e-01
 1.06814e+16	5.18e-08	7.18e-02	9.28e-01
 1.27554e+16	5.96e-08	7.67e-02	9.23e-01
 1.52063e+16	6.97e-08	8.26e-02	9.17e-01
 1.78147e+16	8.16e-08	8.89e-02	9.11e-01
 2.05274e+16	9.54e-08	9.57e-02	9.04e-01
 2.33486e+16	1.12e-07	1.03e-01	8.97e-01
 2.62827e+16	1.30e-07	1.10e-01	8.90e-01
 2.93342e+16	1.52e-07	1.18e-01	8.82e-01
 3.25077e+16	1.77e-07	1.27e-01	8.73e-01
 3.58081e+16	2.06e-07	1.36e-01	8.64e-01
 3.92406e+16	2.40e-07	1.46e-01	8.54e-01
 4.28104e+16	2.79e-07	1.56e-01	8.44e-01
 4.65229e+16	3.24e-07	1.66e-01	8.34e-01
 5.03840e+16	3.76e-07	1.78e-01	8.22e-01
 5.43995e+16	4.34e-07	1.89e-01	8.11e-01
 5.85756e+16	5.02e-07	2.02e-01	7.98e-01
 6.29187e+16	5.79e-07	2.15e-01	7.85e-01
 6.74356e+16	6.67e-07	2.28e-01	7.72e-01
 7.21332e+16	7.68e-07	2.42e-01	7.58e-01
 7.70186e+16	8.83e-07	2.57e-01	7.43e-01
 8.20995e+16	1.01e-06	2.73e-01	7.27e-01
 8.73837e+16	1.16e-06	2.89e-01	7.11e-01
 9.28791e+16	1.33e-06	3.06e-01	6.94e-01
 9.85944e+16	1.53e-06	3.24e-01	6.76e-01
 1.04538e+17	1.75e-06	3.43e-01	6.57e-01
 1.10720e+17	1.99e-06	3.62e-01	6.38e-01
 1.17149e+17	2.28e-06	3.83e-01	6.17e-01
 1.23835e+17	2.59e-06	4.05e-01	5.95e-01
 1.30789e+17	2.96e-06	4.27e-01	5.73e-01
 1.38020e+17	3.37e-06	4.51e-01	5.49e-01
 1.45541e+17	3.84e-06	4.76e-01	5.24e-01
 1.53363e+17	4.37e-06	5.03e-01	4.97e-01
 1.61498e+17	4.98e-06	5.30e-01	4.70e-01
 1.69958e+17	5.66e-06	5.59e-01	4.41e-01
 1.78756e+17	6.42e-06	5.89e-01	4.11e-01
 1.87907e+17	7.29e-06	6.20e-01	3.80e-01
 1.97423e+17	8.26e-06	6.52e-01	3.48e-01
 2.07320e+17	9.34e-06	6.85e-01	3.15e-01
 2.17613e+17	1.05e-05	7.17e-01	2.82e-01
 2.28318e+17	1.19e-05	7.50e-01	2.50e-01
 2.39450e+17	1.33e-05	7.81e-01	2.19e-01
 2.51029e+17	1.49e-05	8.12e-01	1.88e-01
 2.63070e+17	1.66e-05	8.40e-01	1.60e-01
 2.75593e+17	1.84e-05	8.66e-01	1.34e-01
 2.88617e+17	2.03e-05	8.90e-01	1.10e-01
 3.02161e+17	2.23e-05	9.10e-01	8.96e-02
 3.16248e+17	2.44e-05	9.28e-01	7.17e-02
 3.30898e+17	2.66e-05	9.43e-01	5.65e-02
 3.46134e+17	2.89e-05	9.56e-01	4.40e-02
 3.61980e+17	3.14e-05	9.66e-01	3.38e-02
 3.78459e+17	3.40e-05	9.74e-01	2.57e-02
 3.95598e+17	3.67e-05	9.81e-01	1.93e-02
 4.13422e+17	3.96e-05	9.86e-01	1.43e-02
 4.31959e+17	4.27e-05	9.89e-01	1.06e-02
 4.51237e+17	4.61e-05	9.92e-01	7.69e-03
 4.71287e+17	4.97e-05	9.94e-01	5.55e-03
 4.92138e+17	5.37e-05	9.96e-01	3.97e-03
 5.13824e+17	5.79e-05	9.97e-01	2.81e-03
 5.36377e+17	6.26e-05	9.98e-01	1.97e-03
 5.59832e+17	6.77e-05	9.99e-01	1.37e-03
 5.84226e+17	7.33e-05	9.99e-01	9.49e-04
 6.09595e+17	7.94e-05	9.99e-01	6.50e-04
 6.35979e+17	8.61e-05	9.99e-01	4.42e-04
 6.63418e+17	9.34e-05	1.00e+00	2.98e-04
 6.91955e+17	1.02e-04	1.00e+00	1.99e-04
 7.21633e+17	1.10e-04	1.00e+00	1.32e-04
 7.52499e+17	1.20e-04	1.00e+00	8.72e-05
 7.84599e+17	1.31e-04	1.00e+00	5.71e-05
 8.17983e+17	1.43e-04	1.00e+00	3.72e-05
 8.52702e+17	1.55e-04	1.00e+00	2.41e-05
 8.88811e+17	1.70e-04	1.00e+00	1.55e-05
 9.26363e+17	1.85e-04	1.00e+00	9.96e-06
 9.65418e+17	2.02e-04	1.00e+00	6.36e-06
 1.00603e+18	2.21e-04	1.00e+00	4.05e-06
 1.04828e+18	2.41e-04	1.00e+00	2.57e-06
 1.09221e+18	2.64e-04	1.00e+00	1.63e-06
 1.13790e+18	2.88e-04	1.00e+00	1.03e-06
 1.18541e+18	3.15e-04	1.00e+00	6.46e-07
 1.23483e+18	3.44e-04	1.00e+00	4.07e-07
 1.28622e+18	3.76e-04	1.00e+00	2.55e-07
 1.33967e+18	4.11e-04	1.00e+00	1.60e-07
 1.39526e+18	4.49e-04	1.00e+00	1.01e-07
 1.45307e+18	4.91e-04	1.00e+00	6.36e-08
 1.51319e+18	5.36e-04	9.99e-01	4.02e-08
 1.57572e+18	5.85e-04	9.99e-01	2.57e-08
 1.64075e+18	6.39e-04	9.99e-01	1.66e-08
 1.70838e+18	6.97e-04	9.99e-01	1.10e-08
 1.77871e+18	7.60e-04	9.99e-01	7.52e-09
 1.85186e+18	8.30e-04	9.99e-01	5.35e-09
 1.92794e+18	9.04e-04	9.99e-01	4.02e-09
 2.00705e+18	9.87e-04	9.99e-01	3.20e-09
 2.08934e+18	1.07e-03	9.99e-01	2.70e-09
 2.17491e+18	1.17e-03	9.99e-01	2.39e-09
 2.26391e+18	1.28e-03	9.99e-01	2.20e-09
 2.35646e+18	1.39e-03	9.99e-01	2.09e-09
 2.45272e+18	1.52e-03	9.98e-01	2.02e-09
 2.55283e+18	1.65e-03	9.98e-01	1.97e-09
 2.65694e+18	1.80e-03	9.98e-01	1.95e-09
 2.76522e+18	1.97e-03	9.98e-01	1.93e-09
 2.87783e+18	2.15e-03	9.98e-01	1.92e-09
 2.99494e+18	2.35e-03	9.98e-01	1.92e-09
 3.11674e+18	2.57e-03	9.97e-01	1.91e-09
 3.24341e+18	2.82e-03	9.97e-01	1.91e-09
 3.37515e+18	3.10e-03	9.97e-01	1.91e-09
 3.51215e+18	3.42e-03	9.97e-01	1.91e-09
 3.65171e+18	3.77e-03	9.96e-01	1.91e-09
 3.79685e+18	4.17e-03	9.96e-01	1.92e-09
 3.94697e+18	4.65e-03	9.95e-01	1.92e-09
 4.09278e+18	5.15e-03	9.95e-01	1.93e-09
 4.24818e+18	5.77e-03	9.94e-01	1.94e-09
 4.41163e+18	6.52e-03	9.93e-01	1.95e-09
 4.56221e+18	7.34e-03	9.93e-01	1.96e-09
 4.70405e+18	8.25e-03	9.92e-01	1.97e-09
 4.86605e+18	9.52e-03	9.90e-01	1.98e-09
 5.03871e+18	1.12e-02	9.89e-01	2.00e-09
 5.18703e+18	1.31e-02	9.87e-01	2.03e-09
 5.31709e+18	1.53e-02	9.85e-01	2.04e-09
 5.43710e+18	1.78e-02	9.82e-01	2.07e-09
 5.54510e+18	2.08e-02	9.79e-01	2.09e-09
 5.64086e+18	2.44e-02	9.76e-01	2.11e-09
 5.72528e+18	2.85e-02	9.71e-01	2.13e-09
 5.79983e+18	3.33e-02	9.67e-01	2.15e-09
 5.86627e+18	3.90e-02	9.61e-01	2.17e-09
 5.92513e+18	4.57e-02	9.54e-01	2.19e-09
 5.97663e+18	5.35e-02	9.47e-01	2.21e-09
 6.02173e+18	6.24e-02	9.38e-01	2.23e-09
 6.06175e+18	7.31e-02	9.27e-01	2.24e-09
 6.09731e+18	8.56e-02	9.14e-01	2.26e-09
 6.12851e+18	1.00e-01	9.00e-01	2.27e-09
 6.15588e+18	1.17e-01	8.83e-01	2.29e-09
 6.18013e+18	1.37e-01	8.63e-01	2.30e-09
 6.20177e+18	1.60e-01	8.40e-01	2.31e-09
 6.22106e+18	1.86e-01	8.14e-01	2.31e-09
 6.23835e+18	2.17e-01	7.83e-01	2.32e-09
 6.25399e+18	2.53e-01	7.47e-01	2.31e-09
 6.26826e+18	2.94e-01	7.06e-01	2.28e-09
 6.28134e+18	3.41e-01	6.59e-01	2.23e-09
 6.29340e+18	3.94e-01	6.06e-01	2.18e-09
 6.30482e+18	4.55e-01	5.45e-01	2.06e-09
 6.31592e+18	5.23e-01	4.77e-01	1.91e-09
 6.32857e+18	6.08e-01	3.92e-01	1.69e-09
 6.34230e+18	7.04e-01	2.96e-01	1.38e-09
 6.35512e+18	7.88e-01	2.12e-01	1.07e-09
 6.36947e+18	8.62e-01	1.38e-01	7.41e-10
 6.38811e+18	9.26e-01	7.44e-02	4.24e-10
 6.41235e+18	9.66e-01	3.38e-02	2.00e-10
 6.44387e+18	9.85e-01	1.47e-02	8.85e-11
 6.48483e+18	9.92e-01	7.85e-03	4.76e-11
 6.53809e+18	9.95e-01	5.47e-03	3.36e-11
 6.60732e+18	9.95e-01	4.80e-03	2.99e-11
 6.68261e+18	9.96e-01	3.91e-03	2.49e-11
 6.74623e+18	9.97e-01	3.21e-03	2.10e-11
 6.79592e+18	9.97e-01	2.74e-03	1.84e-11
 6.83964e+18	9.98e-01	2.37e-03	1.63e-11
 6.87961e+18	9.98e-01	2.05e-03	1.45e-11
 6.91351e+18	9.98e-01	1.80e-03	1.31e-11
 6.94231e+18	9.98e-01	1.60e-03	1.21e-11
 6.96783e+18	9.99e-01	1.42e-03	1.11e-11
 6.99110e+18	9.99e-01	1.26e-03	1.03e-11
 7.01222e+18	9.99e-01	1.12e-03	9.54e-12
 7.03098e+18	9.99e-01	9.88e-04	8.89e-12
 7.04746e+18	9.99e-01	8.75e-04	8.36e-12
 7.06203e+18	9.99e-01	7.71e-04	7.98e-12
 7.07516e+18	9.99e-01	6.73e-04	7.60e-12
 7.08708e+18	9.99e-01	5.87e-04	7.25e-12
 7.09776e+18	9.99e-01	5.11e-04	6.95e-12
 7.10721e+18	1.00e+00	4.43e-04	6.73e-12
 7.11563e+18	1.00e+00	3.84e-04	6.56e-12
 7.12326e+18	1.00e+00	3.33e-04	6.46e-12
 7.13020e+18	1.00e+00	2.83e-04	6.41e-12
 7.13655e+18	1.00e+00	2.41e-04	6.44e-12
 7.14242e+18	1.00e+00	2.04e-04	6.52e-12
 7.14783e+18	1.00e+00	1.72e-04	6.69e-12
 7.15283e+18	1.00e+00	1.45e-04	6.97e-12
 7.15711e+18	1.00e+00	1.22e-04	7.23e-12
 7.16035e+18	1.00e+00	1.07e-04	7.55e-12
 7.16280e+18	1.00e+00	9.70e-05	7.93e-12
 7.16489e+18	1.00e+00	8.93e-05	8.33e-12
 7.16686e+18	1.00e+00	8.20e-05	8.68e-12
 7.16872e+18	1.00e+00	7.53e-05	9.07e-12
 7.17042e+18	1.00e+00	6.95e-05	9.47e-12
 7.17193e+18	1.00e+00	6.48e-05	9.92e-12
 7.17328e+18	1.00e+00	6.11e-05	1.03e-11
 7.17456e+18	1.00e+00	5.79e-05	1.09e-11
 7.17564e+18	1.00e+00	5.43e-05	1.11e-11
 7.17643e+18	1.00e+00	5.30e-05	1.15e-11
 7.17716e+18	1.00e+00	5.17e-05	1.19e-11
 7.17794e+18	1.00e+00	4.99e-05	1.23e-11
 7.17875e+18	1.00e+00	4.81e-05	1.27e-11
 7.17956e+18	1.00e+00	4.65e-05	1.31e-11
 7.18035e+18	1.00e+00	4.48e-05	1.35e-11
 7.18112e+18	1.00e+00	4.35e-05	1.40e-11
 7.18187e+18	1.00e+00	4.22e-05	1.45e-11
 7.18263e+18	1.00e+00	4.10e-05	1.51e-11
 7.18338e+18	1.00e+00	3.98e-05	1.57e-11
 7.18413e+18	1.00e+00	3.88e-05	1.63e-11
 7.18486e+18	1.00e+00	3.78e-05	1.70e-11
 7.18559e+18	1.00e+00	3.70e-05	1.77e-11
 7.18631e+18	1.00e+00	3.61e-05	1.85e-11
 7.18703e+18	1.00e+00	3.54e-05	1.93e-11
 7.18773e+18	1.00e+00	3.47e-05	2.02e-11
 7.18843e+18	1.00e+00	3.42e-05	2.11e-11
 7.18913e+18	1.00e+00	3.37e-05	2.22e-11
 7.18982e+18	1.00e+00	3.32e-05	2.33e-11
 7.19050e+18	1.00e+00	3.29e-05	2.45e-11
 7.19117e+18	1.00e+00	3.26e-05	2.58e-11
 7.19183e+18	1.00e+00	3.24e-05	2.72e-11
 7.19248e+18	1.00e+00	3.22e-05	2.87e-11
 7.19311e+18	1.00e+00	3.21e-05	3.03e-11
 7.19374e+18	1.00e+00	3.21e-05	3.20e-11
 7.19435e+18	1.00e+00	3.21e-05	3.38e-11
 7.19495e+18	1.00e+00	3.22e-05	3.57e-11
 7.19553e+18	1.00e+00	3.24e-05	3.78e-11
 7.19610e+18	1.00e+00	3.26e-05	4.00e-11
 7.19667e+18	1.00e+00	3.29e-05	4.24e-11
 7.19721e+18	1.00e+00	3.31e-05	4.48e-11
 7.19775e+18	1.00e+00	3.35e-05	4.75e-11
 7.19827e+18	1.00e+00	3.39e-05	5.03e-11
 7.19879e+18	1.00e+00	3.43e-05	5.32e-11
 7.19930e+18	1.00e+00	3.48e-05	5.62e-11
 7.19979e+18	1.00e+00	3.53e-05	5.94e-11
 7.20027e+18	1.00e+00	3.58e-05	6.28e-11
 7.20074e+18	1.00e+00	3.63e-05	6.60e-11
 7.20118e+18	1.00e+00	3.68e-05	6.94e-11
 7.20159e+18	1.00e+00	3.73e-05	7.26e-11
 7.20197e+18	1.00e+00	3.77e-05	7.55e-11
 7.20230e+18	1.00e+00	3.80e-05	7.80e-11
 7.20260e+18	1.00e+00	3.81e-05	7.99e-11
 7.20287e+18	1.00e+00	3.74e-05	8.00e-11
