#depth	He	He+	He+2
 1.00007e+15	1.62e-10	4.02e-03	9.96e-01
 3.04021e+15	1.99e-10	4.46e-03	9.96e-01
 5.16196e+15	2.44e-10	4.94e-03	9.95e-01
 7.09332e+15	2.97e-10	5.45e-03	9.95e-01
 8.48939e+15	3.43e-10	5.86e-03	9.94e-01
 9.48123e+15	3.79e-10	6.16e-03	9.94e-01
 1.04570e+16	4.18e-10	6.46e-03	9.94e-01
 1.16218e+16	4.69e-10	6.85e-03	9.93e-01
 1.28883e+16	5.30e-10	7.28e-03	9.93e-01
 1.40969e+16	5.93e-10	7.71e-03	9.92e-01
 1.52673e+16	6.57e-10	8.11e-03	9.92e-01
 1.66258e+16	7.36e-10	8.58e-03	9.91e-01
 1.83286e+16	8.43e-10	9.19e-03	9.91e-01
 2.02770e+16	9.76e-10	9.89e-03	9.90e-01
 2.23943e+16	1.13e-09	1.06e-02	9.89e-01
 2.48738e+16	1.33e-09	1.15e-02	9.88e-01
 2.77712e+16	1.59e-09	1.26e-02	9.87e-01
 3.08821e+16	1.90e-09	1.38e-02	9.86e-01
 3.41176e+16	2.26e-09	1.50e-02	9.85e-01
 3.74824e+16	2.68e-09	1.63e-02	9.84e-01
 4.09818e+16	3.17e-09	1.77e-02	9.82e-01
 4.46212e+16	3.74e-09	1.92e-02	9.81e-01
 4.84062e+16	4.41e-09	2.09e-02	9.79e-01
 5.23426e+16	5.20e-09	2.26e-02	9.77e-01
 5.64365e+16	6.12e-09	2.45e-02	9.76e-01
 6.06941e+16	7.20e-09	2.65e-02	9.74e-01
 6.51220e+16	8.46e-09	2.86e-02	9.71e-01
 6.97270e+16	9.95e-09	3.09e-02	9.69e-01
 7.45162e+16	1.17e-08	3.34e-02	9.67e-01
 7.94970e+16	1.38e-08	3.61e-02	9.64e-01
 8.46770e+16	1.62e-08	3.90e-02	9.61e-01
 9.00642e+16	1.90e-08	4.21e-02	9.58e-01
 9.56669e+16	2.24e-08	4.54e-02	9.55e-01
 1.01494e+17	2.63e-08	4.90e-02	9.51e-01
 1.07554e+17	3.10e-08	5.28e-02	9.47e-01
 1.13856e+17	3.64e-08	5.69e-02	9.43e-01
 1.20410e+17	4.29e-08	6.13e-02	9.39e-01
 1.27227e+17	5.04e-08	6.60e-02	9.34e-01
 1.34316e+17	5.93e-08	7.11e-02	9.29e-01
 1.41689e+17	6.97e-08	7.65e-02	9.24e-01
 1.49357e+17	8.20e-08	8.22e-02	9.18e-01
 1.57331e+17	9.63e-08	8.84e-02	9.12e-01
 1.65624e+17	1.13e-07	9.49e-02	9.05e-01
 1.74249e+17	1.33e-07	1.02e-01	8.98e-01
 1.83220e+17	1.56e-07	1.09e-01	8.91e-01
 1.92548e+17	1.83e-07	1.17e-01	8.83e-01
 2.02251e+17	2.15e-07	1.26e-01	8.74e-01
 2.12341e+17	2.51e-07	1.34e-01	8.66e-01
 2.22834e+17	2.94e-07	1.44e-01	8.56e-01
 2.33748e+17	3.43e-07	1.53e-01	8.47e-01
 2.45098e+17	4.00e-07	1.64e-01	8.36e-01
 2.56902e+17	4.66e-07	1.75e-01	8.25e-01
 2.69178e+17	5.42e-07	1.86e-01	8.14e-01
 2.81946e+17	6.28e-07	1.97e-01	8.03e-01
 2.95224e+17	7.27e-07	2.10e-01	7.90e-01
 3.09033e+17	8.40e-07	2.22e-01	7.78e-01
 3.23394e+17	9.69e-07	2.36e-01	7.64e-01
 3.38330e+17	1.12e-06	2.49e-01	7.51e-01
 3.53863e+17	1.28e-06	2.64e-01	7.36e-01
 3.70018e+17	1.47e-06	2.78e-01	7.22e-01
 3.86819e+17	1.68e-06	2.93e-01	7.07e-01
 4.04292e+17	1.92e-06	3.09e-01	6.91e-01
 4.22463e+17	2.20e-06	3.25e-01	6.75e-01
 4.41362e+17	2.50e-06	3.42e-01	6.58e-01
 4.61017e+17	2.84e-06	3.59e-01	6.41e-01
 4.81458e+17	3.23e-06	3.76e-01	6.24e-01
 5.02716e+17	3.66e-06	3.94e-01	6.06e-01
 5.24825e+17	4.14e-06	4.12e-01	5.88e-01
 5.47818e+17	4.67e-06	4.30e-01	5.70e-01
 5.71731e+17	5.27e-06	4.49e-01	5.51e-01
 5.96600e+17	5.94e-06	4.69e-01	5.31e-01
 6.22464e+17	6.68e-06	4.88e-01	5.12e-01
 6.49363e+17	7.50e-06	5.08e-01	4.92e-01
 6.77338e+17	8.41e-06	5.28e-01	4.72e-01
 7.06431e+17	9.42e-06	5.48e-01	4.52e-01
 7.36689e+17	1.05e-05	5.69e-01	4.31e-01
 7.68156e+17	1.18e-05	5.90e-01	4.10e-01
 8.00883e+17	1.32e-05	6.11e-01	3.89e-01
 8.34918e+17	1.47e-05	6.32e-01	3.68e-01
 8.70315e+17	1.63e-05	6.53e-01	3.47e-01
 9.07128e+17	1.82e-05	6.73e-01	3.27e-01
 9.45413e+17	2.02e-05	6.94e-01	3.06e-01
 9.85230e+17	2.24e-05	7.15e-01	2.85e-01
 1.02664e+18	2.48e-05	7.35e-01	2.65e-01
 1.06970e+18	2.74e-05	7.55e-01	2.45e-01
 1.11449e+18	3.03e-05	7.75e-01	2.25e-01
 1.16107e+18	3.34e-05	7.94e-01	2.06e-01
 1.20952e+18	3.68e-05	8.12e-01	1.88e-01
 1.25990e+18	4.05e-05	8.29e-01	1.71e-01
 1.31229e+18	4.45e-05	8.46e-01	1.54e-01
 1.36678e+18	4.88e-05	8.62e-01	1.38e-01
 1.42346e+18	5.34e-05	8.77e-01	1.23e-01
 1.48239e+18	5.84e-05	8.91e-01	1.09e-01
 1.54369e+18	6.37e-05	9.04e-01	9.60e-02
 1.60744e+18	6.93e-05	9.16e-01	8.41e-02
 1.67374e+18	7.54e-05	9.27e-01	7.32e-02
 1.74269e+18	8.18e-05	9.37e-01	6.34e-02
 1.81439e+18	8.87e-05	9.45e-01	5.45e-02
 1.88897e+18	9.59e-05	9.53e-01	4.66e-02
 1.96653e+18	1.04e-04	9.60e-01	3.96e-02
 2.04719e+18	1.12e-04	9.66e-01	3.34e-02
 2.13108e+18	1.21e-04	9.72e-01	2.81e-02
 2.21832e+18	1.30e-04	9.76e-01	2.34e-02
 2.30905e+18	1.40e-04	9.80e-01	1.94e-02
 2.40342e+18	1.51e-04	9.84e-01	1.60e-02
 2.50155e+18	1.62e-04	9.87e-01	1.31e-02
 2.60361e+18	1.75e-04	9.89e-01	1.07e-02
 2.70976e+18	1.88e-04	9.91e-01	8.67e-03
 2.82015e+18	2.03e-04	9.93e-01	6.98e-03
 2.93496e+18	2.18e-04	9.94e-01	5.59e-03
 3.05435e+18	2.36e-04	9.95e-01	4.44e-03
 3.17853e+18	2.54e-04	9.96e-01	3.51e-03
 3.30767e+18	2.74e-04	9.97e-01	2.76e-03
 3.44198e+18	2.96e-04	9.98e-01	2.15e-03
 3.58166e+18	3.20e-04	9.98e-01	1.67e-03
 3.72692e+18	3.46e-04	9.98e-01	1.29e-03
 3.87800e+18	3.74e-04	9.99e-01	9.87e-04
 4.03512e+18	4.05e-04	9.99e-01	7.50e-04
 4.19852e+18	4.38e-04	9.99e-01	5.67e-04
 4.36847e+18	4.74e-04	9.99e-01	4.26e-04
 4.54520e+18	5.14e-04	9.99e-01	3.17e-04
 4.72901e+18	5.57e-04	9.99e-01	2.35e-04
 4.92017e+18	6.04e-04	9.99e-01	1.72e-04
 5.11898e+18	6.55e-04	9.99e-01	1.26e-04
 5.32574e+18	7.10e-04	9.99e-01	9.12e-05
 5.54077e+18	7.71e-04	9.99e-01	6.56e-05
 5.76440e+18	8.36e-04	9.99e-01	4.69e-05
 5.99698e+18	9.08e-04	9.99e-01	3.33e-05
 6.23886e+18	9.85e-04	9.99e-01	2.35e-05
 6.49041e+18	1.07e-03	9.99e-01	1.64e-05
 6.75203e+18	1.16e-03	9.99e-01	1.14e-05
 7.02411e+18	1.26e-03	9.99e-01	7.90e-06
 7.30707e+18	1.37e-03	9.99e-01	5.43e-06
 7.60135e+18	1.48e-03	9.99e-01	3.71e-06
 7.90741e+18	1.61e-03	9.98e-01	2.53e-06
 8.22571e+18	1.75e-03	9.98e-01	1.71e-06
 8.55673e+18	1.89e-03	9.98e-01	1.16e-06
 8.90100e+18	2.05e-03	9.98e-01	7.80e-07
 9.25904e+18	2.23e-03	9.98e-01	5.26e-07
 9.63141e+18	2.42e-03	9.98e-01	3.55e-07
 1.00187e+19	2.62e-03	9.97e-01	2.41e-07
 1.04214e+19	2.84e-03	9.97e-01	1.65e-07
 1.08403e+19	3.08e-03	9.97e-01	1.15e-07
 1.12759e+19	3.35e-03	9.97e-01	8.17e-08
 1.17289e+19	3.63e-03	9.96e-01	6.00e-08
 1.22001e+19	3.95e-03	9.96e-01	4.57e-08
 1.26901e+19	4.29e-03	9.96e-01	3.64e-08
 1.31997e+19	4.67e-03	9.95e-01	3.03e-08
 1.37297e+19	5.08e-03	9.95e-01	2.64e-08
 1.42808e+19	5.54e-03	9.94e-01	2.39e-08
 1.48541e+19	6.05e-03	9.94e-01	2.23e-08
 1.54502e+19	6.62e-03	9.93e-01	2.12e-08
 1.60703e+19	7.26e-03	9.93e-01	2.06e-08
 1.67151e+19	7.99e-03	9.92e-01	2.03e-08
 1.73857e+19	8.83e-03	9.91e-01	2.01e-08
 1.80831e+19	9.79e-03	9.90e-01	2.00e-08
 1.88084e+19	1.09e-02	9.89e-01	2.00e-08
 1.95628e+19	1.23e-02	9.88e-01	2.00e-08
 2.03473e+19	1.39e-02	9.86e-01	2.01e-08
 2.11632e+19	1.59e-02	9.84e-01	2.02e-08
 2.19896e+19	1.85e-02	9.82e-01	2.04e-08
 2.27147e+19	2.12e-02	9.79e-01	2.06e-08
 2.33073e+19	2.39e-02	9.76e-01	2.07e-08
 2.38430e+19	2.69e-02	9.73e-01	2.09e-08
 2.44360e+19	3.10e-02	9.69e-01	2.11e-08
 2.50945e+19	3.70e-02	9.63e-01	2.13e-08
 2.56904e+19	4.43e-02	9.56e-01	2.15e-08
 2.62063e+19	5.28e-02	9.47e-01	2.18e-08
 2.66376e+19	6.24e-02	9.38e-01	2.21e-08
 2.69814e+19	7.26e-02	9.27e-01	2.23e-08
 2.72804e+19	8.40e-02	9.16e-01	2.26e-08
 2.75600e+19	9.79e-02	9.02e-01	2.27e-08
 2.78204e+19	1.15e-01	8.85e-01	2.29e-08
 2.80526e+19	1.35e-01	8.65e-01	2.31e-08
 2.82549e+19	1.57e-01	8.43e-01	2.32e-08
 2.84326e+19	1.83e-01	8.17e-01	2.34e-08
 2.85931e+19	2.12e-01	7.88e-01	2.35e-08
 2.87418e+19	2.47e-01	7.53e-01	2.34e-08
 2.88790e+19	2.88e-01	7.12e-01	2.33e-08
 2.90037e+19	3.35e-01	6.65e-01	2.27e-08
 2.91180e+19	3.86e-01	6.14e-01	2.23e-08
 2.92262e+19	4.46e-01	5.54e-01	2.11e-08
 2.93317e+19	5.12e-01	4.88e-01	2.01e-08
 2.94518e+19	5.97e-01	4.03e-01	1.76e-08
 2.95811e+19	6.92e-01	3.08e-01	1.49e-08
 2.97003e+19	7.76e-01	2.24e-01	1.15e-08
 2.98332e+19	8.53e-01	1.47e-01	8.06e-09
 3.00060e+19	9.20e-01	7.95e-02	4.67e-09
 3.02306e+19	9.65e-01	3.48e-02	2.14e-09
 3.05227e+19	9.87e-01	1.30e-02	8.29e-10
 3.09023e+19	9.95e-01	5.07e-03	3.34e-10
 3.12828e+19	9.97e-01	2.92e-03	2.01e-10
 3.15914e+19	9.98e-01	2.25e-03	1.63e-10
 3.18635e+19	9.98e-01	1.99e-03	1.52e-10
 3.21090e+19	9.98e-01	1.83e-03	1.50e-10
 3.23252e+19	9.98e-01	1.53e-03	1.35e-10
 3.25084e+19	9.99e-01	1.29e-03	1.24e-10
 3.26443e+19	9.99e-01	1.10e-03	1.14e-10
 3.27366e+19	9.99e-01	9.68e-04	1.12e-10
 3.28276e+19	9.99e-01	8.62e-04	1.09e-10
 3.29269e+19	9.99e-01	7.25e-04	1.04e-10
 3.29867e+19	9.99e-01	6.21e-04	9.77e-11
 3.30018e+19	9.99e-01	6.25e-04	1.01e-10
 3.30089e+19	9.99e-01	6.25e-04	1.03e-10
 3.30181e+19	9.99e-01	6.13e-04	1.02e-10
 3.30301e+19	9.99e-01	6.00e-04	1.01e-10
 3.30457e+19	9.99e-01	5.80e-04	1.01e-10
 3.30659e+19	9.99e-01	5.56e-04	9.99e-11
 3.30923e+19	9.99e-01	5.25e-04	9.95e-11
 3.31265e+19	1.00e+00	4.86e-04	1.01e-10
 3.31710e+19	1.00e+00	4.37e-04	1.02e-10
 3.32289e+19	1.00e+00	3.76e-04	1.06e-10
 3.32909e+19	1.00e+00	3.03e-04	1.08e-10
 3.33445e+19	1.00e+00	2.53e-04	1.15e-10
 3.33861e+19	1.00e+00	2.17e-04	1.22e-10
 3.34158e+19	1.00e+00	1.97e-04	1.31e-10
 3.34387e+19	1.00e+00	1.84e-04	1.41e-10
 3.34591e+19	1.00e+00	1.72e-04	1.51e-10
 3.34785e+19	1.00e+00	1.61e-04	1.62e-10
 3.34967e+19	1.00e+00	1.51e-04	1.74e-10
 3.35125e+19	1.00e+00	1.44e-04	1.87e-10
 3.35265e+19	1.00e+00	1.39e-04	2.00e-10
 3.35398e+19	1.00e+00	1.35e-04	2.17e-10
 3.35525e+19	1.00e+00	1.31e-04	2.33e-10
 3.35625e+19	1.00e+00	1.27e-04	2.45e-10
 3.35697e+19	1.00e+00	1.27e-04	2.60e-10
 3.35766e+19	1.00e+00	1.26e-04	2.75e-10
 3.35842e+19	1.00e+00	1.25e-04	2.90e-10
 3.35920e+19	1.00e+00	1.23e-04	3.08e-10
 3.35996e+19	1.00e+00	1.23e-04	3.28e-10
 3.36071e+19	1.00e+00	1.23e-04	3.50e-10
 3.36144e+19	1.00e+00	1.23e-04	3.74e-10
 3.36217e+19	1.00e+00	1.23e-04	4.00e-10
 3.36289e+19	1.00e+00	1.24e-04	4.29e-10
 3.36361e+19	1.00e+00	1.24e-04	4.62e-10
 3.36431e+19	1.00e+00	1.26e-04	4.97e-10
 3.36501e+19	1.00e+00	1.27e-04	5.36e-10
 3.36571e+19	1.00e+00	1.29e-04	5.80e-10
 3.36639e+19	1.00e+00	1.31e-04	6.28e-10
 3.36707e+19	1.00e+00	1.33e-04	6.82e-10
 3.36774e+19	1.00e+00	1.36e-04	7.40e-10
 3.36841e+19	1.00e+00	1.39e-04	8.07e-10
 3.36908e+19	1.00e+00	1.42e-04	8.80e-10
 3.36973e+19	1.00e+00	1.46e-04	9.57e-10
 3.37037e+19	1.00e+00	1.50e-04	1.04e-09
 3.37100e+19	1.00e+00	1.54e-04	1.14e-09
 3.37162e+19	1.00e+00	1.59e-04	1.24e-09
 3.37224e+19	1.00e+00	1.63e-04	1.35e-09
 3.37284e+19	1.00e+00	1.69e-04	1.47e-09
 3.37341e+19	1.00e+00	1.74e-04	1.60e-09
 3.37398e+19	1.00e+00	1.79e-04	1.74e-09
 3.37453e+19	1.00e+00	1.85e-04	1.89e-09
 3.37507e+19	1.00e+00	1.91e-04	2.05e-09
 3.37560e+19	1.00e+00	1.97e-04	2.21e-09
 3.37611e+19	1.00e+00	2.04e-04	2.39e-09
 3.37662e+19	1.00e+00	2.10e-04	2.57e-09
 3.37711e+19	1.00e+00	2.17e-04	2.77e-09
 3.37760e+19	1.00e+00	2.23e-04	2.98e-09
 3.37806e+19	1.00e+00	2.30e-04	3.19e-09
 3.37848e+19	1.00e+00	2.36e-04	3.39e-09
 3.37885e+19	1.00e+00	2.41e-04	3.57e-09
 3.37918e+19	1.00e+00	2.46e-04	3.73e-09
 3.37949e+19	1.00e+00	2.50e-04	3.89e-09
 3.37977e+19	1.00e+00	2.51e-04	3.99e-09
