#depth	O	O+	O+2	O+3	O+4	O+5	O+6	O+7	O+8	O[1]	O[2]	O[3]
 1.00007e+15	0.00e+00	4.08e-06	7.83e-02	9.20e-01	1.34e-03	0.00e+00	0.00e+00	0.00e+00	0.00e+00	0.00e+00	0.00e+00	0.00e+00
 3.04021e+15	0.00e+00	5.15e-06	8.50e-02	9.14e-01	1.17e-03	0.00e+00	0.00e+00	0.00e+00	0.00e+00	0.00e+00	0.00e+00	0.00e+00
 5.16196e+15	0.00e+00	6.41e-06	9.19e-02	9.07e-01	1.02e-03	0.00e+00	0.00e+00	0.00e+00	0.00e+00	0.00e+00	0.00e+00	0.00e+00
 6.78447e+15	0.00e+00	7.33e-06	9.71e-02	9.02e-01	9.39e-04	0.00e+00	0.00e+00	0.00e+00	0.00e+00	0.00e+00	0.00e+00	0.00e+00
 7.85887e+15	0.00e+00	7.93e-06	1.01e-01	8.99e-01	8.96e-04	0.00e+00	0.00e+00	0.00e+00	0.00e+00	0.00e+00	0.00e+00	0.00e+00
 9.08608e+15	0.00e+00	8.65e-06	1.05e-01	8.95e-01	8.50e-04	0.00e+00	0.00e+00	0.00e+00	0.00e+00	0.00e+00	0.00e+00	0.00e+00
 1.06814e+16	0.00e+00	9.64e-06	1.10e-01	8.89e-01	7.97e-04	0.00e+00	0.00e+00	0.00e+00	0.00e+00	0.00e+00	0.00e+00	0.00e+00
 1.27554e+16	0.00e+00	1.10e-05	1.17e-01	8.82e-01	7.35e-04	0.00e+00	0.00e+00	0.00e+00	0.00e+00	0.00e+00	0.00e+00	0.00e+00
 1.52063e+16	0.00e+00	1.28e-05	1.25e-01	8.74e-01	6.70e-04	0.00e+00	0.00e+00	0.00e+00	0.00e+00	0.00e+00	0.00e+00	0.00e+00
 1.78147e+16	0.00e+00	1.49e-05	1.34e-01	8.65e-01	6.10e-04	0.00e+00	0.00e+00	0.00e+00	0.00e+00	0.00e+00	0.00e+00	0.00e+00
 2.05274e+16	0.00e+00	1.74e-05	1.44e-01	8.55e-01	5.56e-04	0.00e+00	0.00e+00	0.00e+00	0.00e+00	0.00e+00	0.00e+00	0.00e+00
 2.33486e+16	0.00e+00	2.02e-05	1.54e-01	8.45e-01	5.05e-04	0.00e+00	0.00e+00	0.00e+00	0.00e+00	0.00e+00	0.00e+00	0.00e+00
 2.62827e+16	0.00e+00	2.35e-05	1.65e-01	8.34e-01	4.59e-04	0.00e+00	0.00e+00	0.00e+00	0.00e+00	0.00e+00	0.00e+00	0.00e+00
 2.93342e+16	0.00e+00	2.72e-05	1.77e-01	8.22e-01	4.17e-04	0.00e+00	0.00e+00	0.00e+00	0.00e+00	0.00e+00	0.00e+00	0.00e+00
 3.25077e+16	0.00e+00	3.15e-05	1.89e-01	8.10e-01	3.79e-04	0.00e+00	0.00e+00	0.00e+00	0.00e+00	0.00e+00	0.00e+00	0.00e+00
 3.58081e+16	0.00e+00	3.65e-05	2.03e-01	7.97e-01	3.43e-04	0.00e+00	0.00e+00	0.00e+00	0.00e+00	0.00e+00	0.00e+00	0.00e+00
 3.92406e+16	0.00e+00	4.22e-05	2.16e-01	7.83e-01	3.11e-04	0.00e+00	0.00e+00	0.00e+00	0.00e+00	0.00e+00	0.00e+00	0.00e+00
 4.28104e+16	0.00e+00	4.88e-05	2.31e-01	7.69e-01	2.81e-04	0.00e+00	0.00e+00	0.00e+00	0.00e+00	0.00e+00	0.00e+00	0.00e+00
 4.65229e+16	0.00e+00	5.62e-05	2.46e-01	7.53e-01	2.54e-04	0.00e+00	0.00e+00	0.00e+00	0.00e+00	0.00e+00	0.00e+00	0.00e+00
 5.03840e+16	0.00e+00	6.48e-05	2.63e-01	7.37e-01	2.29e-04	0.00e+00	0.00e+00	0.00e+00	0.00e+00	0.00e+00	0.00e+00	0.00e+00
 5.43995e+16	0.00e+00	7.44e-05	2.80e-01	7.20e-01	2.06e-04	0.00e+00	0.00e+00	0.00e+00	0.00e+00	0.00e+00	0.00e+00	0.00e+00
 5.85756e+16	0.00e+00	8.54e-05	2.97e-01	7.02e-01	1.86e-04	0.00e+00	0.00e+00	0.00e+00	0.00e+00	0.00e+00	0.00e+00	0.00e+00
 6.29187e+16	0.00e+00	9.78e-05	3.16e-01	6.84e-01	1.67e-04	0.00e+00	0.00e+00	0.00e+00	0.00e+00	0.00e+00	0.00e+00	0.00e+00
 6.74356e+16	0.00e+00	1.12e-04	3.36e-01	6.64e-01	1.49e-04	0.00e+00	0.00e+00	0.00e+00	0.00e+00	0.00e+00	0.00e+00	0.00e+00
 7.21332e+16	0.00e+00	1.28e-04	3.56e-01	6.44e-01	1.34e-04	0.00e+00	0.00e+00	0.00e+00	0.00e+00	0.00e+00	0.00e+00	0.00e+00
 7.70186e+16	0.00e+00	1.46e-04	3.77e-01	6.22e-01	1.19e-04	0.00e+00	0.00e+00	0.00e+00	0.00e+00	0.00e+00	0.00e+00	0.00e+00
 8.20995e+16	0.00e+00	1.66e-04	3.99e-01	6.00e-01	1.06e-04	0.00e+00	0.00e+00	0.00e+00	0.00e+00	0.00e+00	0.00e+00	0.00e+00
 8.73837e+16	0.00e+00	1.88e-04	4.22e-01	5.77e-01	9.39e-05	0.00e+00	0.00e+00	0.00e+00	0.00e+00	0.00e+00	0.00e+00	0.00e+00
 9.28791e+16	0.00e+00	2.13e-04	4.46e-01	5.54e-01	8.31e-05	0.00e+00	0.00e+00	0.00e+00	0.00e+00	0.00e+00	0.00e+00	0.00e+00
 9.85944e+16	0.00e+00	2.41e-04	4.70e-01	5.29e-01	7.32e-05	0.00e+00	0.00e+00	0.00e+00	0.00e+00	0.00e+00	0.00e+00	0.00e+00
 1.04538e+17	1.14e-10	2.72e-04	4.95e-01	5.04e-01	6.42e-05	0.00e+00	0.00e+00	0.00e+00	0.00e+00	6.96e-11	3.22e-11	1.20e-11
 1.10720e+17	1.38e-10	3.07e-04	5.21e-01	4.79e-01	5.60e-05	0.00e+00	0.00e+00	0.00e+00	0.00e+00	1.10e-10	1.72e-11	1.06e-11
 1.17149e+17	1.67e-10	3.45e-04	5.47e-01	4.52e-01	4.87e-05	0.00e+00	0.00e+00	0.00e+00	0.00e+00	1.34e-10	1.98e-11	1.26e-11
 1.23835e+17	2.00e-10	3.87e-04	5.74e-01	4.26e-01	4.21e-05	0.00e+00	0.00e+00	0.00e+00	0.00e+00	1.63e-10	2.28e-11	1.48e-11
 1.30789e+17	2.41e-10	4.34e-04	6.01e-01	3.99e-01	3.62e-05	0.00e+00	0.00e+00	0.00e+00	0.00e+00	1.98e-10	2.61e-11	1.73e-11
 1.38020e+17	2.89e-10	4.86e-04	6.28e-01	3.71e-01	3.09e-05	0.00e+00	0.00e+00	0.00e+00	0.00e+00	2.39e-10	2.98e-11	2.03e-11
 1.45541e+17	3.47e-10	5.43e-04	6.56e-01	3.44e-01	2.62e-05	0.00e+00	0.00e+00	0.00e+00	0.00e+00	2.89e-10	3.40e-11	2.37e-11
 1.53363e+17	4.15e-10	6.05e-04	6.83e-01	3.17e-01	2.20e-05	0.00e+00	0.00e+00	0.00e+00	0.00e+00	3.48e-10	3.87e-11	2.76e-11
 1.61498e+17	4.95e-10	6.73e-04	7.10e-01	2.90e-01	1.83e-05	0.00e+00	0.00e+00	0.00e+00	0.00e+00	4.19e-10	4.38e-11	3.20e-11
 1.69958e+17	5.90e-10	7.47e-04	7.36e-01	2.63e-01	1.51e-05	0.00e+00	0.00e+00	0.00e+00	0.00e+00	5.03e-10	4.95e-11	3.69e-11
 1.78756e+17	7.01e-10	8.28e-04	7.62e-01	2.37e-01	1.24e-05	0.00e+00	0.00e+00	0.00e+00	0.00e+00	6.03e-10	5.59e-11	4.26e-11
 1.87907e+17	8.33e-10	9.16e-04	7.87e-01	2.12e-01	9.98e-06	0.00e+00	0.00e+00	0.00e+00	0.00e+00	7.21e-10	6.29e-11	4.90e-11
 1.97423e+17	9.89e-10	1.01e-03	8.12e-01	1.87e-01	7.96e-06	0.00e+00	0.00e+00	0.00e+00	0.00e+00	8.62e-10	7.07e-11	5.63e-11
 2.07320e+17	1.17e-09	1.12e-03	8.34e-01	1.64e-01	6.27e-06	0.00e+00	0.00e+00	0.00e+00	0.00e+00	1.03e-09	7.94e-11	6.44e-11
 2.17613e+17	1.39e-09	1.23e-03	8.56e-01	1.43e-01	4.87e-06	0.00e+00	0.00e+00	0.00e+00	0.00e+00	1.22e-09	8.89e-11	7.36e-11
 2.28318e+17	1.64e-09	1.35e-03	8.76e-01	1.23e-01	3.73e-06	0.00e+00	0.00e+00	0.00e+00	0.00e+00	1.46e-09	9.94e-11	8.39e-11
 2.39450e+17	1.93e-09	1.48e-03	8.94e-01	1.04e-01	2.81e-06	0.00e+00	0.00e+00	0.00e+00	0.00e+00	1.73e-09	1.11e-10	9.54e-11
 2.51029e+17	2.28e-09	1.62e-03	9.11e-01	8.73e-02	2.09e-06	0.00e+00	0.00e+00	0.00e+00	0.00e+00	2.05e-09	1.24e-10	1.08e-10
 2.63070e+17	2.69e-09	1.78e-03	9.26e-01	7.24e-02	1.52e-06	0.00e+00	0.00e+00	0.00e+00	0.00e+00	2.43e-09	1.38e-10	1.23e-10
 2.75593e+17	3.17e-09	1.94e-03	9.39e-01	5.94e-02	1.09e-06	0.00e+00	0.00e+00	0.00e+00	0.00e+00	2.87e-09	1.54e-10	1.39e-10
 2.88617e+17	3.72e-09	2.11e-03	9.50e-01	4.81e-02	7.73e-07	0.00e+00	0.00e+00	0.00e+00	0.00e+00	3.40e-09	1.71e-10	1.57e-10
 3.02161e+17	4.38e-09	2.30e-03	9.59e-01	3.85e-02	5.38e-07	0.00e+00	0.00e+00	0.00e+00	0.00e+00	4.01e-09	1.90e-10	1.77e-10
 3.16248e+17	5.14e-09	2.51e-03	9.67e-01	3.05e-02	3.68e-07	0.00e+00	0.00e+00	0.00e+00	0.00e+00	4.73e-09	2.12e-10	2.00e-10
 3.30898e+17	6.04e-09	2.72e-03	9.73e-01	2.39e-02	2.48e-07	0.00e+00	0.00e+00	0.00e+00	0.00e+00	5.58e-09	2.35e-10	2.25e-10
 3.46134e+17	7.09e-09	2.96e-03	9.79e-01	1.85e-02	1.65e-07	0.00e+00	0.00e+00	0.00e+00	0.00e+00	6.58e-09	2.62e-10	2.54e-10
 3.61980e+17	8.33e-09	3.21e-03	9.83e-01	1.42e-02	0.00e+00	0.00e+00	0.00e+00	0.00e+00	0.00e+00	7.75e-09	2.91e-10	2.85e-10
 3.78459e+17	9.77e-09	3.48e-03	9.86e-01	1.08e-02	0.00e+00	0.00e+00	0.00e+00	0.00e+00	0.00e+00	9.12e-09	3.24e-10	3.21e-10
 3.95598e+17	1.15e-08	3.77e-03	9.88e-01	8.10e-03	0.00e+00	0.00e+00	0.00e+00	0.00e+00	0.00e+00	1.07e-08	3.60e-10	3.61e-10
 4.13422e+17	1.34e-08	4.09e-03	9.90e-01	6.03e-03	0.00e+00	0.00e+00	0.00e+00	0.00e+00	0.00e+00	1.26e-08	4.01e-10	4.06e-10
 4.31959e+17	1.57e-08	4.43e-03	9.91e-01	4.46e-03	0.00e+00	0.00e+00	0.00e+00	0.00e+00	0.00e+00	1.48e-08	4.47e-10	4.57e-10
 4.51237e+17	1.85e-08	4.79e-03	9.92e-01	3.26e-03	0.00e+00	0.00e+00	0.00e+00	0.00e+00	0.00e+00	1.74e-08	4.98e-10	5.14e-10
 4.71287e+17	2.16e-08	5.19e-03	9.92e-01	2.37e-03	0.00e+00	0.00e+00	0.00e+00	0.00e+00	0.00e+00	2.05e-08	5.56e-10	5.79e-10
 4.92138e+17	2.53e-08	5.61e-03	9.93e-01	1.71e-03	0.00e+00	0.00e+00	0.00e+00	0.00e+00	0.00e+00	2.41e-08	6.21e-10	6.51e-10
 5.13824e+17	2.97e-08	6.06e-03	9.93e-01	1.22e-03	0.00e+00	0.00e+00	0.00e+00	0.00e+00	0.00e+00	2.83e-08	6.94e-10	7.32e-10
 5.36377e+17	3.48e-08	6.56e-03	9.93e-01	8.63e-04	0.00e+00	0.00e+00	0.00e+00	0.00e+00	0.00e+00	3.32e-08	7.76e-10	8.25e-10
 5.59832e+17	4.08e-08	7.09e-03	9.92e-01	6.06e-04	0.00e+00	0.00e+00	0.00e+00	0.00e+00	0.00e+00	3.90e-08	8.69e-10	9.30e-10
 5.84226e+17	4.78e-08	7.66e-03	9.92e-01	4.23e-04	0.00e+00	0.00e+00	0.00e+00	0.00e+00	0.00e+00	4.57e-08	9.74e-10	1.05e-09
 6.09595e+17	5.60e-08	8.28e-03	9.91e-01	2.92e-04	0.00e+00	0.00e+00	0.00e+00	0.00e+00	0.00e+00	5.37e-08	1.09e-09	1.18e-09
 6.35979e+17	6.56e-08	8.95e-03	9.91e-01	2.01e-04	0.00e+00	0.00e+00	0.00e+00	0.00e+00	0.00e+00	6.31e-08	1.23e-09	1.33e-09
 6.63418e+17	7.69e-08	9.67e-03	9.90e-01	1.37e-04	0.00e+00	0.00e+00	0.00e+00	0.00e+00	0.00e+00	7.40e-08	1.38e-09	1.50e-09
 6.91955e+17	9.02e-08	1.04e-02	9.89e-01	9.25e-05	0.00e+00	0.00e+00	0.00e+00	0.00e+00	0.00e+00	8.69e-08	1.55e-09	1.70e-09
 7.21633e+17	1.06e-07	1.13e-02	9.89e-01	6.21e-05	0.00e+00	0.00e+00	0.00e+00	0.00e+00	0.00e+00	1.02e-07	1.74e-09	1.92e-09
 7.52499e+17	1.24e-07	1.22e-02	9.88e-01	4.15e-05	0.00e+00	0.00e+00	0.00e+00	0.00e+00	0.00e+00	1.20e-07	1.96e-09	2.17e-09
 7.84599e+17	1.45e-07	1.32e-02	9.87e-01	2.75e-05	0.00e+00	0.00e+00	0.00e+00	0.00e+00	0.00e+00	1.41e-07	2.21e-09	2.45e-09
 8.17983e+17	1.71e-07	1.42e-02	9.86e-01	1.81e-05	0.00e+00	0.00e+00	0.00e+00	0.00e+00	0.00e+00	1.65e-07	2.50e-09	2.77e-09
 8.52702e+17	2.00e-07	1.54e-02	9.85e-01	1.19e-05	0.00e+00	0.00e+00	0.00e+00	0.00e+00	0.00e+00	1.94e-07	2.82e-09	3.13e-09
 8.88811e+17	2.35e-07	1.66e-02	9.83e-01	7.76e-06	0.00e+00	0.00e+00	0.00e+00	0.00e+00	0.00e+00	2.28e-07	3.18e-09	3.55e-09
 9.26363e+17	2.76e-07	1.80e-02	9.82e-01	5.04e-06	0.00e+00	0.00e+00	0.00e+00	0.00e+00	0.00e+00	2.69e-07	3.60e-09	4.02e-09
 9.65418e+17	3.24e-07	1.94e-02	9.81e-01	3.26e-06	0.00e+00	0.00e+00	0.00e+00	0.00e+00	0.00e+00	3.16e-07	4.08e-09	4.55e-09
 1.00603e+18	3.82e-07	2.10e-02	9.79e-01	2.11e-06	0.00e+00	0.00e+00	0.00e+00	0.00e+00	0.00e+00	3.72e-07	4.62e-09	5.17e-09
 1.04828e+18	4.49e-07	2.26e-02	9.77e-01	1.36e-06	0.00e+00	0.00e+00	0.00e+00	0.00e+00	0.00e+00	4.37e-07	5.25e-09	5.87e-09
 1.09221e+18	5.28e-07	2.45e-02	9.76e-01	8.74e-07	0.00e+00	0.00e+00	0.00e+00	0.00e+00	0.00e+00	5.15e-07	5.96e-09	6.68e-09
 1.13790e+18	6.21e-07	2.64e-02	9.74e-01	5.62e-07	0.00e+00	0.00e+00	0.00e+00	0.00e+00	0.00e+00	6.07e-07	6.79e-09	7.60e-09
 1.18541e+18	7.32e-07	2.85e-02	9.71e-01	3.63e-07	0.00e+00	0.00e+00	0.00e+00	0.00e+00	0.00e+00	7.15e-07	7.74e-09	8.67e-09
 1.23483e+18	8.61e-07	3.08e-02	9.69e-01	2.35e-07	0.00e+00	0.00e+00	0.00e+00	0.00e+00	0.00e+00	8.42e-07	8.83e-09	9.89e-09
 1.28622e+18	1.02e-06	3.33e-02	9.67e-01	1.53e-07	0.00e+00	0.00e+00	0.00e+00	0.00e+00	0.00e+00	9.94e-07	1.01e-08	1.13e-08
 1.33967e+18	1.20e-06	3.60e-02	9.64e-01	0.00e+00	0.00e+00	0.00e+00	0.00e+00	0.00e+00	0.00e+00	1.17e-06	1.16e-08	1.29e-08
 1.39526e+18	1.41e-06	3.89e-02	9.61e-01	0.00e+00	0.00e+00	0.00e+00	0.00e+00	0.00e+00	0.00e+00	1.38e-06	1.33e-08	1.48e-08
 1.45307e+18	1.67e-06	4.20e-02	9.58e-01	0.00e+00	0.00e+00	0.00e+00	0.00e+00	0.00e+00	0.00e+00	1.64e-06	1.52e-08	1.70e-08
 1.51319e+18	1.97e-06	4.54e-02	9.55e-01	0.00e+00	0.00e+00	0.00e+00	0.00e+00	0.00e+00	0.00e+00	1.93e-06	1.75e-08	1.96e-08
 1.57572e+18	2.33e-06	4.91e-02	9.51e-01	0.00e+00	0.00e+00	0.00e+00	0.00e+00	0.00e+00	0.00e+00	2.29e-06	2.02e-08	2.26e-08
 1.64075e+18	2.75e-06	5.30e-02	9.47e-01	0.00e+00	0.00e+00	0.00e+00	0.00e+00	0.00e+00	0.00e+00	2.70e-06	2.33e-08	2.61e-08
 1.70838e+18	3.26e-06	5.73e-02	9.43e-01	0.00e+00	0.00e+00	0.00e+00	0.00e+00	0.00e+00	0.00e+00	3.20e-06	2.70e-08	3.01e-08
 1.77871e+18	3.86e-06	6.19e-02	9.38e-01	0.00e+00	0.00e+00	0.00e+00	0.00e+00	0.00e+00	0.00e+00	3.79e-06	3.13e-08	3.49e-08
 1.85186e+18	4.58e-06	6.70e-02	9.33e-01	0.00e+00	0.00e+00	0.00e+00	0.00e+00	0.00e+00	0.00e+00	4.50e-06	3.63e-08	4.05e-08
 1.92794e+18	5.42e-06	7.24e-02	9.28e-01	0.00e+00	0.00e+00	0.00e+00	0.00e+00	0.00e+00	0.00e+00	5.33e-06	4.22e-08	4.71e-08
 2.00705e+18	6.44e-06	7.83e-02	9.22e-01	0.00e+00	0.00e+00	0.00e+00	0.00e+00	0.00e+00	0.00e+00	6.34e-06	4.92e-08	5.48e-08
 2.08934e+18	7.64e-06	8.46e-02	9.15e-01	0.00e+00	0.00e+00	0.00e+00	0.00e+00	0.00e+00	0.00e+00	7.52e-06	5.73e-08	6.39e-08
 2.17491e+18	9.09e-06	9.15e-02	9.08e-01	0.00e+00	0.00e+00	0.00e+00	0.00e+00	0.00e+00	0.00e+00	8.95e-06	6.70e-08	7.47e-08
 2.26391e+18	1.08e-05	9.89e-02	9.01e-01	0.00e+00	0.00e+00	0.00e+00	0.00e+00	0.00e+00	0.00e+00	1.06e-05	7.85e-08	8.74e-08
 2.35646e+18	1.29e-05	1.07e-01	8.93e-01	0.00e+00	0.00e+00	0.00e+00	0.00e+00	0.00e+00	0.00e+00	1.27e-05	9.20e-08	1.02e-07
 2.45272e+18	1.53e-05	1.16e-01	8.84e-01	0.00e+00	0.00e+00	0.00e+00	0.00e+00	0.00e+00	0.00e+00	1.51e-05	1.08e-07	1.20e-07
 2.55283e+18	1.83e-05	1.25e-01	8.75e-01	0.00e+00	0.00e+00	0.00e+00	0.00e+00	0.00e+00	0.00e+00	1.80e-05	1.27e-07	1.42e-07
 2.65694e+18	2.18e-05	1.35e-01	8.65e-01	0.00e+00	0.00e+00	0.00e+00	0.00e+00	0.00e+00	0.00e+00	2.15e-05	1.50e-07	1.67e-07
 2.76522e+18	2.61e-05	1.47e-01	8.53e-01	0.00e+00	0.00e+00	0.00e+00	0.00e+00	0.00e+00	0.00e+00	2.57e-05	1.78e-07	1.97e-07
 2.87783e+18	3.13e-05	1.59e-01	8.41e-01	0.00e+00	0.00e+00	0.00e+00	0.00e+00	0.00e+00	0.00e+00	3.09e-05	2.10e-07	2.34e-07
 2.99494e+18	3.76e-05	1.72e-01	8.28e-01	0.00e+00	0.00e+00	0.00e+00	0.00e+00	0.00e+00	0.00e+00	3.70e-05	2.50e-07	2.78e-07
 3.11674e+18	4.51e-05	1.86e-01	8.14e-01	0.00e+00	0.00e+00	0.00e+00	0.00e+00	0.00e+00	0.00e+00	4.45e-05	2.98e-07	3.31e-07
 3.24341e+18	5.44e-05	2.02e-01	7.98e-01	0.00e+00	0.00e+00	0.00e+00	0.00e+00	0.00e+00	0.00e+00	5.36e-05	3.55e-07	3.95e-07
 3.37515e+18	6.56e-05	2.19e-01	7.81e-01	0.00e+00	0.00e+00	0.00e+00	0.00e+00	0.00e+00	0.00e+00	6.47e-05	4.25e-07	4.72e-07
 3.51215e+18	7.94e-05	2.38e-01	7.62e-01	0.00e+00	0.00e+00	0.00e+00	0.00e+00	0.00e+00	0.00e+00	7.84e-05	5.11e-07	5.67e-07
 3.65171e+18	9.60e-05	2.58e-01	7.42e-01	0.00e+00	0.00e+00	0.00e+00	0.00e+00	0.00e+00	0.00e+00	9.47e-05	6.13e-07	6.81e-07
 3.79685e+18	1.16e-04	2.80e-01	7.20e-01	0.00e+00	0.00e+00	0.00e+00	0.00e+00	0.00e+00	0.00e+00	1.15e-04	7.39e-07	8.21e-07
 3.94697e+18	1.41e-04	3.05e-01	6.95e-01	0.00e+00	0.00e+00	0.00e+00	0.00e+00	0.00e+00	0.00e+00	1.40e-04	8.94e-07	9.93e-07
 4.09278e+18	1.70e-04	3.29e-01	6.71e-01	0.00e+00	0.00e+00	0.00e+00	0.00e+00	0.00e+00	0.00e+00	1.68e-04	1.07e-06	1.19e-06
 4.24818e+18	2.07e-04	3.57e-01	6.43e-01	0.00e+00	0.00e+00	0.00e+00	0.00e+00	0.00e+00	0.00e+00	2.05e-04	1.30e-06	1.45e-06
 4.41163e+18	2.54e-04	3.89e-01	6.11e-01	0.00e+00	0.00e+00	0.00e+00	0.00e+00	0.00e+00	0.00e+00	2.51e-04	1.59e-06	1.77e-06
 4.56221e+18	3.07e-04	4.20e-01	5.80e-01	0.00e+00	0.00e+00	0.00e+00	0.00e+00	0.00e+00	0.00e+00	3.03e-04	1.92e-06	2.14e-06
 4.70405e+18	3.67e-04	4.51e-01	5.49e-01	0.00e+00	0.00e+00	0.00e+00	0.00e+00	0.00e+00	0.00e+00	3.62e-04	2.29e-06	2.56e-06
 4.86605e+18	4.51e-04	4.88e-01	5.11e-01	0.00e+00	0.00e+00	0.00e+00	0.00e+00	0.00e+00	0.00e+00	4.45e-04	2.81e-06	3.15e-06
 5.03871e+18	5.62e-04	5.32e-01	4.68e-01	0.00e+00	0.00e+00	0.00e+00	0.00e+00	0.00e+00	0.00e+00	5.54e-04	3.50e-06	3.94e-06
 5.18703e+18	6.82e-04	5.72e-01	4.27e-01	0.00e+00	0.00e+00	0.00e+00	0.00e+00	0.00e+00	0.00e+00	6.73e-04	4.25e-06	4.80e-06
 5.31709e+18	8.12e-04	6.10e-01	3.89e-01	0.00e+00	0.00e+00	0.00e+00	0.00e+00	0.00e+00	0.00e+00	8.01e-04	5.08e-06	5.74e-06
 5.43710e+18	9.59e-04	6.47e-01	3.52e-01	0.00e+00	0.00e+00	0.00e+00	0.00e+00	0.00e+00	0.00e+00	9.46e-04	6.00e-06	6.81e-06
 5.54510e+18	1.12e-03	6.83e-01	3.16e-01	0.00e+00	0.00e+00	0.00e+00	0.00e+00	0.00e+00	0.00e+00	1.10e-03	7.01e-06	7.98e-06
 5.64086e+18	1.29e-03	7.16e-01	2.83e-01	0.00e+00	0.00e+00	0.00e+00	0.00e+00	0.00e+00	0.00e+00	1.27e-03	8.08e-06	9.22e-06
 5.72528e+18	1.46e-03	7.46e-01	2.52e-01	0.00e+00	0.00e+00	0.00e+00	0.00e+00	0.00e+00	0.00e+00	1.44e-03	9.20e-06	1.05e-05
 5.79983e+18	1.64e-03	7.74e-01	2.24e-01	0.00e+00	0.00e+00	0.00e+00	0.00e+00	0.00e+00	0.00e+00	1.62e-03	1.04e-05	1.19e-05
 5.86627e+18	1.82e-03	8.00e-01	1.98e-01	0.00e+00	0.00e+00	0.00e+00	0.00e+00	0.00e+00	0.00e+00	1.80e-03	1.15e-05	1.33e-05
 5.92513e+18	2.02e-03	8.23e-01	1.75e-01	0.00e+00	0.00e+00	0.00e+00	0.00e+00	0.00e+00	0.00e+00	1.99e-03	1.27e-05	1.47e-05
 5.97663e+18	2.20e-03	8.44e-01	1.54e-01	0.00e+00	0.00e+00	0.00e+00	0.00e+00	0.00e+00	0.00e+00	2.17e-03	1.39e-05	1.60e-05
 6.02173e+18	2.38e-03	8.63e-01	1.35e-01	0.00e+00	0.00e+00	0.00e+00	0.00e+00	0.00e+00	0.00e+00	2.35e-03	1.51e-05	1.74e-05
 6.06175e+18	2.56e-03	8.80e-01	1.18e-01	0.00e+00	0.00e+00	0.00e+00	0.00e+00	0.00e+00	0.00e+00	2.52e-03	1.62e-05	1.87e-05
 6.09731e+18	2.73e-03	8.95e-01	1.02e-01	0.00e+00	0.00e+00	0.00e+00	0.00e+00	0.00e+00	0.00e+00	2.70e-03	1.73e-05	2.00e-05
 6.12851e+18	2.89e-03	9.09e-01	8.83e-02	0.00e+00	0.00e+00	0.00e+00	0.00e+00	0.00e+00	0.00e+00	2.85e-03	1.84e-05	2.11e-05
 6.15588e+18	3.05e-03	9.21e-01	7.62e-02	0.00e+00	0.00e+00	0.00e+00	0.00e+00	0.00e+00	0.00e+00	3.01e-03	1.94e-05	2.23e-05
 6.18013e+18	3.20e-03	9.31e-01	6.53e-02	0.00e+00	0.00e+00	0.00e+00	0.00e+00	0.00e+00	0.00e+00	3.15e-03	2.03e-05	2.34e-05
 6.20177e+18	3.34e-03	9.41e-01	5.56e-02	0.00e+00	0.00e+00	0.00e+00	0.00e+00	0.00e+00	0.00e+00	3.30e-03	2.12e-05	2.44e-05
 6.22106e+18	3.46e-03	9.49e-01	4.71e-02	0.00e+00	0.00e+00	0.00e+00	0.00e+00	0.00e+00	0.00e+00	3.42e-03	2.20e-05	2.53e-05
 6.23835e+18	3.59e-03	9.57e-01	3.96e-02	0.00e+00	0.00e+00	0.00e+00	0.00e+00	0.00e+00	0.00e+00	3.54e-03	2.28e-05	2.63e-05
 6.25399e+18	3.70e-03	9.63e-01	3.29e-02	0.00e+00	0.00e+00	0.00e+00	0.00e+00	0.00e+00	0.00e+00	3.65e-03	2.35e-05	2.71e-05
 6.26826e+18	3.81e-03	9.69e-01	2.71e-02	0.00e+00	0.00e+00	0.00e+00	0.00e+00	0.00e+00	0.00e+00	3.76e-03	2.42e-05	2.79e-05
 6.28134e+18	3.91e-03	9.74e-01	2.21e-02	0.00e+00	0.00e+00	0.00e+00	0.00e+00	0.00e+00	0.00e+00	3.86e-03	2.48e-05	2.86e-05
 6.29340e+18	4.00e-03	9.78e-01	1.78e-02	0.00e+00	0.00e+00	0.00e+00	0.00e+00	0.00e+00	0.00e+00	3.95e-03	2.54e-05	2.92e-05
 6.30482e+18	4.09e-03	9.82e-01	1.41e-02	0.00e+00	0.00e+00	0.00e+00	0.00e+00	0.00e+00	0.00e+00	4.04e-03	2.60e-05	2.99e-05
 6.31592e+18	4.18e-03	9.85e-01	1.09e-02	0.00e+00	0.00e+00	0.00e+00	0.00e+00	0.00e+00	0.00e+00	4.12e-03	2.65e-05	3.05e-05
 6.32857e+18	4.28e-03	9.88e-01	7.96e-03	0.00e+00	0.00e+00	0.00e+00	0.00e+00	0.00e+00	0.00e+00	4.22e-03	2.72e-05	3.12e-05
 6.34230e+18	4.38e-03	9.90e-01	5.44e-03	0.00e+00	0.00e+00	0.00e+00	0.00e+00	0.00e+00	0.00e+00	4.32e-03	2.78e-05	3.20e-05
 6.35512e+18	4.48e-03	9.92e-01	3.71e-03	0.00e+00	0.00e+00	0.00e+00	0.00e+00	0.00e+00	0.00e+00	4.41e-03	2.84e-05	3.26e-05
 6.36947e+18	4.59e-03	9.93e-01	2.40e-03	0.00e+00	0.00e+00	0.00e+00	0.00e+00	0.00e+00	0.00e+00	4.52e-03	2.90e-05	3.34e-05
 6.38811e+18	4.74e-03	9.94e-01	1.36e-03	0.00e+00	0.00e+00	0.00e+00	0.00e+00	0.00e+00	0.00e+00	4.67e-03	3.00e-05	3.45e-05
 6.41235e+18	4.95e-03	9.94e-01	6.49e-04	0.00e+00	0.00e+00	0.00e+00	0.00e+00	0.00e+00	0.00e+00	4.88e-03	3.13e-05	3.60e-05
 6.44387e+18	5.25e-03	9.94e-01	2.55e-04	0.00e+00	0.00e+00	0.00e+00	0.00e+00	0.00e+00	0.00e+00	5.17e-03	3.32e-05	3.82e-05
 6.48483e+18	5.68e-03	9.94e-01	7.92e-05	0.00e+00	0.00e+00	0.00e+00	0.00e+00	0.00e+00	0.00e+00	5.60e-03	3.60e-05	4.14e-05
 6.53809e+18	6.35e-03	9.94e-01	1.89e-05	0.00e+00	0.00e+00	0.00e+00	0.00e+00	0.00e+00	0.00e+00	6.26e-03	4.03e-05	4.63e-05
 6.60732e+18	7.42e-03	9.93e-01	3.31e-06	0.00e+00	0.00e+00	0.00e+00	0.00e+00	0.00e+00	0.00e+00	7.32e-03	4.72e-05	5.42e-05
 6.68261e+18	8.98e-03	9.91e-01	5.30e-07	0.00e+00	0.00e+00	0.00e+00	0.00e+00	0.00e+00	0.00e+00	8.86e-03	5.73e-05	6.57e-05
 6.74623e+18	1.08e-02	9.89e-01	1.22e-07	0.00e+00	0.00e+00	0.00e+00	0.00e+00	0.00e+00	0.00e+00	1.07e-02	6.93e-05	7.95e-05
 6.79592e+18	1.28e-02	9.87e-01	4.09e-08	0.00e+00	0.00e+00	0.00e+00	0.00e+00	0.00e+00	0.00e+00	1.26e-02	8.22e-05	9.41e-05
 6.83964e+18	1.51e-02	9.85e-01	1.60e-08	0.00e+00	0.00e+00	0.00e+00	0.00e+00	0.00e+00	0.00e+00	1.49e-02	9.71e-05	1.11e-04
 6.87961e+18	1.79e-02	9.82e-01	6.96e-09	0.00e+00	0.00e+00	0.00e+00	0.00e+00	0.00e+00	0.00e+00	1.76e-02	1.15e-04	1.32e-04
 6.91351e+18	2.10e-02	9.79e-01	3.56e-09	0.00e+00	0.00e+00	0.00e+00	0.00e+00	0.00e+00	0.00e+00	2.07e-02	1.36e-04	1.55e-04
 6.94231e+18	2.46e-02	9.75e-01	2.09e-09	0.00e+00	0.00e+00	0.00e+00	0.00e+00	0.00e+00	0.00e+00	2.42e-02	1.59e-04	1.81e-04
 6.96783e+18	2.87e-02	9.71e-01	1.36e-09	0.00e+00	0.00e+00	0.00e+00	0.00e+00	0.00e+00	0.00e+00	2.83e-02	1.85e-04	2.11e-04
 6.99110e+18	3.35e-02	9.66e-01	9.55e-10	0.00e+00	0.00e+00	0.00e+00	0.00e+00	0.00e+00	0.00e+00	3.30e-02	2.16e-04	2.47e-04
 7.01222e+18	3.93e-02	9.61e-01	7.22e-10	0.00e+00	0.00e+00	0.00e+00	0.00e+00	0.00e+00	0.00e+00	3.87e-02	2.53e-04	2.89e-04
 7.03098e+18	4.60e-02	9.54e-01	5.82e-10	0.00e+00	0.00e+00	0.00e+00	0.00e+00	0.00e+00	0.00e+00	4.54e-02	2.96e-04	3.37e-04
 7.04746e+18	5.38e-02	9.46e-01	4.91e-10	0.00e+00	0.00e+00	0.00e+00	0.00e+00	0.00e+00	0.00e+00	5.31e-02	3.45e-04	3.93e-04
 7.06203e+18	6.27e-02	9.37e-01	4.33e-10	0.00e+00	0.00e+00	0.00e+00	0.00e+00	0.00e+00	0.00e+00	6.18e-02	4.00e-04	4.55e-04
 7.07516e+18	7.30e-02	9.27e-01	3.91e-10	0.00e+00	0.00e+00	0.00e+00	0.00e+00	0.00e+00	0.00e+00	7.20e-02	4.63e-04	5.27e-04
 7.08708e+18	8.53e-02	9.15e-01	3.56e-10	0.00e+00	0.00e+00	0.00e+00	0.00e+00	0.00e+00	0.00e+00	8.42e-02	5.37e-04	6.11e-04
 7.09776e+18	9.97e-02	9.00e-01	3.28e-10	0.00e+00	0.00e+00	0.00e+00	0.00e+00	0.00e+00	0.00e+00	9.83e-02	6.20e-04	7.06e-04
 7.10721e+18	1.16e-01	8.84e-01	3.06e-10	0.00e+00	0.00e+00	0.00e+00	0.00e+00	0.00e+00	0.00e+00	1.15e-01	7.13e-04	8.12e-04
 7.11563e+18	1.35e-01	8.65e-01	2.89e-10	0.00e+00	0.00e+00	0.00e+00	0.00e+00	0.00e+00	0.00e+00	1.33e-01	8.16e-04	9.29e-04
 7.12326e+18	1.57e-01	8.43e-01	2.73e-10	0.00e+00	0.00e+00	0.00e+00	0.00e+00	0.00e+00	0.00e+00	1.55e-01	9.30e-04	1.06e-03
 7.13020e+18	1.81e-01	8.19e-01	2.64e-10	0.00e+00	0.00e+00	0.00e+00	0.00e+00	0.00e+00	0.00e+00	1.79e-01	1.05e-03	1.20e-03
 7.13655e+18	2.10e-01	7.90e-01	2.54e-10	0.00e+00	0.00e+00	0.00e+00	0.00e+00	0.00e+00	0.00e+00	2.07e-01	1.19e-03	1.35e-03
 7.14242e+18	2.42e-01	7.58e-01	2.47e-10	0.00e+00	0.00e+00	0.00e+00	0.00e+00	0.00e+00	0.00e+00	2.40e-01	1.33e-03	1.52e-03
 7.14783e+18	2.79e-01	7.21e-01	2.41e-10	0.00e+00	0.00e+00	0.00e+00	0.00e+00	0.00e+00	0.00e+00	2.76e-01	1.48e-03	1.69e-03
 7.15283e+18	3.20e-01	6.80e-01	2.36e-10	0.00e+00	0.00e+00	0.00e+00	0.00e+00	0.00e+00	0.00e+00	3.17e-01	1.62e-03	1.85e-03
 7.15711e+18	3.62e-01	6.38e-01	2.32e-10	0.00e+00	0.00e+00	0.00e+00	0.00e+00	0.00e+00	0.00e+00	3.58e-01	1.74e-03	1.99e-03
 7.16035e+18	3.97e-01	6.03e-01	2.29e-10	0.00e+00	0.00e+00	0.00e+00	0.00e+00	0.00e+00	0.00e+00	3.93e-01	1.83e-03	2.10e-03
 7.16280e+18	4.26e-01	5.74e-01	2.26e-10	0.00e+00	0.00e+00	0.00e+00	0.00e+00	0.00e+00	0.00e+00	4.21e-01	1.89e-03	2.17e-03
 7.16489e+18	4.52e-01	5.48e-01	2.24e-10	0.00e+00	0.00e+00	0.00e+00	0.00e+00	0.00e+00	0.00e+00	4.48e-01	1.94e-03	2.22e-03
 7.16686e+18	4.78e-01	5.22e-01	2.21e-10	0.00e+00	0.00e+00	0.00e+00	0.00e+00	0.00e+00	0.00e+00	4.74e-01	1.98e-03	2.27e-03
 7.16872e+18	5.04e-01	4.96e-01	2.19e-10	0.00e+00	0.00e+00	0.00e+00	0.00e+00	0.00e+00	0.00e+00	4.99e-01	2.01e-03	2.30e-03
 7.17042e+18	5.28e-01	4.72e-01	2.17e-10	0.00e+00	0.00e+00	0.00e+00	0.00e+00	0.00e+00	0.00e+00	5.23e-01	2.02e-03	2.33e-03
 7.17193e+18	5.49e-01	4.51e-01	2.15e-10	0.00e+00	0.00e+00	0.00e+00	0.00e+00	0.00e+00	0.00e+00	5.44e-01	2.03e-03	2.34e-03
 7.17328e+18	5.69e-01	4.31e-01	2.13e-10	0.00e+00	0.00e+00	0.00e+00	0.00e+00	0.00e+00	0.00e+00	5.65e-01	2.04e-03	2.34e-03
 7.17456e+18	5.88e-01	4.12e-01	2.11e-10	0.00e+00	0.00e+00	0.00e+00	0.00e+00	0.00e+00	0.00e+00	5.83e-01	2.04e-03	2.34e-03
 7.17564e+18	6.03e-01	3.97e-01	2.09e-10	0.00e+00	0.00e+00	0.00e+00	0.00e+00	0.00e+00	0.00e+00	5.99e-01	2.03e-03	2.34e-03
 7.17643e+18	6.15e-01	3.85e-01	2.07e-10	0.00e+00	0.00e+00	0.00e+00	0.00e+00	0.00e+00	0.00e+00	6.10e-01	2.02e-03	2.33e-03
 7.17716e+18	6.26e-01	3.74e-01	2.05e-10	0.00e+00	0.00e+00	0.00e+00	0.00e+00	0.00e+00	0.00e+00	6.21e-01	2.02e-03	2.32e-03
 7.17794e+18	6.38e-01	3.62e-01	2.03e-10	0.00e+00	0.00e+00	0.00e+00	0.00e+00	0.00e+00	0.00e+00	6.34e-01	2.01e-03	2.31e-03
 7.17875e+18	6.50e-01	3.50e-01	2.02e-10	0.00e+00	0.00e+00	0.00e+00	0.00e+00	0.00e+00	0.00e+00	6.45e-01	2.00e-03	2.30e-03
 7.17956e+18	6.62e-01	3.38e-01	2.00e-10	0.00e+00	0.00e+00	0.00e+00	0.00e+00	0.00e+00	0.00e+00	6.57e-01	1.98e-03	2.28e-03
 7.18035e+18	6.74e-01	3.26e-01	1.97e-10	0.00e+00	0.00e+00	0.00e+00	0.00e+00	0.00e+00	0.00e+00	6.69e-01	1.96e-03	2.26e-03
 7.18112e+18	6.85e-01	3.15e-01	1.95e-10	0.00e+00	0.00e+00	0.00e+00	0.00e+00	0.00e+00	0.00e+00	6.81e-01	1.95e-03	2.24e-03
 7.18187e+18	6.96e-01	3.04e-01	1.93e-10	0.00e+00	0.00e+00	0.00e+00	0.00e+00	0.00e+00	0.00e+00	6.92e-01	1.93e-03	2.22e-03
 7.18263e+18	7.07e-01	2.93e-01	1.91e-10	0.00e+00	0.00e+00	0.00e+00	0.00e+00	0.00e+00	0.00e+00	7.03e-01	1.91e-03	2.20e-03
 7.18338e+18	7.17e-01	2.83e-01	1.88e-10	0.00e+00	0.00e+00	0.00e+00	0.00e+00	0.00e+00	0.00e+00	7.13e-01	1.89e-03	2.17e-03
 7.18413e+18	7.28e-01	2.72e-01	1.86e-10	0.00e+00	0.00e+00	0.00e+00	0.00e+00	0.00e+00	0.00e+00	7.24e-01	1.86e-03	2.15e-03
 7.18486e+18	7.38e-01	2.62e-01	1.83e-10	0.00e+00	0.00e+00	0.00e+00	0.00e+00	0.00e+00	0.00e+00	7.34e-01	1.84e-03	2.12e-03
 7.18559e+18	7.48e-01	2.52e-01	1.81e-10	0.00e+00	0.00e+00	0.00e+00	0.00e+00	0.00e+00	0.00e+00	7.44e-01	1.81e-03	2.08e-03
 7.18631e+18	7.58e-01	2.42e-01	1.78e-10	0.00e+00	0.00e+00	0.00e+00	0.00e+00	0.00e+00	0.00e+00	7.54e-01	1.79e-03	2.05e-03
 7.18703e+18	7.67e-01	2.33e-01	1.76e-10	0.00e+00	0.00e+00	0.00e+00	0.00e+00	0.00e+00	0.00e+00	7.64e-01	1.76e-03	2.01e-03
 7.18773e+18	7.76e-01	2.24e-01	1.73e-10	0.00e+00	0.00e+00	0.00e+00	0.00e+00	0.00e+00	0.00e+00	7.73e-01	1.73e-03	1.97e-03
 7.18843e+18	7.85e-01	2.15e-01	1.71e-10	0.00e+00	0.00e+00	0.00e+00	0.00e+00	0.00e+00	0.00e+00	7.82e-01	1.70e-03	1.93e-03
 7.18913e+18	7.94e-01	2.06e-01	1.68e-10	0.00e+00	0.00e+00	0.00e+00	0.00e+00	0.00e+00	0.00e+00	7.90e-01	1.67e-03	1.89e-03
 7.18982e+18	8.02e-01	1.98e-01	1.65e-10	0.00e+00	0.00e+00	0.00e+00	0.00e+00	0.00e+00	0.00e+00	7.99e-01	1.64e-03	1.85e-03
 7.19050e+18	8.10e-01	1.90e-01	1.63e-10	0.00e+00	0.00e+00	0.00e+00	0.00e+00	0.00e+00	0.00e+00	8.07e-01	1.61e-03	1.81e-03
 7.19117e+18	8.18e-01	1.82e-01	1.60e-10	0.00e+00	0.00e+00	0.00e+00	0.00e+00	0.00e+00	0.00e+00	8.15e-01	1.58e-03	1.76e-03
 7.19183e+18	8.26e-01	1.74e-01	1.57e-10	0.00e+00	0.00e+00	0.00e+00	0.00e+00	0.00e+00	0.00e+00	8.22e-01	1.55e-03	1.72e-03
 7.19248e+18	8.33e-01	1.67e-01	1.55e-10	0.00e+00	0.00e+00	0.00e+00	0.00e+00	0.00e+00	0.00e+00	8.30e-01	1.52e-03	1.68e-03
 7.19311e+18	8.40e-01	1.60e-01	1.52e-10	0.00e+00	0.00e+00	0.00e+00	0.00e+00	0.00e+00	0.00e+00	8.37e-01	1.49e-03	1.64e-03
 7.19374e+18	8.47e-01	1.53e-01	1.49e-10	0.00e+00	0.00e+00	0.00e+00	0.00e+00	0.00e+00	0.00e+00	8.44e-01	1.46e-03	1.60e-03
 7.19435e+18	8.53e-01	1.47e-01	1.47e-10	0.00e+00	0.00e+00	0.00e+00	0.00e+00	0.00e+00	0.00e+00	8.50e-01	1.43e-03	1.57e-03
 7.19495e+18	8.59e-01	1.41e-01	1.45e-10	0.00e+00	0.00e+00	0.00e+00	0.00e+00	0.00e+00	0.00e+00	8.56e-01	1.40e-03	1.53e-03
 7.19553e+18	8.65e-01	1.35e-01	1.42e-10	0.00e+00	0.00e+00	0.00e+00	0.00e+00	0.00e+00	0.00e+00	8.62e-01	1.37e-03	1.49e-03
 7.19610e+18	8.70e-01	1.30e-01	1.40e-10	0.00e+00	0.00e+00	0.00e+00	0.00e+00	0.00e+00	0.00e+00	8.68e-01	1.35e-03	1.46e-03
 7.19667e+18	8.76e-01	1.24e-01	1.38e-10	0.00e+00	0.00e+00	0.00e+00	0.00e+00	0.00e+00	0.00e+00	8.73e-01	1.32e-03	1.42e-03
 7.19721e+18	8.81e-01	1.19e-01	1.35e-10	0.00e+00	0.00e+00	0.00e+00	0.00e+00	0.00e+00	0.00e+00	8.78e-01	1.30e-03	1.39e-03
 7.19775e+18	8.86e-01	1.14e-01	1.33e-10	0.00e+00	0.00e+00	0.00e+00	0.00e+00	0.00e+00	0.00e+00	8.83e-01	1.27e-03	1.36e-03
 7.19827e+18	8.90e-01	1.10e-01	1.31e-10	0.00e+00	0.00e+00	0.00e+00	0.00e+00	0.00e+00	0.00e+00	8.88e-01	1.25e-03	1.33e-03
 7.19879e+18	8.95e-01	1.05e-01	1.29e-10	0.00e+00	0.00e+00	0.00e+00	0.00e+00	0.00e+00	0.00e+00	8.92e-01	1.22e-03	1.30e-03
 7.19930e+18	8.99e-01	1.01e-01	1.27e-10	0.00e+00	0.00e+00	0.00e+00	0.00e+00	0.00e+00	0.00e+00	8.97e-01	1.20e-03	1.27e-03
 7.19979e+18	9.03e-01	9.66e-02	1.25e-10	0.00e+00	0.00e+00	0.00e+00	0.00e+00	0.00e+00	0.00e+00	9.01e-01	1.18e-03	1.24e-03
 7.20027e+18	9.07e-01	9.26e-02	1.24e-10	0.00e+00	0.00e+00	0.00e+00	0.00e+00	0.00e+00	0.00e+00	9.05e-01	1.16e-03	1.21e-03
 7.20074e+18	9.11e-01	8.86e-02	1.22e-10	0.00e+00	0.00e+00	0.00e+00	0.00e+00	0.00e+00	0.00e+00	9.09e-01	1.13e-03	1.18e-03
 7.20118e+18	9.15e-01	8.50e-02	1.20e-10	0.00e+00	0.00e+00	0.00e+00	0.00e+00	0.00e+00	0.00e+00	9.13e-01	1.11e-03	1.15e-03
 7.20159e+18	9.18e-01	8.16e-02	1.18e-10	0.00e+00	0.00e+00	0.00e+00	0.00e+00	0.00e+00	0.00e+00	9.16e-01	1.09e-03	1.13e-03
 7.20197e+18	9.21e-01	7.86e-02	1.17e-10	0.00e+00	0.00e+00	0.00e+00	0.00e+00	0.00e+00	0.00e+00	9.19e-01	1.07e-03	1.10e-03
 7.20230e+18	9.24e-01	7.59e-02	1.16e-10	0.00e+00	0.00e+00	0.00e+00	0.00e+00	0.00e+00	0.00e+00	9.22e-01	1.05e-03	1.08e-03
 7.20260e+18	9.27e-01	7.35e-02	1.15e-10	0.00e+00	0.00e+00	0.00e+00	0.00e+00	0.00e+00	0.00e+00	9.24e-01	1.04e-03	1.06e-03
 7.20287e+18	9.29e-01	7.12e-02	1.14e-10	0.00e+00	0.00e+00	0.00e+00	0.00e+00	0.00e+00	0.00e+00	9.27e-01	1.02e-03	1.05e-03
