#depth	O	O+	O+2	O+3	O+4	O+5	O+6	O+7	O+8	O[1]	O[2]	O[3]
 5.10912e+10	1.50e-06	3.84e-02	9.49e-01	1.29e-02	0.00e+00	0.00e+00	0.00e+00	0.00e+00	0.00e+00	8.57e-07	4.72e-07	1.69e-07
 3.06547e+11	1.50e-06	3.83e-02	9.49e-01	1.29e-02	0.00e+00	0.00e+00	0.00e+00	0.00e+00	0.00e+00	8.56e-07	4.72e-07	1.69e-07
 1.32837e+12	1.50e-06	3.83e-02	9.49e-01	1.27e-02	0.00e+00	0.00e+00	0.00e+00	0.00e+00	0.00e+00	8.56e-07	4.72e-07	1.69e-07
 5.41566e+12	1.50e-06	3.84e-02	9.50e-01	1.20e-02	0.00e+00	0.00e+00	0.00e+00	0.00e+00	0.00e+00	8.56e-07	4.72e-07	1.69e-07
 1.29363e+13	1.50e-06	3.83e-02	9.51e-01	1.11e-02	0.00e+00	0.00e+00	0.00e+00	0.00e+00	0.00e+00	8.53e-07	4.70e-07	1.68e-07
 2.27131e+13	1.50e-06	3.83e-02	9.52e-01	9.90e-03	0.00e+00	0.00e+00	0.00e+00	0.00e+00	0.00e+00	8.53e-07	4.70e-07	1.68e-07
 3.54229e+13	1.50e-06	3.83e-02	9.53e-01	8.55e-03	0.00e+00	0.00e+00	0.00e+00	0.00e+00	0.00e+00	8.54e-07	4.70e-07	1.68e-07
 5.19457e+13	1.50e-06	3.83e-02	9.55e-01	7.02e-03	0.00e+00	0.00e+00	0.00e+00	0.00e+00	0.00e+00	8.55e-07	4.71e-07	1.68e-07
 7.34254e+13	1.50e-06	3.84e-02	9.56e-01	5.41e-03	0.00e+00	0.00e+00	0.00e+00	0.00e+00	0.00e+00	8.56e-07	4.72e-07	1.69e-07
 1.01349e+14	1.51e-06	3.85e-02	9.58e-01	3.83e-03	0.00e+00	0.00e+00	0.00e+00	0.00e+00	0.00e+00	8.59e-07	4.73e-07	1.69e-07
 1.37650e+14	1.51e-06	3.87e-02	9.59e-01	2.44e-03	0.00e+00	0.00e+00	0.00e+00	0.00e+00	0.00e+00	8.64e-07	4.76e-07	1.70e-07
 1.84840e+14	1.52e-06	3.89e-02	9.60e-01	1.36e-03	0.00e+00	0.00e+00	0.00e+00	0.00e+00	0.00e+00	8.69e-07	4.79e-07	1.71e-07
 2.46188e+14	1.53e-06	3.91e-02	9.60e-01	6.46e-04	0.00e+00	0.00e+00	0.00e+00	0.00e+00	0.00e+00	8.76e-07	4.82e-07	1.72e-07
 3.25941e+14	1.55e-06	3.93e-02	9.60e-01	2.60e-04	0.00e+00	0.00e+00	0.00e+00	0.00e+00	0.00e+00	8.83e-07	4.86e-07	1.74e-07
 4.29619e+14	1.56e-06	3.96e-02	9.60e-01	9.49e-05	0.00e+00	0.00e+00	0.00e+00	0.00e+00	0.00e+00	8.93e-07	4.91e-07	1.76e-07
 5.64401e+14	1.58e-06	3.99e-02	9.60e-01	4.07e-05	0.00e+00	0.00e+00	0.00e+00	0.00e+00	0.00e+00	9.04e-07	4.98e-07	1.78e-07
 7.39617e+14	1.61e-06	4.04e-02	9.60e-01	2.71e-05	0.00e+00	0.00e+00	0.00e+00	0.00e+00	0.00e+00	9.20e-07	5.06e-07	1.81e-07
 9.67398e+14	1.65e-06	4.09e-02	9.59e-01	2.40e-05	0.00e+00	0.00e+00	0.00e+00	0.00e+00	0.00e+00	9.41e-07	5.18e-07	1.85e-07
 1.26351e+15	1.70e-06	4.17e-02	9.58e-01	2.26e-05	0.00e+00	0.00e+00	0.00e+00	0.00e+00	0.00e+00	9.71e-07	5.34e-07	1.90e-07
 1.64846e+15	1.77e-06	4.27e-02	9.57e-01	2.12e-05	0.00e+00	0.00e+00	0.00e+00	0.00e+00	0.00e+00	1.01e-06	5.56e-07	1.98e-07
 1.95934e+15	1.81e-06	4.34e-02	9.57e-01	2.02e-05	0.00e+00	0.00e+00	0.00e+00	0.00e+00	0.00e+00	1.04e-06	5.69e-07	2.03e-07
 2.15528e+15	1.85e-06	4.39e-02	9.56e-01	1.96e-05	0.00e+00	0.00e+00	0.00e+00	0.00e+00	0.00e+00	1.06e-06	5.82e-07	2.07e-07
 2.37081e+15	1.90e-06	4.45e-02	9.55e-01	1.89e-05	0.00e+00	0.00e+00	0.00e+00	0.00e+00	0.00e+00	1.08e-06	5.95e-07	2.12e-07
 2.60789e+15	1.95e-06	4.52e-02	9.55e-01	1.83e-05	0.00e+00	0.00e+00	0.00e+00	0.00e+00	0.00e+00	1.12e-06	6.12e-07	2.18e-07
 2.86868e+15	2.01e-06	4.59e-02	9.54e-01	1.76e-05	0.00e+00	0.00e+00	0.00e+00	0.00e+00	0.00e+00	1.15e-06	6.30e-07	2.24e-07
 3.15554e+15	2.08e-06	4.68e-02	9.53e-01	1.68e-05	0.00e+00	0.00e+00	0.00e+00	0.00e+00	0.00e+00	1.19e-06	6.52e-07	2.32e-07
 3.47110e+15	2.16e-06	4.77e-02	9.52e-01	1.60e-05	0.00e+00	0.00e+00	0.00e+00	0.00e+00	0.00e+00	1.23e-06	6.76e-07	2.40e-07
 3.81821e+15	2.25e-06	4.88e-02	9.51e-01	1.52e-05	0.00e+00	0.00e+00	0.00e+00	0.00e+00	0.00e+00	1.29e-06	7.05e-07	2.50e-07
 4.20003e+15	2.35e-06	5.00e-02	9.50e-01	1.43e-05	0.00e+00	0.00e+00	0.00e+00	0.00e+00	0.00e+00	1.35e-06	7.38e-07	2.62e-07
 4.62003e+15	2.48e-06	5.14e-02	9.49e-01	1.34e-05	0.00e+00	0.00e+00	0.00e+00	0.00e+00	0.00e+00	1.42e-06	7.77e-07	2.75e-07
 5.08204e+15	2.63e-06	5.30e-02	9.47e-01	1.25e-05	0.00e+00	0.00e+00	0.00e+00	0.00e+00	0.00e+00	1.51e-06	8.23e-07	2.91e-07
 5.59024e+15	2.80e-06	5.48e-02	9.45e-01	1.16e-05	0.00e+00	0.00e+00	0.00e+00	0.00e+00	0.00e+00	1.61e-06	8.77e-07	3.10e-07
 6.14926e+15	3.01e-06	5.69e-02	9.43e-01	1.06e-05	0.00e+00	0.00e+00	0.00e+00	0.00e+00	0.00e+00	1.73e-06	9.42e-07	3.33e-07
 6.76419e+15	3.26e-06	5.93e-02	9.41e-01	9.67e-06	0.00e+00	0.00e+00	0.00e+00	0.00e+00	0.00e+00	1.87e-06	1.02e-06	3.60e-07
 7.44061e+15	3.56e-06	6.21e-02	9.38e-01	8.72e-06	0.00e+00	0.00e+00	0.00e+00	0.00e+00	0.00e+00	2.04e-06	1.11e-06	3.93e-07
 8.18467e+15	3.94e-06	6.54e-02	9.35e-01	7.77e-06	0.00e+00	0.00e+00	0.00e+00	0.00e+00	0.00e+00	2.26e-06	1.23e-06	4.34e-07
 9.00314e+15	4.40e-06	6.94e-02	9.31e-01	6.85e-06	0.00e+00	0.00e+00	0.00e+00	0.00e+00	0.00e+00	2.53e-06	1.38e-06	4.84e-07
 9.90345e+15	4.99e-06	7.41e-02	9.26e-01	5.95e-06	0.00e+00	0.00e+00	0.00e+00	0.00e+00	0.00e+00	2.87e-06	1.56e-06	5.49e-07
 1.08938e+16	5.77e-06	7.98e-02	9.20e-01	5.09e-06	0.00e+00	0.00e+00	0.00e+00	0.00e+00	0.00e+00	3.32e-06	1.80e-06	6.33e-07
 1.19832e+16	6.79e-06	8.69e-02	9.13e-01	4.27e-06	0.00e+00	0.00e+00	0.00e+00	0.00e+00	0.00e+00	3.91e-06	2.12e-06	7.44e-07
 1.31815e+16	8.21e-06	9.59e-02	9.04e-01	3.51e-06	0.00e+00	0.00e+00	0.00e+00	0.00e+00	0.00e+00	4.73e-06	2.57e-06	8.98e-07
 1.44241e+16	1.01e-05	1.07e-01	8.93e-01	2.85e-06	0.00e+00	0.00e+00	0.00e+00	0.00e+00	0.00e+00	5.81e-06	3.15e-06	1.10e-06
 1.55997e+16	1.24e-05	1.19e-01	8.81e-01	2.34e-06	0.00e+00	0.00e+00	0.00e+00	0.00e+00	0.00e+00	7.16e-06	3.88e-06	1.36e-06
 1.66811e+16	1.53e-05	1.33e-01	8.67e-01	1.95e-06	0.00e+00	0.00e+00	0.00e+00	0.00e+00	0.00e+00	8.80e-06	4.77e-06	1.66e-06
 1.77053e+16	1.88e-05	1.49e-01	8.51e-01	1.59e-06	0.00e+00	0.00e+00	0.00e+00	0.00e+00	0.00e+00	1.09e-05	5.88e-06	2.05e-06
 1.86973e+16	2.34e-05	1.67e-01	8.33e-01	1.31e-06	0.00e+00	0.00e+00	0.00e+00	0.00e+00	0.00e+00	1.35e-05	7.31e-06	2.55e-06
 1.96495e+16	2.93e-05	1.89e-01	8.11e-01	1.07e-06	0.00e+00	0.00e+00	0.00e+00	0.00e+00	0.00e+00	1.69e-05	9.16e-06	3.19e-06
 2.05453e+16	3.69e-05	2.14e-01	7.86e-01	8.72e-07	0.00e+00	0.00e+00	0.00e+00	0.00e+00	0.00e+00	2.13e-05	1.15e-05	4.02e-06
 2.13769e+16	4.65e-05	2.44e-01	7.56e-01	7.11e-07	0.00e+00	0.00e+00	0.00e+00	0.00e+00	0.00e+00	2.68e-05	1.45e-05	5.07e-06
 2.21188e+16	5.83e-05	2.76e-01	7.24e-01	5.83e-07	0.00e+00	0.00e+00	0.00e+00	0.00e+00	0.00e+00	3.36e-05	1.82e-05	6.36e-06
 2.27640e+16	7.20e-05	3.11e-01	6.88e-01	4.80e-07	0.00e+00	0.00e+00	0.00e+00	0.00e+00	0.00e+00	4.15e-05	2.25e-05	7.86e-06
 2.33535e+16	8.86e-05	3.50e-01	6.50e-01	3.92e-07	0.00e+00	0.00e+00	0.00e+00	0.00e+00	0.00e+00	5.11e-05	2.77e-05	9.68e-06
 2.39163e+16	1.09e-04	3.95e-01	6.05e-01	3.15e-07	0.00e+00	0.00e+00	0.00e+00	0.00e+00	0.00e+00	6.30e-05	3.42e-05	1.20e-05
 2.44527e+16	1.36e-04	4.47e-01	5.53e-01	2.48e-07	0.00e+00	0.00e+00	0.00e+00	0.00e+00	0.00e+00	7.81e-05	4.23e-05	1.48e-05
 2.48872e+16	1.64e-04	5.00e-01	5.00e-01	1.97e-07	0.00e+00	0.00e+00	0.00e+00	0.00e+00	0.00e+00	9.43e-05	5.11e-05	1.79e-05
 2.51816e+16	1.87e-04	5.41e-01	4.58e-01	1.64e-07	0.00e+00	0.00e+00	0.00e+00	0.00e+00	0.00e+00	1.08e-04	5.84e-05	2.05e-05
 2.54059e+16	2.08e-04	5.76e-01	4.24e-01	1.39e-07	0.00e+00	0.00e+00	0.00e+00	0.00e+00	0.00e+00	1.20e-04	6.49e-05	2.28e-05
 2.56462e+16	2.33e-04	6.15e-01	3.85e-01	0.00e+00	0.00e+00	0.00e+00	0.00e+00	0.00e+00	0.00e+00	1.34e-04	7.26e-05	2.55e-05
 2.58975e+16	2.63e-04	6.61e-01	3.38e-01	0.00e+00	0.00e+00	0.00e+00	0.00e+00	0.00e+00	0.00e+00	1.52e-04	8.22e-05	2.89e-05
 2.60907e+16	2.91e-04	7.02e-01	2.98e-01	0.00e+00	0.00e+00	0.00e+00	0.00e+00	0.00e+00	0.00e+00	1.67e-04	9.07e-05	3.19e-05
 2.62248e+16	3.13e-04	7.33e-01	2.67e-01	0.00e+00	0.00e+00	0.00e+00	0.00e+00	0.00e+00	0.00e+00	1.80e-04	9.74e-05	3.43e-05
 2.63319e+16	3.31e-04	7.58e-01	2.41e-01	0.00e+00	0.00e+00	0.00e+00	0.00e+00	0.00e+00	0.00e+00	1.90e-04	1.03e-04	3.62e-05
 2.64487e+16	3.52e-04	7.87e-01	2.13e-01	0.00e+00	0.00e+00	0.00e+00	0.00e+00	0.00e+00	0.00e+00	2.03e-04	1.10e-04	3.86e-05
 2.65678e+16	3.75e-04	8.18e-01	1.81e-01	0.00e+00	0.00e+00	0.00e+00	0.00e+00	0.00e+00	0.00e+00	2.16e-04	1.17e-04	4.11e-05
 2.66550e+16	3.96e-04	8.45e-01	1.55e-01	0.00e+00	0.00e+00	0.00e+00	0.00e+00	0.00e+00	0.00e+00	2.28e-04	1.23e-04	4.34e-05
 2.67144e+16	4.09e-04	8.63e-01	1.37e-01	0.00e+00	0.00e+00	0.00e+00	0.00e+00	0.00e+00	0.00e+00	2.36e-04	1.28e-04	4.49e-05
 2.67629e+16	4.22e-04	8.78e-01	1.21e-01	0.00e+00	0.00e+00	0.00e+00	0.00e+00	0.00e+00	0.00e+00	2.43e-04	1.31e-04	4.63e-05
 2.68168e+16	4.36e-04	8.95e-01	1.04e-01	0.00e+00	0.00e+00	0.00e+00	0.00e+00	0.00e+00	0.00e+00	2.51e-04	1.36e-04	4.78e-05
 2.68722e+16	4.50e-04	9.14e-01	8.56e-02	0.00e+00	0.00e+00	0.00e+00	0.00e+00	0.00e+00	0.00e+00	2.59e-04	1.40e-04	4.93e-05
 2.69136e+16	4.63e-04	9.29e-01	7.06e-02	0.00e+00	0.00e+00	0.00e+00	0.00e+00	0.00e+00	0.00e+00	2.67e-04	1.44e-04	5.08e-05
 2.69420e+16	4.72e-04	9.39e-01	6.02e-02	0.00e+00	0.00e+00	0.00e+00	0.00e+00	0.00e+00	0.00e+00	2.72e-04	1.47e-04	5.17e-05
 2.69653e+16	4.79e-04	9.48e-01	5.18e-02	0.00e+00	0.00e+00	0.00e+00	0.00e+00	0.00e+00	0.00e+00	2.76e-04	1.49e-04	5.25e-05
 2.69914e+16	4.87e-04	9.57e-01	4.28e-02	0.00e+00	0.00e+00	0.00e+00	0.00e+00	0.00e+00	0.00e+00	2.80e-04	1.52e-04	5.33e-05
 2.70184e+16	4.95e-04	9.66e-01	3.34e-02	0.00e+00	0.00e+00	0.00e+00	0.00e+00	0.00e+00	0.00e+00	2.85e-04	1.54e-04	5.42e-05
 2.70392e+16	5.01e-04	9.73e-01	2.63e-02	0.00e+00	0.00e+00	0.00e+00	0.00e+00	0.00e+00	0.00e+00	2.88e-04	1.56e-04	5.48e-05
 2.70543e+16	5.04e-04	9.78e-01	2.14e-02	0.00e+00	0.00e+00	0.00e+00	0.00e+00	0.00e+00	0.00e+00	2.90e-04	1.57e-04	5.52e-05
 2.70675e+16	5.07e-04	9.82e-01	1.75e-02	0.00e+00	0.00e+00	0.00e+00	0.00e+00	0.00e+00	0.00e+00	2.92e-04	1.58e-04	5.55e-05
 2.70825e+16	5.10e-04	9.86e-01	1.36e-02	0.00e+00	0.00e+00	0.00e+00	0.00e+00	0.00e+00	0.00e+00	2.94e-04	1.59e-04	5.59e-05
 2.70983e+16	5.13e-04	9.90e-01	9.90e-03	0.00e+00	0.00e+00	0.00e+00	0.00e+00	0.00e+00	0.00e+00	2.95e-04	1.60e-04	5.62e-05
 2.71114e+16	5.15e-04	9.92e-01	7.29e-03	0.00e+00	0.00e+00	0.00e+00	0.00e+00	0.00e+00	0.00e+00	2.96e-04	1.60e-04	5.64e-05
 2.71220e+16	5.15e-04	9.94e-01	5.54e-03	0.00e+00	0.00e+00	0.00e+00	0.00e+00	0.00e+00	0.00e+00	2.96e-04	1.60e-04	5.64e-05
 2.71337e+16	5.16e-04	9.95e-01	4.05e-03	0.00e+00	0.00e+00	0.00e+00	0.00e+00	0.00e+00	0.00e+00	2.97e-04	1.60e-04	5.65e-05
 2.71488e+16	5.16e-04	9.97e-01	2.64e-03	0.00e+00	0.00e+00	0.00e+00	0.00e+00	0.00e+00	0.00e+00	2.97e-04	1.61e-04	5.66e-05
 2.71657e+16	5.17e-04	9.98e-01	1.57e-03	0.00e+00	0.00e+00	0.00e+00	0.00e+00	0.00e+00	0.00e+00	2.98e-04	1.61e-04	5.67e-05
 2.71849e+16	5.18e-04	9.99e-01	8.75e-04	0.00e+00	0.00e+00	0.00e+00	0.00e+00	0.00e+00	0.00e+00	2.98e-04	1.61e-04	5.68e-05
 2.72099e+16	5.20e-04	9.99e-01	4.13e-04	0.00e+00	0.00e+00	0.00e+00	0.00e+00	0.00e+00	0.00e+00	2.99e-04	1.62e-04	5.70e-05
 2.72424e+16	5.23e-04	9.99e-01	1.58e-04	0.00e+00	0.00e+00	0.00e+00	0.00e+00	0.00e+00	0.00e+00	3.01e-04	1.63e-04	5.74e-05
 2.72846e+16	5.29e-04	9.99e-01	4.76e-05	0.00e+00	0.00e+00	0.00e+00	0.00e+00	0.00e+00	0.00e+00	3.04e-04	1.64e-04	5.80e-05
 2.73395e+16	5.37e-04	9.99e-01	1.07e-05	0.00e+00	0.00e+00	0.00e+00	0.00e+00	0.00e+00	0.00e+00	3.09e-04	1.67e-04	5.88e-05
 2.74109e+16	5.47e-04	9.99e-01	1.75e-06	0.00e+00	0.00e+00	0.00e+00	0.00e+00	0.00e+00	0.00e+00	3.15e-04	1.70e-04	6.00e-05
 2.75037e+16	5.61e-04	9.99e-01	1.97e-07	0.00e+00	0.00e+00	0.00e+00	0.00e+00	0.00e+00	0.00e+00	3.23e-04	1.74e-04	6.15e-05
 2.76243e+16	5.79e-04	9.99e-01	1.47e-08	0.00e+00	0.00e+00	0.00e+00	0.00e+00	0.00e+00	0.00e+00	3.34e-04	1.80e-04	6.34e-05
 2.77811e+16	6.05e-04	9.99e-01	6.74e-10	0.00e+00	0.00e+00	0.00e+00	0.00e+00	0.00e+00	0.00e+00	3.49e-04	1.88e-04	6.62e-05
 2.79850e+16	6.41e-04	9.99e-01	1.74e-11	0.00e+00	0.00e+00	0.00e+00	0.00e+00	0.00e+00	0.00e+00	3.70e-04	1.99e-04	7.00e-05
 2.82500e+16	6.93e-04	9.99e-01	8.38e-13	0.00e+00	0.00e+00	0.00e+00	0.00e+00	0.00e+00	0.00e+00	4.00e-04	2.15e-04	7.56e-05
 2.85945e+16	7.72e-04	9.99e-01	6.48e-13	0.00e+00	0.00e+00	0.00e+00	0.00e+00	0.00e+00	0.00e+00	4.46e-04	2.39e-04	8.40e-05
 2.90424e+16	8.99e-04	9.99e-01	6.41e-13	0.00e+00	0.00e+00	0.00e+00	0.00e+00	0.00e+00	0.00e+00	5.20e-04	2.78e-04	9.74e-05
 2.96246e+16	1.12e-03	9.99e-01	6.33e-13	0.00e+00	0.00e+00	0.00e+00	0.00e+00	0.00e+00	0.00e+00	6.51e-04	3.48e-04	1.21e-04
 3.01886e+16	1.45e-03	9.99e-01	6.24e-13	0.00e+00	0.00e+00	0.00e+00	0.00e+00	0.00e+00	0.00e+00	8.42e-04	4.49e-04	1.56e-04
 3.05599e+16	1.78e-03	9.98e-01	6.18e-13	0.00e+00	0.00e+00	0.00e+00	0.00e+00	0.00e+00	0.00e+00	1.03e-03	5.52e-04	1.90e-04
 3.07935e+16	2.07e-03	9.98e-01	6.15e-13	0.00e+00	0.00e+00	0.00e+00	0.00e+00	0.00e+00	0.00e+00	1.20e-03	6.39e-04	2.20e-04
 3.09873e+16	2.36e-03	9.98e-01	6.12e-13	0.00e+00	0.00e+00	0.00e+00	0.00e+00	0.00e+00	0.00e+00	1.37e-03	7.30e-04	2.51e-04
 3.12097e+16	2.79e-03	9.97e-01	6.09e-13	0.00e+00	0.00e+00	0.00e+00	0.00e+00	0.00e+00	0.00e+00	1.62e-03	8.64e-04	2.96e-04
 3.14364e+16	3.38e-03	9.97e-01	6.07e-13	0.00e+00	0.00e+00	0.00e+00	0.00e+00	0.00e+00	0.00e+00	1.96e-03	1.05e-03	3.57e-04
 3.16061e+16	3.99e-03	9.96e-01	6.06e-13	0.00e+00	0.00e+00	0.00e+00	0.00e+00	0.00e+00	0.00e+00	2.31e-03	1.23e-03	4.21e-04
 3.17285e+16	4.56e-03	9.95e-01	6.06e-13	0.00e+00	0.00e+00	0.00e+00	0.00e+00	0.00e+00	0.00e+00	2.64e-03	1.41e-03	4.81e-04
 3.18348e+16	5.17e-03	9.95e-01	6.04e-13	0.00e+00	0.00e+00	0.00e+00	0.00e+00	0.00e+00	0.00e+00	3.00e-03	1.60e-03	5.46e-04
 3.19556e+16	6.08e-03	9.94e-01	5.98e-13	0.00e+00	0.00e+00	0.00e+00	0.00e+00	0.00e+00	0.00e+00	3.53e-03	1.88e-03	6.41e-04
 3.20769e+16	7.27e-03	9.93e-01	5.93e-13	0.00e+00	0.00e+00	0.00e+00	0.00e+00	0.00e+00	0.00e+00	4.22e-03	2.25e-03	7.66e-04
 3.21668e+16	8.47e-03	9.92e-01	5.86e-13	0.00e+00	0.00e+00	0.00e+00	0.00e+00	0.00e+00	0.00e+00	4.92e-03	2.62e-03	8.93e-04
 3.22345e+16	9.64e-03	9.90e-01	5.78e-13	0.00e+00	0.00e+00	0.00e+00	0.00e+00	0.00e+00	0.00e+00	5.59e-03	2.98e-03	1.02e-03
 3.23055e+16	1.12e-02	9.89e-01	5.64e-13	0.00e+00	0.00e+00	0.00e+00	0.00e+00	0.00e+00	0.00e+00	6.51e-03	3.47e-03	1.18e-03
 3.23810e+16	1.34e-02	9.87e-01	5.44e-13	0.00e+00	0.00e+00	0.00e+00	0.00e+00	0.00e+00	0.00e+00	7.79e-03	4.15e-03	1.41e-03
 3.24434e+16	1.59e-02	9.84e-01	5.21e-13	0.00e+00	0.00e+00	0.00e+00	0.00e+00	0.00e+00	0.00e+00	9.26e-03	4.93e-03	1.68e-03
 3.24920e+16	1.86e-02	9.81e-01	4.98e-13	0.00e+00	0.00e+00	0.00e+00	0.00e+00	0.00e+00	0.00e+00	1.08e-02	5.74e-03	1.96e-03
 3.25332e+16	2.15e-02	9.78e-01	4.79e-13	0.00e+00	0.00e+00	0.00e+00	0.00e+00	0.00e+00	0.00e+00	1.25e-02	6.64e-03	2.27e-03
 3.25713e+16	2.51e-02	9.75e-01	4.51e-13	0.00e+00	0.00e+00	0.00e+00	0.00e+00	0.00e+00	0.00e+00	1.46e-02	7.75e-03	2.65e-03
 3.26065e+16	2.94e-02	9.71e-01	4.24e-13	0.00e+00	0.00e+00	0.00e+00	0.00e+00	0.00e+00	0.00e+00	1.71e-02	9.10e-03	3.11e-03
 3.26384e+16	3.48e-02	9.65e-01	3.98e-13	0.00e+00	0.00e+00	0.00e+00	0.00e+00	0.00e+00	0.00e+00	2.02e-02	1.07e-02	3.67e-03
 3.26659e+16	4.10e-02	9.59e-01	3.70e-13	0.00e+00	0.00e+00	0.00e+00	0.00e+00	0.00e+00	0.00e+00	2.38e-02	1.27e-02	4.33e-03
 3.26893e+16	4.81e-02	9.52e-01	3.47e-13	0.00e+00	0.00e+00	0.00e+00	0.00e+00	0.00e+00	0.00e+00	2.80e-02	1.48e-02	5.08e-03
 3.27095e+16	5.63e-02	9.44e-01	3.23e-13	0.00e+00	0.00e+00	0.00e+00	0.00e+00	0.00e+00	0.00e+00	3.28e-02	1.74e-02	5.95e-03
 3.27272e+16	6.59e-02	9.34e-01	3.04e-13	0.00e+00	0.00e+00	0.00e+00	0.00e+00	0.00e+00	0.00e+00	3.83e-02	2.03e-02	6.96e-03
 3.27428e+16	7.71e-02	9.23e-01	2.86e-13	0.00e+00	0.00e+00	0.00e+00	0.00e+00	0.00e+00	0.00e+00	4.48e-02	2.38e-02	8.15e-03
 3.27567e+16	9.00e-02	9.10e-01	2.76e-13	0.00e+00	0.00e+00	0.00e+00	0.00e+00	0.00e+00	0.00e+00	5.24e-02	2.77e-02	9.52e-03
 3.27690e+16	1.05e-01	8.95e-01	2.64e-13	0.00e+00	0.00e+00	0.00e+00	0.00e+00	0.00e+00	0.00e+00	6.12e-02	3.24e-02	1.11e-02
 3.27800e+16	1.23e-01	8.77e-01	2.53e-13	0.00e+00	0.00e+00	0.00e+00	0.00e+00	0.00e+00	0.00e+00	7.16e-02	3.78e-02	1.30e-02
 3.27896e+16	1.43e-01	8.57e-01	2.44e-13	0.00e+00	0.00e+00	0.00e+00	0.00e+00	0.00e+00	0.00e+00	8.34e-02	4.40e-02	1.52e-02
 3.27982e+16	1.66e-01	8.34e-01	2.36e-13	0.00e+00	0.00e+00	0.00e+00	0.00e+00	0.00e+00	0.00e+00	9.70e-02	5.11e-02	1.76e-02
 3.28059e+16	1.93e-01	8.07e-01	2.30e-13	0.00e+00	0.00e+00	0.00e+00	0.00e+00	0.00e+00	0.00e+00	1.13e-01	5.92e-02	2.04e-02
 3.28128e+16	2.23e-01	7.77e-01	2.29e-13	0.00e+00	0.00e+00	0.00e+00	0.00e+00	0.00e+00	0.00e+00	1.30e-01	6.82e-02	2.36e-02
 3.28193e+16	2.57e-01	7.43e-01	2.25e-13	0.00e+00	0.00e+00	0.00e+00	0.00e+00	0.00e+00	0.00e+00	1.51e-01	7.87e-02	2.73e-02
 3.28253e+16	2.97e-01	7.03e-01	2.21e-13	0.00e+00	0.00e+00	0.00e+00	0.00e+00	0.00e+00	0.00e+00	1.74e-01	9.07e-02	3.15e-02
 3.28306e+16	3.39e-01	6.61e-01	2.19e-13	0.00e+00	0.00e+00	0.00e+00	0.00e+00	0.00e+00	0.00e+00	1.99e-01	1.03e-01	3.60e-02
 3.28347e+16	3.78e-01	6.22e-01	2.16e-13	0.00e+00	0.00e+00	0.00e+00	0.00e+00	0.00e+00	0.00e+00	2.22e-01	1.14e-01	4.01e-02
 3.28378e+16	4.10e-01	5.90e-01	2.13e-13	0.00e+00	0.00e+00	0.00e+00	0.00e+00	0.00e+00	0.00e+00	2.42e-01	1.24e-01	4.35e-02
 3.28404e+16	4.38e-01	5.62e-01	2.13e-13	0.00e+00	0.00e+00	0.00e+00	0.00e+00	0.00e+00	0.00e+00	2.59e-01	1.32e-01	4.64e-02
 3.28426e+16	4.64e-01	5.36e-01	2.11e-13	0.00e+00	0.00e+00	0.00e+00	0.00e+00	0.00e+00	0.00e+00	2.75e-01	1.39e-01	4.92e-02
 3.28447e+16	4.89e-01	5.11e-01	2.09e-13	0.00e+00	0.00e+00	0.00e+00	0.00e+00	0.00e+00	0.00e+00	2.90e-01	1.47e-01	5.19e-02
 3.28466e+16	5.14e-01	4.86e-01	2.07e-13	0.00e+00	0.00e+00	0.00e+00	0.00e+00	0.00e+00	0.00e+00	3.05e-01	1.53e-01	5.44e-02
 3.28483e+16	5.36e-01	4.64e-01	2.06e-13	0.00e+00	0.00e+00	0.00e+00	0.00e+00	0.00e+00	0.00e+00	3.19e-01	1.60e-01	5.68e-02
 3.28499e+16	5.57e-01	4.43e-01	2.04e-13	0.00e+00	0.00e+00	0.00e+00	0.00e+00	0.00e+00	0.00e+00	3.32e-01	1.65e-01	5.89e-02
 3.28513e+16	5.76e-01	4.24e-01	2.02e-13	0.00e+00	0.00e+00	0.00e+00	0.00e+00	0.00e+00	0.00e+00	3.44e-01	1.71e-01	6.09e-02
 3.28527e+16	5.96e-01	4.04e-01	1.99e-13	0.00e+00	0.00e+00	0.00e+00	0.00e+00	0.00e+00	0.00e+00	3.57e-01	1.76e-01	6.29e-02
 3.28538e+16	6.10e-01	3.90e-01	1.97e-13	0.00e+00	0.00e+00	0.00e+00	0.00e+00	0.00e+00	0.00e+00	3.66e-01	1.79e-01	6.44e-02
 3.28547e+16	6.21e-01	3.79e-01	1.96e-13	0.00e+00	0.00e+00	0.00e+00	0.00e+00	0.00e+00	0.00e+00	3.73e-01	1.82e-01	6.56e-02
 3.28554e+16	6.33e-01	3.67e-01	1.94e-13	0.00e+00	0.00e+00	0.00e+00	0.00e+00	0.00e+00	0.00e+00	3.80e-01	1.85e-01	6.67e-02
 3.28563e+16	6.45e-01	3.55e-01	1.92e-13	0.00e+00	0.00e+00	0.00e+00	0.00e+00	0.00e+00	0.00e+00	3.88e-01	1.88e-01	6.80e-02
 3.28572e+16	6.57e-01	3.43e-01	1.90e-13	0.00e+00	0.00e+00	0.00e+00	0.00e+00	0.00e+00	0.00e+00	3.96e-01	1.91e-01	6.92e-02
 3.28581e+16	6.69e-01	3.31e-01	1.88e-13	0.00e+00	0.00e+00	0.00e+00	0.00e+00	0.00e+00	0.00e+00	4.04e-01	1.94e-01	7.03e-02
 3.28589e+16	6.80e-01	3.20e-01	1.86e-13	0.00e+00	0.00e+00	0.00e+00	0.00e+00	0.00e+00	0.00e+00	4.11e-01	1.97e-01	7.15e-02
 3.28597e+16	6.91e-01	3.09e-01	1.84e-13	0.00e+00	0.00e+00	0.00e+00	0.00e+00	0.00e+00	0.00e+00	4.18e-01	2.00e-01	7.26e-02
 3.28606e+16	7.02e-01	2.98e-01	1.81e-13	0.00e+00	0.00e+00	0.00e+00	0.00e+00	0.00e+00	0.00e+00	4.26e-01	2.02e-01	7.37e-02
 3.28614e+16	7.13e-01	2.87e-01	1.79e-13	0.00e+00	0.00e+00	0.00e+00	0.00e+00	0.00e+00	0.00e+00	4.33e-01	2.05e-01	7.47e-02
 3.28622e+16	7.24e-01	2.76e-01	1.77e-13	0.00e+00	0.00e+00	0.00e+00	0.00e+00	0.00e+00	0.00e+00	4.40e-01	2.07e-01	7.58e-02
 3.28630e+16	7.34e-01	2.66e-01	1.75e-13	0.00e+00	0.00e+00	0.00e+00	0.00e+00	0.00e+00	0.00e+00	4.47e-01	2.09e-01	7.67e-02
 3.28638e+16	7.44e-01	2.56e-01	1.72e-13	0.00e+00	0.00e+00	0.00e+00	0.00e+00	0.00e+00	0.00e+00	4.54e-01	2.12e-01	7.77e-02
 3.28646e+16	7.53e-01	2.47e-01	1.70e-13	0.00e+00	0.00e+00	0.00e+00	0.00e+00	0.00e+00	0.00e+00	4.61e-01	2.14e-01	7.86e-02
 3.28654e+16	7.63e-01	2.37e-01	1.67e-13	0.00e+00	0.00e+00	0.00e+00	0.00e+00	0.00e+00	0.00e+00	4.68e-01	2.16e-01	7.95e-02
 3.28661e+16	7.73e-01	2.27e-01	1.64e-13	0.00e+00	0.00e+00	0.00e+00	0.00e+00	0.00e+00	0.00e+00	4.75e-01	2.17e-01	8.04e-02
 3.28669e+16	7.82e-01	2.18e-01	1.61e-13	0.00e+00	0.00e+00	0.00e+00	0.00e+00	0.00e+00	0.00e+00	4.81e-01	2.19e-01	8.12e-02
 3.28677e+16	7.90e-01	2.10e-01	1.59e-13	0.00e+00	0.00e+00	0.00e+00	0.00e+00	0.00e+00	0.00e+00	4.87e-01	2.21e-01	8.19e-02
 3.28684e+16	7.99e-01	2.01e-01	1.56e-13	0.00e+00	0.00e+00	0.00e+00	0.00e+00	0.00e+00	0.00e+00	4.94e-01	2.22e-01	8.27e-02
 3.28692e+16	8.07e-01	1.93e-01	1.53e-13	0.00e+00	0.00e+00	0.00e+00	0.00e+00	0.00e+00	0.00e+00	5.00e-01	2.24e-01	8.34e-02
 3.28699e+16	8.15e-01	1.85e-01	1.50e-13	0.00e+00	0.00e+00	0.00e+00	0.00e+00	0.00e+00	0.00e+00	5.05e-01	2.25e-01	8.40e-02
 3.28706e+16	8.22e-01	1.78e-01	1.48e-13	0.00e+00	0.00e+00	0.00e+00	0.00e+00	0.00e+00	0.00e+00	5.11e-01	2.26e-01	8.46e-02
 3.28713e+16	8.29e-01	1.71e-01	1.45e-13	0.00e+00	0.00e+00	0.00e+00	0.00e+00	0.00e+00	0.00e+00	5.17e-01	2.27e-01	8.52e-02
 3.28721e+16	8.36e-01	1.64e-01	1.42e-13	0.00e+00	0.00e+00	0.00e+00	0.00e+00	0.00e+00	0.00e+00	5.22e-01	2.28e-01	8.57e-02
 3.28728e+16	8.43e-01	1.57e-01	1.39e-13	0.00e+00	0.00e+00	0.00e+00	0.00e+00	0.00e+00	0.00e+00	5.27e-01	2.29e-01	8.62e-02
 3.28734e+16	8.49e-01	1.51e-01	1.37e-13	0.00e+00	0.00e+00	0.00e+00	0.00e+00	0.00e+00	0.00e+00	5.32e-01	2.30e-01	8.67e-02
 3.28741e+16	8.56e-01	1.44e-01	1.34e-13	0.00e+00	0.00e+00	0.00e+00	0.00e+00	0.00e+00	0.00e+00	5.38e-01	2.31e-01	8.71e-02
 3.28748e+16	8.61e-01	1.39e-01	1.31e-13	0.00e+00	0.00e+00	0.00e+00	0.00e+00	0.00e+00	0.00e+00	5.42e-01	2.31e-01	8.75e-02
 3.28755e+16	8.67e-01	1.33e-01	1.29e-13	0.00e+00	0.00e+00	0.00e+00	0.00e+00	0.00e+00	0.00e+00	5.47e-01	2.32e-01	8.78e-02
 3.28761e+16	8.72e-01	1.28e-01	1.26e-13	0.00e+00	0.00e+00	0.00e+00	0.00e+00	0.00e+00	0.00e+00	5.52e-01	2.32e-01	8.81e-02
 3.28768e+16	8.78e-01	1.22e-01	1.23e-13	0.00e+00	0.00e+00	0.00e+00	0.00e+00	0.00e+00	0.00e+00	5.56e-01	2.33e-01	8.84e-02
 3.28774e+16	8.83e-01	1.17e-01	1.21e-13	0.00e+00	0.00e+00	0.00e+00	0.00e+00	0.00e+00	0.00e+00	5.61e-01	2.33e-01	8.86e-02
 3.28781e+16	8.87e-01	1.13e-01	1.19e-13	0.00e+00	0.00e+00	0.00e+00	0.00e+00	0.00e+00	0.00e+00	5.65e-01	2.33e-01	8.89e-02
 3.28787e+16	8.92e-01	1.08e-01	1.16e-13	0.00e+00	0.00e+00	0.00e+00	0.00e+00	0.00e+00	0.00e+00	5.69e-01	2.34e-01	8.90e-02
 3.28793e+16	8.96e-01	1.04e-01	1.14e-13	0.00e+00	0.00e+00	0.00e+00	0.00e+00	0.00e+00	0.00e+00	5.73e-01	2.34e-01	8.92e-02
 3.28799e+16	9.00e-01	9.98e-02	1.11e-13	0.00e+00	0.00e+00	0.00e+00	0.00e+00	0.00e+00	0.00e+00	5.77e-01	2.34e-01	8.94e-02
 3.28805e+16	9.04e-01	9.57e-02	1.09e-13	0.00e+00	0.00e+00	0.00e+00	0.00e+00	0.00e+00	0.00e+00	5.81e-01	2.34e-01	8.95e-02
 3.28812e+16	9.08e-01	9.19e-02	1.07e-13	0.00e+00	0.00e+00	0.00e+00	0.00e+00	0.00e+00	0.00e+00	5.84e-01	2.34e-01	8.96e-02
 3.28818e+16	9.12e-01	8.82e-02	1.05e-13	0.00e+00	0.00e+00	0.00e+00	0.00e+00	0.00e+00	0.00e+00	5.88e-01	2.34e-01	8.97e-02
 3.28824e+16	9.15e-01	8.47e-02	1.02e-13	0.00e+00	0.00e+00	0.00e+00	0.00e+00	0.00e+00	0.00e+00	5.91e-01	2.34e-01	8.98e-02
 3.28830e+16	9.19e-01	8.13e-02	1.00e-13	0.00e+00	0.00e+00	0.00e+00	0.00e+00	0.00e+00	0.00e+00	5.95e-01	2.34e-01	8.98e-02
 3.28836e+16	9.22e-01	7.81e-02	9.81e-14	0.00e+00	0.00e+00	0.00e+00	0.00e+00	0.00e+00	0.00e+00	5.98e-01	2.34e-01	8.98e-02
 3.28842e+16	9.25e-01	7.50e-02	9.61e-14	0.00e+00	0.00e+00	0.00e+00	0.00e+00	0.00e+00	0.00e+00	6.01e-01	2.34e-01	8.99e-02
 3.28848e+16	9.28e-01	7.20e-02	9.40e-14	0.00e+00	0.00e+00	0.00e+00	0.00e+00	0.00e+00	0.00e+00	6.04e-01	2.34e-01	8.99e-02
 3.28854e+16	9.31e-01	6.91e-02	9.20e-14	0.00e+00	0.00e+00	0.00e+00	0.00e+00	0.00e+00	0.00e+00	6.08e-01	2.33e-01	8.98e-02
 3.28860e+16	9.34e-01	6.64e-02	9.00e-14	0.00e+00	0.00e+00	0.00e+00	0.00e+00	0.00e+00	0.00e+00	6.10e-01	2.33e-01	8.98e-02
 3.28866e+16	9.36e-01	6.37e-02	8.81e-14	0.00e+00	0.00e+00	0.00e+00	0.00e+00	0.00e+00	0.00e+00	6.13e-01	2.33e-01	8.98e-02
 3.28872e+16	9.39e-01	6.12e-02	8.62e-14	0.00e+00	0.00e+00	0.00e+00	0.00e+00	0.00e+00	0.00e+00	6.16e-01	2.33e-01	8.97e-02
 3.28878e+16	9.41e-01	5.87e-02	8.43e-14	0.00e+00	0.00e+00	0.00e+00	0.00e+00	0.00e+00	0.00e+00	6.19e-01	2.33e-01	8.97e-02
 3.28884e+16	9.44e-01	5.64e-02	8.25e-14	0.00e+00	0.00e+00	0.00e+00	0.00e+00	0.00e+00	0.00e+00	6.22e-01	2.32e-01	8.96e-02
 3.28890e+16	9.46e-01	5.42e-02	8.07e-14	0.00e+00	0.00e+00	0.00e+00	0.00e+00	0.00e+00	0.00e+00	6.24e-01	2.32e-01	8.95e-02
 3.28896e+16	9.48e-01	5.20e-02	7.90e-14	0.00e+00	0.00e+00	0.00e+00	0.00e+00	0.00e+00	0.00e+00	6.27e-01	2.32e-01	8.94e-02
 3.28902e+16	9.50e-01	5.00e-02	7.73e-14	0.00e+00	0.00e+00	0.00e+00	0.00e+00	0.00e+00	0.00e+00	6.29e-01	2.32e-01	8.93e-02
 3.28908e+16	9.52e-01	4.80e-02	7.57e-14	0.00e+00	0.00e+00	0.00e+00	0.00e+00	0.00e+00	0.00e+00	6.32e-01	2.31e-01	8.92e-02
 3.28914e+16	9.54e-01	4.61e-02	7.41e-14	0.00e+00	0.00e+00	0.00e+00	0.00e+00	0.00e+00	0.00e+00	6.34e-01	2.31e-01	8.90e-02
 3.28921e+16	9.56e-01	4.43e-02	7.25e-14	0.00e+00	0.00e+00	0.00e+00	0.00e+00	0.00e+00	0.00e+00	6.36e-01	2.31e-01	8.89e-02
 3.28927e+16	9.57e-01	4.26e-02	7.10e-14	0.00e+00	0.00e+00	0.00e+00	0.00e+00	0.00e+00	0.00e+00	6.39e-01	2.30e-01	8.87e-02
 3.28933e+16	9.59e-01	4.09e-02	6.95e-14	0.00e+00	0.00e+00	0.00e+00	0.00e+00	0.00e+00	0.00e+00	6.41e-01	2.30e-01	8.86e-02
 3.28940e+16	9.61e-01	3.92e-02	6.80e-14	0.00e+00	0.00e+00	0.00e+00	0.00e+00	0.00e+00	0.00e+00	6.43e-01	2.29e-01	8.84e-02
 3.28946e+16	9.62e-01	3.77e-02	6.66e-14	0.00e+00	0.00e+00	0.00e+00	0.00e+00	0.00e+00	0.00e+00	6.45e-01	2.29e-01	8.81e-02
 3.28953e+16	9.64e-01	3.62e-02	6.53e-14	0.00e+00	0.00e+00	0.00e+00	0.00e+00	0.00e+00	0.00e+00	6.47e-01	2.29e-01	8.79e-02
 3.28960e+16	9.65e-01	3.47e-02	6.39e-14	0.00e+00	0.00e+00	0.00e+00	0.00e+00	0.00e+00	0.00e+00	6.50e-01	2.28e-01	8.76e-02
 3.28967e+16	9.67e-01	3.34e-02	6.27e-14	0.00e+00	0.00e+00	0.00e+00	0.00e+00	0.00e+00	0.00e+00	6.52e-01	2.28e-01	8.73e-02
 3.28973e+16	9.68e-01	3.20e-02	6.15e-14	0.00e+00	0.00e+00	0.00e+00	0.00e+00	0.00e+00	0.00e+00	6.54e-01	2.27e-01	8.70e-02
 3.28980e+16	9.69e-01	3.08e-02	6.03e-14	0.00e+00	0.00e+00	0.00e+00	0.00e+00	0.00e+00	0.00e+00	6.56e-01	2.26e-01	8.65e-02
 3.28988e+16	9.70e-01	2.95e-02	5.92e-14	0.00e+00	0.00e+00	0.00e+00	0.00e+00	0.00e+00	0.00e+00	6.59e-01	2.26e-01	8.60e-02
