#depth	O	O+	O+2	O+3	O+4	O+5	O+6	O+7	O+8	O[1]	O[2]	O[3]
 1.00007e+15	0.00e+00	3.58e-08	7.99e-03	9.76e-01	1.58e-02	0.00e+00	0.00e+00	0.00e+00	0.00e+00	0.00e+00	0.00e+00	0.00e+00
 3.04021e+15	0.00e+00	4.32e-08	8.72e-03	9.77e-01	1.44e-02	0.00e+00	0.00e+00	0.00e+00	0.00e+00	0.00e+00	0.00e+00	0.00e+00
 5.16196e+15	0.00e+00	5.23e-08	9.51e-03	9.77e-01	1.31e-02	0.00e+00	0.00e+00	0.00e+00	0.00e+00	0.00e+00	0.00e+00	0.00e+00
 7.09332e+15	0.00e+00	6.24e-08	1.03e-02	9.78e-01	1.20e-02	0.00e+00	0.00e+00	0.00e+00	0.00e+00	0.00e+00	0.00e+00	0.00e+00
 8.48939e+15	0.00e+00	7.09e-08	1.08e-02	9.78e-01	1.12e-02	0.00e+00	0.00e+00	0.00e+00	0.00e+00	0.00e+00	0.00e+00	0.00e+00
 9.48123e+15	0.00e+00	7.74e-08	1.13e-02	9.78e-01	1.07e-02	0.00e+00	0.00e+00	0.00e+00	0.00e+00	0.00e+00	0.00e+00	0.00e+00
 1.04570e+16	0.00e+00	8.43e-08	1.17e-02	9.78e-01	1.02e-02	0.00e+00	0.00e+00	0.00e+00	0.00e+00	0.00e+00	0.00e+00	0.00e+00
 1.16218e+16	0.00e+00	9.32e-08	1.22e-02	9.78e-01	9.70e-03	0.00e+00	0.00e+00	0.00e+00	0.00e+00	0.00e+00	0.00e+00	0.00e+00
 1.28883e+16	0.00e+00	1.04e-07	1.27e-02	9.78e-01	9.16e-03	0.00e+00	0.00e+00	0.00e+00	0.00e+00	0.00e+00	0.00e+00	0.00e+00
 1.40969e+16	0.00e+00	1.15e-07	1.32e-02	9.78e-01	8.69e-03	0.00e+00	0.00e+00	0.00e+00	0.00e+00	0.00e+00	0.00e+00	0.00e+00
 1.52673e+16	0.00e+00	1.26e-07	1.37e-02	9.78e-01	8.28e-03	0.00e+00	0.00e+00	0.00e+00	0.00e+00	0.00e+00	0.00e+00	0.00e+00
 1.66258e+16	0.00e+00	1.39e-07	1.44e-02	9.78e-01	7.84e-03	0.00e+00	0.00e+00	0.00e+00	0.00e+00	0.00e+00	0.00e+00	0.00e+00
 1.83286e+16	0.00e+00	1.57e-07	1.51e-02	9.78e-01	7.34e-03	0.00e+00	0.00e+00	0.00e+00	0.00e+00	0.00e+00	0.00e+00	0.00e+00
 2.02770e+16	0.00e+00	1.79e-07	1.60e-02	9.77e-01	6.83e-03	0.00e+00	0.00e+00	0.00e+00	0.00e+00	0.00e+00	0.00e+00	0.00e+00
 2.23943e+16	0.00e+00	2.06e-07	1.70e-02	9.77e-01	6.34e-03	0.00e+00	0.00e+00	0.00e+00	0.00e+00	0.00e+00	0.00e+00	0.00e+00
 2.48738e+16	0.00e+00	2.40e-07	1.82e-02	9.76e-01	5.84e-03	0.00e+00	0.00e+00	0.00e+00	0.00e+00	0.00e+00	0.00e+00	0.00e+00
 2.77712e+16	0.00e+00	2.83e-07	1.97e-02	9.75e-01	5.34e-03	0.00e+00	0.00e+00	0.00e+00	0.00e+00	0.00e+00	0.00e+00	0.00e+00
 3.08821e+16	0.00e+00	3.35e-07	2.13e-02	9.74e-01	4.88e-03	0.00e+00	0.00e+00	0.00e+00	0.00e+00	0.00e+00	0.00e+00	0.00e+00
 3.41176e+16	0.00e+00	3.96e-07	2.30e-02	9.73e-01	4.47e-03	0.00e+00	0.00e+00	0.00e+00	0.00e+00	0.00e+00	0.00e+00	0.00e+00
 3.74824e+16	0.00e+00	4.67e-07	2.48e-02	9.71e-01	4.10e-03	0.00e+00	0.00e+00	0.00e+00	0.00e+00	0.00e+00	0.00e+00	0.00e+00
 4.09818e+16	0.00e+00	5.49e-07	2.68e-02	9.69e-01	3.76e-03	0.00e+00	0.00e+00	0.00e+00	0.00e+00	0.00e+00	0.00e+00	0.00e+00
 4.46212e+16	0.00e+00	6.45e-07	2.90e-02	9.68e-01	3.45e-03	0.00e+00	0.00e+00	0.00e+00	0.00e+00	0.00e+00	0.00e+00	0.00e+00
 4.84062e+16	0.00e+00	7.56e-07	3.13e-02	9.66e-01	3.17e-03	0.00e+00	0.00e+00	0.00e+00	0.00e+00	0.00e+00	0.00e+00	0.00e+00
 5.23426e+16	0.00e+00	8.86e-07	3.38e-02	9.63e-01	2.92e-03	0.00e+00	0.00e+00	0.00e+00	0.00e+00	0.00e+00	0.00e+00	0.00e+00
 5.64365e+16	0.00e+00	1.04e-06	3.65e-02	9.61e-01	2.68e-03	0.00e+00	0.00e+00	0.00e+00	0.00e+00	0.00e+00	0.00e+00	0.00e+00
 6.06941e+16	0.00e+00	1.21e-06	3.93e-02	9.58e-01	2.47e-03	0.00e+00	0.00e+00	0.00e+00	0.00e+00	0.00e+00	0.00e+00	0.00e+00
 6.51220e+16	0.00e+00	1.42e-06	4.24e-02	9.55e-01	2.27e-03	0.00e+00	0.00e+00	0.00e+00	0.00e+00	0.00e+00	0.00e+00	0.00e+00
 6.97270e+16	0.00e+00	1.66e-06	4.58e-02	9.52e-01	2.08e-03	0.00e+00	0.00e+00	0.00e+00	0.00e+00	0.00e+00	0.00e+00	0.00e+00
 7.45162e+16	0.00e+00	1.94e-06	4.93e-02	9.49e-01	1.92e-03	0.00e+00	0.00e+00	0.00e+00	0.00e+00	0.00e+00	0.00e+00	0.00e+00
 7.94970e+16	0.00e+00	2.27e-06	5.32e-02	9.45e-01	1.76e-03	0.00e+00	0.00e+00	0.00e+00	0.00e+00	0.00e+00	0.00e+00	0.00e+00
 8.46770e+16	0.00e+00	2.65e-06	5.73e-02	9.41e-01	1.62e-03	0.00e+00	0.00e+00	0.00e+00	0.00e+00	0.00e+00	0.00e+00	0.00e+00
 9.00642e+16	0.00e+00	3.09e-06	6.17e-02	9.37e-01	1.49e-03	0.00e+00	0.00e+00	0.00e+00	0.00e+00	0.00e+00	0.00e+00	0.00e+00
 9.56669e+16	0.00e+00	3.60e-06	6.64e-02	9.32e-01	1.37e-03	0.00e+00	0.00e+00	0.00e+00	0.00e+00	0.00e+00	0.00e+00	0.00e+00
 1.01494e+17	0.00e+00	4.20e-06	7.15e-02	9.27e-01	1.25e-03	0.00e+00	0.00e+00	0.00e+00	0.00e+00	0.00e+00	0.00e+00	0.00e+00
 1.07554e+17	0.00e+00	4.89e-06	7.69e-02	9.22e-01	1.15e-03	0.00e+00	0.00e+00	0.00e+00	0.00e+00	0.00e+00	0.00e+00	0.00e+00
 1.13856e+17	0.00e+00	5.69e-06	8.26e-02	9.16e-01	1.06e-03	0.00e+00	0.00e+00	0.00e+00	0.00e+00	0.00e+00	0.00e+00	0.00e+00
 1.20410e+17	0.00e+00	6.63e-06	8.88e-02	9.10e-01	9.69e-04	0.00e+00	0.00e+00	0.00e+00	0.00e+00	0.00e+00	0.00e+00	0.00e+00
 1.27227e+17	0.00e+00	7.71e-06	9.54e-02	9.04e-01	8.88e-04	0.00e+00	0.00e+00	0.00e+00	0.00e+00	0.00e+00	0.00e+00	0.00e+00
 1.34316e+17	0.00e+00	8.96e-06	1.02e-01	8.97e-01	8.14e-04	0.00e+00	0.00e+00	0.00e+00	0.00e+00	0.00e+00	0.00e+00	0.00e+00
 1.41689e+17	0.00e+00	1.04e-05	1.10e-01	8.89e-01	7.45e-04	0.00e+00	0.00e+00	0.00e+00	0.00e+00	0.00e+00	0.00e+00	0.00e+00
 1.49357e+17	0.00e+00	1.21e-05	1.18e-01	8.81e-01	6.82e-04	0.00e+00	0.00e+00	0.00e+00	0.00e+00	0.00e+00	0.00e+00	0.00e+00
 1.57331e+17	0.00e+00	1.40e-05	1.26e-01	8.73e-01	6.24e-04	0.00e+00	0.00e+00	0.00e+00	0.00e+00	0.00e+00	0.00e+00	0.00e+00
 1.65624e+17	0.00e+00	1.63e-05	1.35e-01	8.64e-01	5.70e-04	0.00e+00	0.00e+00	0.00e+00	0.00e+00	0.00e+00	0.00e+00	0.00e+00
 1.74249e+17	0.00e+00	1.88e-05	1.45e-01	8.55e-01	5.21e-04	0.00e+00	0.00e+00	0.00e+00	0.00e+00	0.00e+00	0.00e+00	0.00e+00
 1.83220e+17	0.00e+00	2.18e-05	1.55e-01	8.45e-01	4.75e-04	0.00e+00	0.00e+00	0.00e+00	0.00e+00	0.00e+00	0.00e+00	0.00e+00
 1.92548e+17	0.00e+00	2.52e-05	1.66e-01	8.34e-01	4.33e-04	0.00e+00	0.00e+00	0.00e+00	0.00e+00	0.00e+00	0.00e+00	0.00e+00
 2.02251e+17	0.00e+00	2.91e-05	1.77e-01	8.23e-01	3.95e-04	0.00e+00	0.00e+00	0.00e+00	0.00e+00	0.00e+00	0.00e+00	0.00e+00
 2.12341e+17	0.00e+00	3.37e-05	1.89e-01	8.11e-01	3.59e-04	0.00e+00	0.00e+00	0.00e+00	0.00e+00	0.00e+00	0.00e+00	0.00e+00
 2.22834e+17	0.00e+00	3.88e-05	2.01e-01	7.98e-01	3.27e-04	0.00e+00	0.00e+00	0.00e+00	0.00e+00	0.00e+00	0.00e+00	0.00e+00
 2.33748e+17	0.00e+00	4.47e-05	2.14e-01	7.85e-01	2.97e-04	0.00e+00	0.00e+00	0.00e+00	0.00e+00	0.00e+00	0.00e+00	0.00e+00
 2.45098e+17	0.00e+00	5.13e-05	2.28e-01	7.72e-01	2.70e-04	0.00e+00	0.00e+00	0.00e+00	0.00e+00	0.00e+00	0.00e+00	0.00e+00
 2.56902e+17	0.00e+00	5.90e-05	2.42e-01	7.57e-01	2.45e-04	0.00e+00	0.00e+00	0.00e+00	0.00e+00	0.00e+00	0.00e+00	0.00e+00
 2.69178e+17	0.00e+00	6.76e-05	2.57e-01	7.42e-01	2.22e-04	0.00e+00	0.00e+00	0.00e+00	0.00e+00	0.00e+00	0.00e+00	0.00e+00
 2.81946e+17	0.00e+00	7.73e-05	2.73e-01	7.27e-01	2.01e-04	0.00e+00	0.00e+00	0.00e+00	0.00e+00	0.00e+00	0.00e+00	0.00e+00
 2.95224e+17	0.00e+00	8.83e-05	2.89e-01	7.10e-01	1.82e-04	0.00e+00	0.00e+00	0.00e+00	0.00e+00	0.00e+00	0.00e+00	0.00e+00
 3.09033e+17	0.00e+00	1.01e-04	3.06e-01	6.94e-01	1.65e-04	0.00e+00	0.00e+00	0.00e+00	0.00e+00	0.00e+00	0.00e+00	0.00e+00
 3.23394e+17	0.00e+00	1.15e-04	3.24e-01	6.76e-01	1.49e-04	0.00e+00	0.00e+00	0.00e+00	0.00e+00	0.00e+00	0.00e+00	0.00e+00
 3.38330e+17	0.00e+00	1.30e-04	3.42e-01	6.58e-01	1.34e-04	0.00e+00	0.00e+00	0.00e+00	0.00e+00	0.00e+00	0.00e+00	0.00e+00
 3.53863e+17	0.00e+00	1.48e-04	3.60e-01	6.39e-01	1.21e-04	0.00e+00	0.00e+00	0.00e+00	0.00e+00	0.00e+00	0.00e+00	0.00e+00
 3.70018e+17	0.00e+00	1.68e-04	3.79e-01	6.20e-01	1.09e-04	0.00e+00	0.00e+00	0.00e+00	0.00e+00	0.00e+00	0.00e+00	0.00e+00
 3.86819e+17	0.00e+00	1.90e-04	3.99e-01	6.01e-01	9.74e-05	0.00e+00	0.00e+00	0.00e+00	0.00e+00	0.00e+00	0.00e+00	0.00e+00
 4.04292e+17	0.00e+00	2.14e-04	4.19e-01	5.81e-01	8.73e-05	0.00e+00	0.00e+00	0.00e+00	0.00e+00	0.00e+00	0.00e+00	0.00e+00
 4.22463e+17	0.00e+00	2.41e-04	4.39e-01	5.60e-01	7.80e-05	0.00e+00	0.00e+00	0.00e+00	0.00e+00	0.00e+00	0.00e+00	0.00e+00
 4.41362e+17	1.19e-10	2.72e-04	4.60e-01	5.39e-01	6.96e-05	0.00e+00	0.00e+00	0.00e+00	0.00e+00	1.19e-10	6.35e-14	6.56e-14
 4.61017e+17	1.44e-10	3.05e-04	4.81e-01	5.18e-01	6.20e-05	0.00e+00	0.00e+00	0.00e+00	0.00e+00	1.38e-10	2.96e-12	3.15e-12
 4.81458e+17	1.74e-10	3.42e-04	5.03e-01	4.97e-01	5.51e-05	0.00e+00	0.00e+00	0.00e+00	0.00e+00	1.67e-10	3.33e-12	3.57e-12
 5.02716e+17	2.10e-10	3.83e-04	5.24e-01	4.75e-01	4.88e-05	0.00e+00	0.00e+00	0.00e+00	0.00e+00	2.02e-10	3.74e-12	4.05e-12
 5.24825e+17	2.52e-10	4.28e-04	5.46e-01	4.54e-01	4.31e-05	0.00e+00	0.00e+00	0.00e+00	0.00e+00	2.44e-10	4.19e-12	4.57e-12
 5.47818e+17	3.03e-10	4.78e-04	5.67e-01	4.32e-01	3.80e-05	0.00e+00	0.00e+00	0.00e+00	0.00e+00	2.93e-10	4.69e-12	5.15e-12
 5.71731e+17	3.63e-10	5.33e-04	5.89e-01	4.10e-01	3.34e-05	0.00e+00	0.00e+00	0.00e+00	0.00e+00	3.52e-10	5.24e-12	5.79e-12
 5.96600e+17	4.35e-10	5.93e-04	6.11e-01	3.89e-01	2.93e-05	0.00e+00	0.00e+00	0.00e+00	0.00e+00	4.22e-10	5.85e-12	6.50e-12
 6.22464e+17	5.19e-10	6.58e-04	6.32e-01	3.67e-01	2.56e-05	0.00e+00	0.00e+00	0.00e+00	0.00e+00	5.05e-10	6.51e-12	7.28e-12
 6.49363e+17	6.19e-10	7.30e-04	6.53e-01	3.46e-01	2.22e-05	0.00e+00	0.00e+00	0.00e+00	0.00e+00	6.04e-10	7.24e-12	8.14e-12
 6.77338e+17	7.37e-10	8.08e-04	6.74e-01	3.25e-01	1.93e-05	0.00e+00	0.00e+00	0.00e+00	0.00e+00	7.20e-10	8.04e-12	9.08e-12
 7.06431e+17	8.78e-10	8.94e-04	6.95e-01	3.05e-01	1.67e-05	0.00e+00	0.00e+00	0.00e+00	0.00e+00	8.59e-10	8.92e-12	1.01e-11
 7.36689e+17	1.04e-09	9.87e-04	7.15e-01	2.84e-01	1.44e-05	0.00e+00	0.00e+00	0.00e+00	0.00e+00	1.02e-09	9.88e-12	1.13e-11
 7.68156e+17	1.24e-09	1.09e-03	7.34e-01	2.65e-01	1.23e-05	0.00e+00	0.00e+00	0.00e+00	0.00e+00	1.21e-09	1.09e-11	1.25e-11
 8.00883e+17	1.47e-09	1.20e-03	7.53e-01	2.46e-01	1.05e-05	0.00e+00	0.00e+00	0.00e+00	0.00e+00	1.44e-09	1.21e-11	1.39e-11
 8.34918e+17	1.74e-09	1.32e-03	7.71e-01	2.27e-01	8.94e-06	0.00e+00	0.00e+00	0.00e+00	0.00e+00	1.71e-09	1.34e-11	1.54e-11
 8.70315e+17	2.06e-09	1.45e-03	7.89e-01	2.09e-01	7.56e-06	0.00e+00	0.00e+00	0.00e+00	0.00e+00	2.03e-09	1.48e-11	1.71e-11
 9.07128e+17	2.43e-09	1.59e-03	8.06e-01	1.92e-01	6.37e-06	0.00e+00	0.00e+00	0.00e+00	0.00e+00	2.40e-09	1.63e-11	1.89e-11
 9.45413e+17	2.87e-09	1.74e-03	8.22e-01	1.76e-01	5.34e-06	0.00e+00	0.00e+00	0.00e+00	0.00e+00	2.83e-09	1.80e-11	2.09e-11
 9.85230e+17	3.39e-09	1.91e-03	8.38e-01	1.60e-01	4.45e-06	0.00e+00	0.00e+00	0.00e+00	0.00e+00	3.35e-09	1.99e-11	2.32e-11
 1.02664e+18	4.00e-09	2.09e-03	8.52e-01	1.46e-01	3.70e-06	0.00e+00	0.00e+00	0.00e+00	0.00e+00	3.95e-09	2.20e-11	2.56e-11
 1.06970e+18	4.71e-09	2.28e-03	8.66e-01	1.32e-01	3.05e-06	0.00e+00	0.00e+00	0.00e+00	0.00e+00	4.66e-09	2.42e-11	2.83e-11
 1.11449e+18	5.54e-09	2.50e-03	8.79e-01	1.19e-01	2.50e-06	0.00e+00	0.00e+00	0.00e+00	0.00e+00	5.49e-09	2.67e-11	3.13e-11
 1.16107e+18	6.52e-09	2.72e-03	8.91e-01	1.06e-01	2.04e-06	0.00e+00	0.00e+00	0.00e+00	0.00e+00	6.46e-09	2.95e-11	3.46e-11
 1.20952e+18	7.67e-09	2.97e-03	9.02e-01	9.51e-02	1.66e-06	0.00e+00	0.00e+00	0.00e+00	0.00e+00	7.60e-09	3.26e-11	3.83e-11
 1.25990e+18	9.01e-09	3.23e-03	9.12e-01	8.45e-02	1.34e-06	0.00e+00	0.00e+00	0.00e+00	0.00e+00	8.93e-09	3.60e-11	4.24e-11
 1.31229e+18	1.06e-08	3.52e-03	9.22e-01	7.48e-02	1.07e-06	0.00e+00	0.00e+00	0.00e+00	0.00e+00	1.05e-08	3.99e-11	4.69e-11
 1.36678e+18	1.24e-08	3.82e-03	9.30e-01	6.59e-02	8.56e-07	0.00e+00	0.00e+00	0.00e+00	0.00e+00	1.23e-08	4.41e-11	5.19e-11
 1.42346e+18	1.46e-08	4.16e-03	9.38e-01	5.78e-02	6.77e-07	0.00e+00	0.00e+00	0.00e+00	0.00e+00	1.45e-08	4.89e-11	5.76e-11
 1.48239e+18	1.71e-08	4.52e-03	9.45e-01	5.05e-02	5.33e-07	0.00e+00	0.00e+00	0.00e+00	0.00e+00	1.70e-08	5.42e-11	6.39e-11
 1.54369e+18	2.01e-08	4.90e-03	9.51e-01	4.38e-02	4.17e-07	0.00e+00	0.00e+00	0.00e+00	0.00e+00	2.00e-08	6.02e-11	7.10e-11
 1.60744e+18	2.36e-08	5.32e-03	9.57e-01	3.79e-02	3.24e-07	0.00e+00	0.00e+00	0.00e+00	0.00e+00	2.34e-08	6.68e-11	7.89e-11
 1.67374e+18	2.77e-08	5.77e-03	9.62e-01	3.26e-02	2.50e-07	0.00e+00	0.00e+00	0.00e+00	0.00e+00	2.75e-08	7.43e-11	8.78e-11
 1.74269e+18	3.24e-08	6.25e-03	9.66e-01	2.79e-02	1.91e-07	0.00e+00	0.00e+00	0.00e+00	0.00e+00	3.23e-08	8.27e-11	9.78e-11
 1.81439e+18	3.81e-08	6.78e-03	9.69e-01	2.38e-02	1.46e-07	0.00e+00	0.00e+00	0.00e+00	0.00e+00	3.79e-08	9.23e-11	1.09e-10
 1.88897e+18	4.46e-08	7.34e-03	9.72e-01	2.02e-02	0.00e+00	0.00e+00	0.00e+00	0.00e+00	0.00e+00	4.44e-08	1.03e-10	1.22e-10
 1.96653e+18	5.23e-08	7.95e-03	9.75e-01	1.70e-02	0.00e+00	0.00e+00	0.00e+00	0.00e+00	0.00e+00	5.21e-08	1.15e-10	1.36e-10
 2.04719e+18	6.13e-08	8.60e-03	9.77e-01	1.43e-02	0.00e+00	0.00e+00	0.00e+00	0.00e+00	0.00e+00	6.10e-08	1.28e-10	1.52e-10
 2.13108e+18	7.19e-08	9.31e-03	9.79e-01	1.19e-02	0.00e+00	0.00e+00	0.00e+00	0.00e+00	0.00e+00	7.16e-08	1.44e-10	1.70e-10
 2.21832e+18	8.43e-08	1.01e-02	9.80e-01	9.90e-03	0.00e+00	0.00e+00	0.00e+00	0.00e+00	0.00e+00	8.40e-08	1.61e-10	1.90e-10
 2.30905e+18	9.89e-08	1.09e-02	9.81e-01	8.18e-03	0.00e+00	0.00e+00	0.00e+00	0.00e+00	0.00e+00	9.85e-08	1.80e-10	2.13e-10
 2.40342e+18	1.16e-07	1.18e-02	9.81e-01	6.73e-03	0.00e+00	0.00e+00	0.00e+00	0.00e+00	0.00e+00	1.16e-07	2.02e-10	2.39e-10
 2.50155e+18	1.36e-07	1.27e-02	9.82e-01	5.50e-03	0.00e+00	0.00e+00	0.00e+00	0.00e+00	0.00e+00	1.35e-07	2.27e-10	2.68e-10
 2.60361e+18	1.59e-07	1.38e-02	9.82e-01	4.48e-03	0.00e+00	0.00e+00	0.00e+00	0.00e+00	0.00e+00	1.59e-07	2.55e-10	3.00e-10
 2.70976e+18	1.87e-07	1.49e-02	9.81e-01	3.62e-03	0.00e+00	0.00e+00	0.00e+00	0.00e+00	0.00e+00	1.86e-07	2.87e-10	3.38e-10
 2.82015e+18	2.19e-07	1.61e-02	9.81e-01	2.92e-03	0.00e+00	0.00e+00	0.00e+00	0.00e+00	0.00e+00	2.19e-07	3.23e-10	3.79e-10
 2.93496e+18	2.58e-07	1.74e-02	9.80e-01	2.33e-03	0.00e+00	0.00e+00	0.00e+00	0.00e+00	0.00e+00	2.57e-07	3.63e-10	4.27e-10
 3.05435e+18	3.02e-07	1.88e-02	9.79e-01	1.86e-03	0.00e+00	0.00e+00	0.00e+00	0.00e+00	0.00e+00	3.01e-07	4.10e-10	4.81e-10
 3.17853e+18	3.55e-07	2.03e-02	9.78e-01	1.47e-03	0.00e+00	0.00e+00	0.00e+00	0.00e+00	0.00e+00	3.54e-07	4.63e-10	5.42e-10
 3.30767e+18	4.17e-07	2.19e-02	9.77e-01	1.16e-03	0.00e+00	0.00e+00	0.00e+00	0.00e+00	0.00e+00	4.15e-07	5.23e-10	6.12e-10
 3.44198e+18	4.89e-07	2.37e-02	9.75e-01	9.03e-04	0.00e+00	0.00e+00	0.00e+00	0.00e+00	0.00e+00	4.88e-07	5.92e-10	6.92e-10
 3.58166e+18	5.75e-07	2.55e-02	9.74e-01	7.02e-04	0.00e+00	0.00e+00	0.00e+00	0.00e+00	0.00e+00	5.74e-07	6.71e-10	7.83e-10
 3.72692e+18	6.76e-07	2.76e-02	9.72e-01	5.42e-04	0.00e+00	0.00e+00	0.00e+00	0.00e+00	0.00e+00	6.74e-07	7.61e-10	8.87e-10
 3.87800e+18	7.95e-07	2.98e-02	9.70e-01	4.16e-04	0.00e+00	0.00e+00	0.00e+00	0.00e+00	0.00e+00	7.93e-07	8.66e-10	1.01e-09
 4.03512e+18	9.35e-07	3.21e-02	9.68e-01	3.17e-04	0.00e+00	0.00e+00	0.00e+00	0.00e+00	0.00e+00	9.33e-07	9.85e-10	1.14e-09
 4.19852e+18	1.10e-06	3.47e-02	9.65e-01	2.40e-04	0.00e+00	0.00e+00	0.00e+00	0.00e+00	0.00e+00	1.10e-06	1.12e-09	1.30e-09
 4.36847e+18	1.29e-06	3.74e-02	9.62e-01	1.80e-04	0.00e+00	0.00e+00	0.00e+00	0.00e+00	0.00e+00	1.29e-06	1.28e-09	1.49e-09
 4.54520e+18	1.53e-06	4.04e-02	9.59e-01	1.35e-04	0.00e+00	0.00e+00	0.00e+00	0.00e+00	0.00e+00	1.52e-06	1.47e-09	1.70e-09
 4.72901e+18	1.80e-06	4.36e-02	9.56e-01	9.99e-05	0.00e+00	0.00e+00	0.00e+00	0.00e+00	0.00e+00	1.79e-06	1.68e-09	1.94e-09
 4.92017e+18	2.12e-06	4.70e-02	9.53e-01	7.36e-05	0.00e+00	0.00e+00	0.00e+00	0.00e+00	0.00e+00	2.11e-06	1.93e-09	2.23e-09
 5.11898e+18	2.50e-06	5.07e-02	9.49e-01	5.38e-05	0.00e+00	0.00e+00	0.00e+00	0.00e+00	0.00e+00	2.49e-06	2.22e-09	2.56e-09
 5.32574e+18	2.95e-06	5.46e-02	9.45e-01	3.91e-05	0.00e+00	0.00e+00	0.00e+00	0.00e+00	0.00e+00	2.94e-06	2.56e-09	2.94e-09
 5.54077e+18	3.48e-06	5.89e-02	9.41e-01	2.82e-05	0.00e+00	0.00e+00	0.00e+00	0.00e+00	0.00e+00	3.47e-06	2.95e-09	3.38e-09
 5.76440e+18	4.11e-06	6.35e-02	9.36e-01	2.02e-05	0.00e+00	0.00e+00	0.00e+00	0.00e+00	0.00e+00	4.10e-06	3.40e-09	3.91e-09
 5.99698e+18	4.85e-06	6.85e-02	9.32e-01	1.43e-05	0.00e+00	0.00e+00	0.00e+00	0.00e+00	0.00e+00	4.84e-06	3.94e-09	4.51e-09
 6.23886e+18	5.73e-06	7.38e-02	9.26e-01	1.01e-05	0.00e+00	0.00e+00	0.00e+00	0.00e+00	0.00e+00	5.72e-06	4.56e-09	5.22e-09
 6.49041e+18	6.77e-06	7.95e-02	9.20e-01	7.08e-06	0.00e+00	0.00e+00	0.00e+00	0.00e+00	0.00e+00	6.76e-06	5.29e-09	6.06e-09
 6.75203e+18	8.01e-06	8.57e-02	9.14e-01	4.93e-06	0.00e+00	0.00e+00	0.00e+00	0.00e+00	0.00e+00	7.99e-06	6.15e-09	7.03e-09
 7.02411e+18	9.47e-06	9.23e-02	9.08e-01	3.41e-06	0.00e+00	0.00e+00	0.00e+00	0.00e+00	0.00e+00	9.46e-06	7.16e-09	8.17e-09
 7.30707e+18	1.12e-05	9.93e-02	9.01e-01	2.34e-06	0.00e+00	0.00e+00	0.00e+00	0.00e+00	0.00e+00	1.12e-05	8.33e-09	9.51e-09
 7.60135e+18	1.33e-05	1.07e-01	8.93e-01	1.59e-06	0.00e+00	0.00e+00	0.00e+00	0.00e+00	0.00e+00	1.32e-05	9.72e-09	1.11e-08
 7.90741e+18	1.57e-05	1.15e-01	8.85e-01	1.08e-06	0.00e+00	0.00e+00	0.00e+00	0.00e+00	0.00e+00	1.57e-05	1.13e-08	1.29e-08
 8.22571e+18	1.86e-05	1.24e-01	8.76e-01	7.28e-07	0.00e+00	0.00e+00	0.00e+00	0.00e+00	0.00e+00	1.85e-05	1.33e-08	1.51e-08
 8.55673e+18	2.20e-05	1.33e-01	8.67e-01	4.88e-07	0.00e+00	0.00e+00	0.00e+00	0.00e+00	0.00e+00	2.19e-05	1.55e-08	1.77e-08
 8.90100e+18	2.60e-05	1.43e-01	8.57e-01	3.25e-07	0.00e+00	0.00e+00	0.00e+00	0.00e+00	0.00e+00	2.60e-05	1.81e-08	2.07e-08
 9.25904e+18	3.08e-05	1.54e-01	8.46e-01	2.16e-07	0.00e+00	0.00e+00	0.00e+00	0.00e+00	0.00e+00	3.07e-05	2.12e-08	2.42e-08
 9.63141e+18	3.65e-05	1.66e-01	8.34e-01	1.43e-07	0.00e+00	0.00e+00	0.00e+00	0.00e+00	0.00e+00	3.64e-05	2.49e-08	2.84e-08
 1.00187e+19	4.31e-05	1.78e-01	8.22e-01	0.00e+00	0.00e+00	0.00e+00	0.00e+00	0.00e+00	0.00e+00	4.31e-05	2.92e-08	3.33e-08
 1.04214e+19	5.11e-05	1.91e-01	8.09e-01	0.00e+00	0.00e+00	0.00e+00	0.00e+00	0.00e+00	0.00e+00	5.10e-05	3.43e-08	3.90e-08
 1.08403e+19	6.04e-05	2.05e-01	7.95e-01	0.00e+00	0.00e+00	0.00e+00	0.00e+00	0.00e+00	0.00e+00	6.03e-05	4.02e-08	4.58e-08
 1.12759e+19	7.15e-05	2.20e-01	7.80e-01	0.00e+00	0.00e+00	0.00e+00	0.00e+00	0.00e+00	0.00e+00	7.14e-05	4.73e-08	5.38e-08
 1.17289e+19	8.45e-05	2.36e-01	7.64e-01	0.00e+00	0.00e+00	0.00e+00	0.00e+00	0.00e+00	0.00e+00	8.43e-05	5.55e-08	6.32e-08
 1.22001e+19	9.99e-05	2.53e-01	7.47e-01	0.00e+00	0.00e+00	0.00e+00	0.00e+00	0.00e+00	0.00e+00	9.98e-05	6.52e-08	7.43e-08
 1.26901e+19	1.18e-04	2.71e-01	7.29e-01	0.00e+00	0.00e+00	0.00e+00	0.00e+00	0.00e+00	0.00e+00	1.18e-04	7.67e-08	8.74e-08
 1.31997e+19	1.40e-04	2.90e-01	7.10e-01	0.00e+00	0.00e+00	0.00e+00	0.00e+00	0.00e+00	0.00e+00	1.40e-04	9.03e-08	1.03e-07
 1.37297e+19	1.65e-04	3.11e-01	6.89e-01	0.00e+00	0.00e+00	0.00e+00	0.00e+00	0.00e+00	0.00e+00	1.65e-04	1.06e-07	1.21e-07
 1.42808e+19	1.96e-04	3.33e-01	6.67e-01	0.00e+00	0.00e+00	0.00e+00	0.00e+00	0.00e+00	0.00e+00	1.95e-04	1.25e-07	1.43e-07
 1.48541e+19	2.31e-04	3.55e-01	6.44e-01	0.00e+00	0.00e+00	0.00e+00	0.00e+00	0.00e+00	0.00e+00	2.31e-04	1.47e-07	1.68e-07
 1.54502e+19	2.73e-04	3.80e-01	6.20e-01	0.00e+00	0.00e+00	0.00e+00	0.00e+00	0.00e+00	0.00e+00	2.73e-04	1.74e-07	1.98e-07
 1.60703e+19	3.23e-04	4.06e-01	5.94e-01	0.00e+00	0.00e+00	0.00e+00	0.00e+00	0.00e+00	0.00e+00	3.23e-04	2.05e-07	2.34e-07
 1.67151e+19	3.83e-04	4.33e-01	5.67e-01	0.00e+00	0.00e+00	0.00e+00	0.00e+00	0.00e+00	0.00e+00	3.82e-04	2.42e-07	2.76e-07
 1.73857e+19	4.53e-04	4.62e-01	5.38e-01	0.00e+00	0.00e+00	0.00e+00	0.00e+00	0.00e+00	0.00e+00	4.53e-04	2.86e-07	3.27e-07
 1.80831e+19	5.38e-04	4.92e-01	5.07e-01	0.00e+00	0.00e+00	0.00e+00	0.00e+00	0.00e+00	0.00e+00	5.37e-04	3.38e-07	3.87e-07
 1.88084e+19	6.39e-04	5.25e-01	4.75e-01	0.00e+00	0.00e+00	0.00e+00	0.00e+00	0.00e+00	0.00e+00	6.38e-04	4.01e-07	4.60e-07
 1.95628e+19	7.61e-04	5.58e-01	4.41e-01	0.00e+00	0.00e+00	0.00e+00	0.00e+00	0.00e+00	0.00e+00	7.60e-04	4.78e-07	5.49e-07
 2.03473e+19	9.10e-04	5.94e-01	4.05e-01	0.00e+00	0.00e+00	0.00e+00	0.00e+00	0.00e+00	0.00e+00	9.08e-04	5.71e-07	6.56e-07
 2.11632e+19	1.09e-03	6.32e-01	3.67e-01	0.00e+00	0.00e+00	0.00e+00	0.00e+00	0.00e+00	0.00e+00	1.09e-03	6.85e-07	7.90e-07
 2.19896e+19	1.31e-03	6.70e-01	3.29e-01	0.00e+00	0.00e+00	0.00e+00	0.00e+00	0.00e+00	0.00e+00	1.31e-03	8.24e-07	9.51e-07
 2.27147e+19	1.54e-03	7.04e-01	2.95e-01	0.00e+00	0.00e+00	0.00e+00	0.00e+00	0.00e+00	0.00e+00	1.54e-03	9.67e-07	1.12e-06
 2.33073e+19	1.76e-03	7.31e-01	2.67e-01	0.00e+00	0.00e+00	0.00e+00	0.00e+00	0.00e+00	0.00e+00	1.76e-03	1.10e-06	1.28e-06
 2.38430e+19	1.99e-03	7.56e-01	2.42e-01	0.00e+00	0.00e+00	0.00e+00	0.00e+00	0.00e+00	0.00e+00	1.98e-03	1.25e-06	1.45e-06
 2.44360e+19	2.28e-03	7.84e-01	2.14e-01	0.00e+00	0.00e+00	0.00e+00	0.00e+00	0.00e+00	0.00e+00	2.28e-03	1.43e-06	1.67e-06
 2.50945e+19	2.67e-03	8.14e-01	1.83e-01	0.00e+00	0.00e+00	0.00e+00	0.00e+00	0.00e+00	0.00e+00	2.66e-03	1.68e-06	1.95e-06
 2.56904e+19	3.08e-03	8.42e-01	1.55e-01	0.00e+00	0.00e+00	0.00e+00	0.00e+00	0.00e+00	0.00e+00	3.08e-03	1.94e-06	2.26e-06
 2.62063e+19	3.50e-03	8.65e-01	1.32e-01	0.00e+00	0.00e+00	0.00e+00	0.00e+00	0.00e+00	0.00e+00	3.50e-03	2.21e-06	2.59e-06
 2.66376e+19	3.93e-03	8.84e-01	1.12e-01	0.00e+00	0.00e+00	0.00e+00	0.00e+00	0.00e+00	0.00e+00	3.93e-03	2.48e-06	2.90e-06
 2.69814e+19	4.31e-03	8.99e-01	9.71e-02	0.00e+00	0.00e+00	0.00e+00	0.00e+00	0.00e+00	0.00e+00	4.31e-03	2.73e-06	3.20e-06
 2.72804e+19	4.69e-03	9.11e-01	8.40e-02	0.00e+00	0.00e+00	0.00e+00	0.00e+00	0.00e+00	0.00e+00	4.69e-03	2.97e-06	3.48e-06
 2.75600e+19	5.08e-03	9.23e-01	7.22e-02	0.00e+00	0.00e+00	0.00e+00	0.00e+00	0.00e+00	0.00e+00	5.08e-03	3.22e-06	3.78e-06
 2.78204e+19	5.50e-03	9.33e-01	6.14e-02	0.00e+00	0.00e+00	0.00e+00	0.00e+00	0.00e+00	0.00e+00	5.49e-03	3.48e-06	4.09e-06
 2.80526e+19	5.90e-03	9.42e-01	5.20e-02	0.00e+00	0.00e+00	0.00e+00	0.00e+00	0.00e+00	0.00e+00	5.89e-03	3.74e-06	4.40e-06
 2.82549e+19	6.28e-03	9.50e-01	4.40e-02	0.00e+00	0.00e+00	0.00e+00	0.00e+00	0.00e+00	0.00e+00	6.27e-03	3.99e-06	4.69e-06
 2.84326e+19	6.66e-03	9.56e-01	3.72e-02	0.00e+00	0.00e+00	0.00e+00	0.00e+00	0.00e+00	0.00e+00	6.65e-03	4.23e-06	4.98e-06
 2.85931e+19	7.02e-03	9.62e-01	3.13e-02	0.00e+00	0.00e+00	0.00e+00	0.00e+00	0.00e+00	0.00e+00	7.01e-03	4.46e-06	5.25e-06
 2.87418e+19	7.38e-03	9.67e-01	2.61e-02	0.00e+00	0.00e+00	0.00e+00	0.00e+00	0.00e+00	0.00e+00	7.37e-03	4.69e-06	5.53e-06
 2.88790e+19	7.73e-03	9.71e-01	2.15e-02	0.00e+00	0.00e+00	0.00e+00	0.00e+00	0.00e+00	0.00e+00	7.72e-03	4.91e-06	5.79e-06
 2.90037e+19	8.07e-03	9.74e-01	1.76e-02	0.00e+00	0.00e+00	0.00e+00	0.00e+00	0.00e+00	0.00e+00	8.06e-03	5.13e-06	6.06e-06
 2.91180e+19	8.40e-03	9.77e-01	1.43e-02	0.00e+00	0.00e+00	0.00e+00	0.00e+00	0.00e+00	0.00e+00	8.39e-03	5.34e-06	6.30e-06
 2.92262e+19	8.73e-03	9.80e-01	1.14e-02	0.00e+00	0.00e+00	0.00e+00	0.00e+00	0.00e+00	0.00e+00	8.72e-03	5.55e-06	6.55e-06
 2.93317e+19	9.06e-03	9.82e-01	8.98e-03	0.00e+00	0.00e+00	0.00e+00	0.00e+00	0.00e+00	0.00e+00	9.04e-03	5.75e-06	6.79e-06
 2.94518e+19	9.47e-03	9.84e-01	6.62e-03	0.00e+00	0.00e+00	0.00e+00	0.00e+00	0.00e+00	0.00e+00	9.46e-03	6.02e-06	7.10e-06
 2.95811e+19	9.90e-03	9.85e-01	4.62e-03	0.00e+00	0.00e+00	0.00e+00	0.00e+00	0.00e+00	0.00e+00	9.88e-03	6.28e-06	7.41e-06
 2.97003e+19	1.03e-02	9.86e-01	3.21e-03	0.00e+00	0.00e+00	0.00e+00	0.00e+00	0.00e+00	0.00e+00	1.03e-02	6.57e-06	7.75e-06
 2.98332e+19	1.09e-02	9.87e-01	2.11e-03	0.00e+00	0.00e+00	0.00e+00	0.00e+00	0.00e+00	0.00e+00	1.09e-02	6.90e-06	8.14e-06
 3.00060e+19	1.16e-02	9.87e-01	1.21e-03	0.00e+00	0.00e+00	0.00e+00	0.00e+00	0.00e+00	0.00e+00	1.16e-02	7.37e-06	8.70e-06
 3.02306e+19	1.27e-02	9.87e-01	5.88e-04	0.00e+00	0.00e+00	0.00e+00	0.00e+00	0.00e+00	0.00e+00	1.27e-02	8.08e-06	9.55e-06
 3.05227e+19	1.44e-02	9.85e-01	2.32e-04	0.00e+00	0.00e+00	0.00e+00	0.00e+00	0.00e+00	0.00e+00	1.44e-02	9.18e-06	1.09e-05
 3.09023e+19	1.73e-02	9.83e-01	7.13e-05	0.00e+00	0.00e+00	0.00e+00	0.00e+00	0.00e+00	0.00e+00	1.73e-02	1.10e-05	1.30e-05
 3.12828e+19	2.13e-02	9.79e-01	2.19e-05	0.00e+00	0.00e+00	0.00e+00	0.00e+00	0.00e+00	0.00e+00	2.13e-02	1.36e-05	1.61e-05
 3.15914e+19	2.60e-02	9.74e-01	8.64e-06	0.00e+00	0.00e+00	0.00e+00	0.00e+00	0.00e+00	0.00e+00	2.60e-02	1.67e-05	1.97e-05
 3.18635e+19	3.18e-02	9.68e-01	3.82e-06	0.00e+00	0.00e+00	0.00e+00	0.00e+00	0.00e+00	0.00e+00	3.18e-02	2.04e-05	2.41e-05
 3.21090e+19	3.92e-02	9.61e-01	1.82e-06	0.00e+00	0.00e+00	0.00e+00	0.00e+00	0.00e+00	0.00e+00	3.91e-02	2.52e-05	2.97e-05
 3.23252e+19	4.86e-02	9.51e-01	9.27e-07	0.00e+00	0.00e+00	0.00e+00	0.00e+00	0.00e+00	0.00e+00	4.86e-02	3.12e-05	3.67e-05
 3.25084e+19	6.01e-02	9.40e-01	5.13e-07	0.00e+00	0.00e+00	0.00e+00	0.00e+00	0.00e+00	0.00e+00	6.00e-02	3.84e-05	4.51e-05
 3.26443e+19	7.21e-02	9.28e-01	3.26e-07	0.00e+00	0.00e+00	0.00e+00	0.00e+00	0.00e+00	0.00e+00	7.20e-02	4.58e-05	5.38e-05
 3.27366e+19	8.24e-02	9.18e-01	2.36e-07	0.00e+00	0.00e+00	0.00e+00	0.00e+00	0.00e+00	0.00e+00	8.23e-02	5.20e-05	6.11e-05
 3.28276e+19	9.55e-02	9.04e-01	1.66e-07	0.00e+00	0.00e+00	0.00e+00	0.00e+00	0.00e+00	0.00e+00	9.54e-02	5.98e-05	7.03e-05
 3.29269e+19	1.14e-01	8.86e-01	1.12e-07	0.00e+00	0.00e+00	0.00e+00	0.00e+00	0.00e+00	0.00e+00	1.14e-01	7.04e-05	8.26e-05
 3.29867e+19	1.27e-01	8.73e-01	8.99e-08	0.00e+00	0.00e+00	0.00e+00	0.00e+00	0.00e+00	0.00e+00	1.27e-01	7.80e-05	9.15e-05
 3.30018e+19	1.31e-01	8.69e-01	8.50e-08	0.00e+00	0.00e+00	0.00e+00	0.00e+00	0.00e+00	0.00e+00	1.31e-01	8.00e-05	9.39e-05
 3.30089e+19	1.33e-01	8.67e-01	8.23e-08	0.00e+00	0.00e+00	0.00e+00	0.00e+00	0.00e+00	0.00e+00	1.33e-01	8.11e-05	9.51e-05
 3.30181e+19	1.36e-01	8.64e-01	7.89e-08	0.00e+00	0.00e+00	0.00e+00	0.00e+00	0.00e+00	0.00e+00	1.35e-01	8.25e-05	9.69e-05
 3.30301e+19	1.39e-01	8.61e-01	7.46e-08	0.00e+00	0.00e+00	0.00e+00	0.00e+00	0.00e+00	0.00e+00	1.39e-01	8.45e-05	9.92e-05
 3.30457e+19	1.44e-01	8.56e-01	6.95e-08	0.00e+00	0.00e+00	0.00e+00	0.00e+00	0.00e+00	0.00e+00	1.44e-01	8.71e-05	1.02e-04
 3.30659e+19	1.51e-01	8.49e-01	6.31e-08	0.00e+00	0.00e+00	0.00e+00	0.00e+00	0.00e+00	0.00e+00	1.51e-01	9.08e-05	1.07e-04
 3.30923e+19	1.61e-01	8.39e-01	5.56e-08	0.00e+00	0.00e+00	0.00e+00	0.00e+00	0.00e+00	0.00e+00	1.60e-01	9.58e-05	1.12e-04
 3.31265e+19	1.74e-01	8.26e-01	4.71e-08	0.00e+00	0.00e+00	0.00e+00	0.00e+00	0.00e+00	0.00e+00	1.74e-01	1.03e-04	1.20e-04
 3.31710e+19	1.95e-01	8.05e-01	3.76e-08	0.00e+00	0.00e+00	0.00e+00	0.00e+00	0.00e+00	0.00e+00	1.94e-01	1.13e-04	1.32e-04
 3.32289e+19	2.26e-01	7.74e-01	2.78e-08	0.00e+00	0.00e+00	0.00e+00	0.00e+00	0.00e+00	0.00e+00	2.26e-01	1.27e-04	1.49e-04
 3.32909e+19	2.68e-01	7.32e-01	2.00e-08	0.00e+00	0.00e+00	0.00e+00	0.00e+00	0.00e+00	0.00e+00	2.68e-01	1.44e-04	1.69e-04
 3.33445e+19	3.14e-01	6.86e-01	1.48e-08	0.00e+00	0.00e+00	0.00e+00	0.00e+00	0.00e+00	0.00e+00	3.13e-01	1.61e-04	1.89e-04
 3.33861e+19	3.56e-01	6.44e-01	1.16e-08	0.00e+00	0.00e+00	0.00e+00	0.00e+00	0.00e+00	0.00e+00	3.55e-01	1.74e-04	2.04e-04
 3.34158e+19	3.90e-01	6.10e-01	9.76e-09	0.00e+00	0.00e+00	0.00e+00	0.00e+00	0.00e+00	0.00e+00	3.89e-01	1.83e-04	2.14e-04
 3.34387e+19	4.18e-01	5.82e-01	8.53e-09	0.00e+00	0.00e+00	0.00e+00	0.00e+00	0.00e+00	0.00e+00	4.18e-01	1.89e-04	2.22e-04
 3.34591e+19	4.45e-01	5.55e-01	7.55e-09	0.00e+00	0.00e+00	0.00e+00	0.00e+00	0.00e+00	0.00e+00	4.45e-01	1.94e-04	2.28e-04
 3.34785e+19	4.73e-01	5.27e-01	6.74e-09	0.00e+00	0.00e+00	0.00e+00	0.00e+00	0.00e+00	0.00e+00	4.72e-01	1.98e-04	2.32e-04
 3.34967e+19	4.98e-01	5.02e-01	6.09e-09	0.00e+00	0.00e+00	0.00e+00	0.00e+00	0.00e+00	0.00e+00	4.98e-01	2.01e-04	2.36e-04
 3.35125e+19	5.22e-01	4.78e-01	5.58e-09	0.00e+00	0.00e+00	0.00e+00	0.00e+00	0.00e+00	0.00e+00	5.21e-01	2.03e-04	2.38e-04
 3.35265e+19	5.43e-01	4.57e-01	5.15e-09	0.00e+00	0.00e+00	0.00e+00	0.00e+00	0.00e+00	0.00e+00	5.43e-01	2.04e-04	2.39e-04
 3.35398e+19	5.63e-01	4.37e-01	4.80e-09	0.00e+00	0.00e+00	0.00e+00	0.00e+00	0.00e+00	0.00e+00	5.63e-01	2.05e-04	2.40e-04
 3.35525e+19	5.83e-01	4.17e-01	4.49e-09	0.00e+00	0.00e+00	0.00e+00	0.00e+00	0.00e+00	0.00e+00	5.83e-01	2.04e-04	2.39e-04
 3.35625e+19	5.98e-01	4.02e-01	4.27e-09	0.00e+00	0.00e+00	0.00e+00	0.00e+00	0.00e+00	0.00e+00	5.98e-01	2.04e-04	2.39e-04
 3.35697e+19	6.09e-01	3.91e-01	4.12e-09	0.00e+00	0.00e+00	0.00e+00	0.00e+00	0.00e+00	0.00e+00	6.09e-01	2.03e-04	2.38e-04
 3.35766e+19	6.20e-01	3.80e-01	3.97e-09	0.00e+00	0.00e+00	0.00e+00	0.00e+00	0.00e+00	0.00e+00	6.20e-01	2.03e-04	2.37e-04
 3.35842e+19	6.33e-01	3.67e-01	3.82e-09	0.00e+00	0.00e+00	0.00e+00	0.00e+00	0.00e+00	0.00e+00	6.33e-01	2.01e-04	2.36e-04
 3.35920e+19	6.45e-01	3.55e-01	3.67e-09	0.00e+00	0.00e+00	0.00e+00	0.00e+00	0.00e+00	0.00e+00	6.45e-01	2.00e-04	2.35e-04
 3.35996e+19	6.57e-01	3.43e-01	3.54e-09	0.00e+00	0.00e+00	0.00e+00	0.00e+00	0.00e+00	0.00e+00	6.57e-01	1.99e-04	2.33e-04
 3.36071e+19	6.69e-01	3.31e-01	3.41e-09	0.00e+00	0.00e+00	0.00e+00	0.00e+00	0.00e+00	0.00e+00	6.68e-01	1.97e-04	2.31e-04
 3.36144e+19	6.80e-01	3.20e-01	3.29e-09	0.00e+00	0.00e+00	0.00e+00	0.00e+00	0.00e+00	0.00e+00	6.80e-01	1.95e-04	2.29e-04
 3.36217e+19	6.91e-01	3.09e-01	3.18e-09	0.00e+00	0.00e+00	0.00e+00	0.00e+00	0.00e+00	0.00e+00	6.91e-01	1.93e-04	2.26e-04
 3.36289e+19	7.02e-01	2.98e-01	3.08e-09	0.00e+00	0.00e+00	0.00e+00	0.00e+00	0.00e+00	0.00e+00	7.02e-01	1.91e-04	2.23e-04
 3.36361e+19	7.13e-01	2.87e-01	2.98e-09	0.00e+00	0.00e+00	0.00e+00	0.00e+00	0.00e+00	0.00e+00	7.13e-01	1.89e-04	2.19e-04
 3.36431e+19	7.24e-01	2.76e-01	2.88e-09	0.00e+00	0.00e+00	0.00e+00	0.00e+00	0.00e+00	0.00e+00	7.23e-01	1.86e-04	2.15e-04
 3.36501e+19	7.34e-01	2.66e-01	2.79e-09	0.00e+00	0.00e+00	0.00e+00	0.00e+00	0.00e+00	0.00e+00	7.34e-01	1.83e-04	2.11e-04
 3.36571e+19	7.44e-01	2.56e-01	2.70e-09	0.00e+00	0.00e+00	0.00e+00	0.00e+00	0.00e+00	0.00e+00	7.44e-01	1.80e-04	2.07e-04
 3.36639e+19	7.54e-01	2.46e-01	2.62e-09	0.00e+00	0.00e+00	0.00e+00	0.00e+00	0.00e+00	0.00e+00	7.54e-01	1.78e-04	2.03e-04
 3.36707e+19	7.63e-01	2.37e-01	2.55e-09	0.00e+00	0.00e+00	0.00e+00	0.00e+00	0.00e+00	0.00e+00	7.63e-01	1.75e-04	1.99e-04
 3.36774e+19	7.73e-01	2.27e-01	2.47e-09	0.00e+00	0.00e+00	0.00e+00	0.00e+00	0.00e+00	0.00e+00	7.72e-01	1.72e-04	1.95e-04
 3.36841e+19	7.82e-01	2.18e-01	2.41e-09	0.00e+00	0.00e+00	0.00e+00	0.00e+00	0.00e+00	0.00e+00	7.81e-01	1.69e-04	1.91e-04
 3.36908e+19	7.91e-01	2.09e-01	2.34e-09	0.00e+00	0.00e+00	0.00e+00	0.00e+00	0.00e+00	0.00e+00	7.90e-01	1.65e-04	1.86e-04
 3.36973e+19	7.99e-01	2.01e-01	2.27e-09	0.00e+00	0.00e+00	0.00e+00	0.00e+00	0.00e+00	0.00e+00	7.99e-01	1.62e-04	1.82e-04
 3.37037e+19	8.08e-01	1.92e-01	2.21e-09	0.00e+00	0.00e+00	0.00e+00	0.00e+00	0.00e+00	0.00e+00	8.07e-01	1.59e-04	1.78e-04
 3.37100e+19	8.16e-01	1.84e-01	2.15e-09	0.00e+00	0.00e+00	0.00e+00	0.00e+00	0.00e+00	0.00e+00	8.15e-01	1.56e-04	1.73e-04
 3.37162e+19	8.23e-01	1.77e-01	2.10e-09	0.00e+00	0.00e+00	0.00e+00	0.00e+00	0.00e+00	0.00e+00	8.23e-01	1.53e-04	1.69e-04
 3.37224e+19	8.31e-01	1.69e-01	2.04e-09	0.00e+00	0.00e+00	0.00e+00	0.00e+00	0.00e+00	0.00e+00	8.30e-01	1.50e-04	1.65e-04
 3.37284e+19	8.38e-01	1.62e-01	1.99e-09	0.00e+00	0.00e+00	0.00e+00	0.00e+00	0.00e+00	0.00e+00	8.38e-01	1.46e-04	1.60e-04
 3.37341e+19	8.45e-01	1.55e-01	1.95e-09	0.00e+00	0.00e+00	0.00e+00	0.00e+00	0.00e+00	0.00e+00	8.44e-01	1.43e-04	1.56e-04
 3.37398e+19	8.51e-01	1.49e-01	1.90e-09	0.00e+00	0.00e+00	0.00e+00	0.00e+00	0.00e+00	0.00e+00	8.51e-01	1.41e-04	1.52e-04
 3.37453e+19	8.57e-01	1.43e-01	1.86e-09	0.00e+00	0.00e+00	0.00e+00	0.00e+00	0.00e+00	0.00e+00	8.57e-01	1.38e-04	1.49e-04
 3.37507e+19	8.63e-01	1.37e-01	1.82e-09	0.00e+00	0.00e+00	0.00e+00	0.00e+00	0.00e+00	0.00e+00	8.63e-01	1.35e-04	1.45e-04
 3.37560e+19	8.69e-01	1.31e-01	1.78e-09	0.00e+00	0.00e+00	0.00e+00	0.00e+00	0.00e+00	0.00e+00	8.68e-01	1.32e-04	1.41e-04
 3.37611e+19	8.74e-01	1.26e-01	1.75e-09	0.00e+00	0.00e+00	0.00e+00	0.00e+00	0.00e+00	0.00e+00	8.74e-01	1.30e-04	1.38e-04
 3.37662e+19	8.79e-01	1.21e-01	1.71e-09	0.00e+00	0.00e+00	0.00e+00	0.00e+00	0.00e+00	0.00e+00	8.79e-01	1.27e-04	1.34e-04
 3.37711e+19	8.85e-01	1.15e-01	1.67e-09	0.00e+00	0.00e+00	0.00e+00	0.00e+00	0.00e+00	0.00e+00	8.84e-01	1.24e-04	1.31e-04
 3.37760e+19	8.89e-01	1.11e-01	1.64e-09	0.00e+00	0.00e+00	0.00e+00	0.00e+00	0.00e+00	0.00e+00	8.89e-01	1.21e-04	1.27e-04
 3.37806e+19	8.94e-01	1.06e-01	1.61e-09	0.00e+00	0.00e+00	0.00e+00	0.00e+00	0.00e+00	0.00e+00	8.94e-01	1.19e-04	1.24e-04
 3.37848e+19	8.98e-01	1.02e-01	1.59e-09	0.00e+00	0.00e+00	0.00e+00	0.00e+00	0.00e+00	0.00e+00	8.98e-01	1.16e-04	1.21e-04
 3.37885e+19	9.02e-01	9.79e-02	1.57e-09	0.00e+00	0.00e+00	0.00e+00	0.00e+00	0.00e+00	0.00e+00	9.02e-01	1.14e-04	1.18e-04
 3.37918e+19	9.05e-01	9.47e-02	1.55e-09	0.00e+00	0.00e+00	0.00e+00	0.00e+00	0.00e+00	0.00e+00	9.05e-01	1.12e-04	1.15e-04
 3.37949e+19	9.08e-01	9.16e-02	1.53e-09	0.00e+00	0.00e+00	0.00e+00	0.00e+00	0.00e+00	0.00e+00	9.08e-01	1.10e-04	1.13e-04
 3.37977e+19	9.11e-01	8.87e-02	1.51e-09	0.00e+00	0.00e+00	0.00e+00	0.00e+00	0.00e+00	0.00e+00	9.11e-01	1.08e-04	1.11e-04
