#depth	He	He+	He+2
 1.77042e+13	9.99e-07	2.81e-01	7.19e-01
 1.06225e+14	1.02e-06	2.83e-01	7.17e-01
 4.60310e+14	1.10e-06	2.93e-01	7.07e-01
 9.59650e+14	1.19e-06	3.00e-01	7.00e-01
 1.31427e+15	1.24e-06	3.04e-01	6.96e-01
 1.63294e+15	1.29e-06	3.08e-01	6.92e-01
 2.04722e+15	1.34e-06	3.14e-01	6.86e-01
 2.58577e+15	1.41e-06	3.20e-01	6.80e-01
 3.28589e+15	1.49e-06	3.29e-01	6.71e-01
 4.19604e+15	1.61e-06	3.41e-01	6.59e-01
 5.37924e+15	1.76e-06	3.57e-01	6.43e-01
 6.91740e+15	1.98e-06	3.79e-01	6.21e-01
 8.91701e+15	2.29e-06	4.10e-01	5.90e-01
 1.12482e+16	2.69e-06	4.49e-01	5.51e-01
 1.36983e+16	3.19e-06	4.95e-01	5.05e-01
 1.62464e+16	3.80e-06	5.48e-01	4.52e-01
 1.88964e+16	4.52e-06	6.07e-01	3.93e-01
 2.16524e+16	5.37e-06	6.72e-01	3.28e-01
 2.45186e+16	6.33e-06	7.38e-01	2.62e-01
 2.74995e+16	7.38e-06	8.02e-01	1.98e-01
 3.04701e+16	8.45e-06	8.56e-01	1.44e-01
 3.35171e+16	9.53e-06	9.00e-01	9.99e-02
 3.68155e+16	1.07e-05	9.35e-01	6.51e-02
 4.02882e+16	1.18e-05	9.59e-01	4.05e-02
 4.38999e+16	1.30e-05	9.76e-01	2.44e-02
 4.76560e+16	1.42e-05	9.86e-01	1.44e-02
 5.15624e+16	1.54e-05	9.92e-01	8.27e-03
 5.56251e+16	1.67e-05	9.95e-01	4.69e-03
 5.98502e+16	1.81e-05	9.97e-01	2.62e-03
 6.42443e+16	1.96e-05	9.99e-01	1.45e-03
 6.88143e+16	2.13e-05	9.99e-01	7.99e-04
 7.35670e+16	2.31e-05	1.00e+00	4.36e-04
 7.85098e+16	2.50e-05	1.00e+00	2.37e-04
 8.36503e+16	2.71e-05	1.00e+00	1.28e-04
 8.89965e+16	2.94e-05	1.00e+00	6.94e-05
 9.45565e+16	3.18e-05	1.00e+00	3.76e-05
 1.00339e+17	3.46e-05	1.00e+00	2.04e-05
 1.06353e+17	3.75e-05	1.00e+00	1.11e-05
 1.12607e+17	4.08e-05	1.00e+00	6.03e-06
 1.19111e+17	4.43e-05	1.00e+00	3.30e-06
 1.25876e+17	4.82e-05	1.00e+00	1.81e-06
 1.32911e+17	5.24e-05	1.00e+00	9.97e-07
 1.40228e+17	5.71e-05	1.00e+00	5.51e-07
 1.47837e+17	6.22e-05	1.00e+00	3.06e-07
 1.55750e+17	6.79e-05	1.00e+00	1.70e-07
 1.63981e+17	7.41e-05	1.00e+00	9.47e-08
 1.72540e+17	8.08e-05	1.00e+00	5.29e-08
 1.81442e+17	8.83e-05	1.00e+00	2.96e-08
 1.90699e+17	9.64e-05	1.00e+00	1.67e-08
 2.00328e+17	1.05e-04	1.00e+00	9.41e-09
 2.10341e+17	1.15e-04	1.00e+00	5.36e-09
 2.20755e+17	1.26e-04	1.00e+00	3.09e-09
 2.31585e+17	1.38e-04	1.00e+00	1.82e-09
 2.42848e+17	1.51e-04	1.00e+00	1.11e-09
 2.54562e+17	1.65e-04	1.00e+00	7.15e-10
 2.66745e+17	1.80e-04	1.00e+00	4.92e-10
 2.79415e+17	1.97e-04	1.00e+00	3.67e-10
 2.92592e+17	2.15e-04	1.00e+00	2.97e-10
 3.06296e+17	2.36e-04	1.00e+00	2.58e-10
 3.20548e+17	2.58e-04	1.00e+00	2.36e-10
 3.35370e+17	2.82e-04	1.00e+00	2.23e-10
 3.50785e+17	3.08e-04	1.00e+00	2.16e-10
 3.66816e+17	3.36e-04	1.00e+00	2.12e-10
 3.83489e+17	3.67e-04	1.00e+00	2.10e-10
 4.00829e+17	4.02e-04	1.00e+00	2.09e-10
 4.18862e+17	4.39e-04	1.00e+00	2.08e-10
 4.37616e+17	4.79e-04	1.00e+00	2.07e-10
 4.57121e+17	5.23e-04	9.99e-01	2.07e-10
 4.77406e+17	5.72e-04	9.99e-01	2.07e-10
 4.98503e+17	6.24e-04	9.99e-01	2.06e-10
 5.20443e+17	6.82e-04	9.99e-01	2.06e-10
 5.43261e+17	7.46e-04	9.99e-01	2.06e-10
 5.66991e+17	8.15e-04	9.99e-01	2.06e-10
 5.91671e+17	8.92e-04	9.99e-01	2.05e-10
 6.17338e+17	9.77e-04	9.99e-01	2.05e-10
 6.44032e+17	1.07e-03	9.99e-01	2.05e-10
 6.71793e+17	1.18e-03	9.99e-01	2.05e-10
 7.00665e+17	1.29e-03	9.99e-01	2.04e-10
 7.30692e+17	1.43e-03	9.99e-01	2.04e-10
 7.61920e+17	1.58e-03	9.98e-01	2.04e-10
 7.94396e+17	1.75e-03	9.98e-01	2.04e-10
 8.28172e+17	1.95e-03	9.98e-01	2.04e-10
 8.60602e+17	2.16e-03	9.98e-01	2.04e-10
 8.90016e+17	2.38e-03	9.98e-01	2.04e-10
 9.22685e+17	2.67e-03	9.97e-01	2.04e-10
 9.57841e+17	3.02e-03	9.97e-01	2.04e-10
 9.88476e+17	3.37e-03	9.97e-01	2.05e-10
 1.01592e+18	3.75e-03	9.96e-01	2.05e-10
 1.04697e+18	4.26e-03	9.96e-01	2.06e-10
 1.08014e+18	4.92e-03	9.95e-01	2.07e-10
 1.10849e+18	5.64e-03	9.94e-01	2.08e-10
 1.13299e+18	6.41e-03	9.94e-01	2.09e-10
 1.16007e+18	7.50e-03	9.93e-01	2.10e-10
 1.18898e+18	9.03e-03	9.91e-01	2.12e-10
 1.21352e+18	1.08e-02	9.89e-01	2.14e-10
 1.23443e+18	1.30e-02	9.87e-01	2.16e-10
 1.25191e+18	1.55e-02	9.85e-01	2.18e-10
 1.26530e+18	1.81e-02	9.82e-01	2.19e-10
 1.27649e+18	2.09e-02	9.79e-01	2.20e-10
 1.28688e+18	2.43e-02	9.76e-01	2.22e-10
 1.29663e+18	2.86e-02	9.71e-01	2.23e-10
 1.30525e+18	3.37e-02	9.66e-01	2.25e-10
 1.31252e+18	3.96e-02	9.60e-01	2.26e-10
 1.31870e+18	4.63e-02	9.54e-01	2.27e-10
 1.32411e+18	5.41e-02	9.46e-01	2.28e-10
 1.32893e+18	6.32e-02	9.37e-01	2.30e-10
 1.33321e+18	7.41e-02	9.26e-01	2.31e-10
 1.33696e+18	8.68e-02	9.13e-01	2.32e-10
 1.34024e+18	1.02e-01	8.98e-01	2.32e-10
 1.34310e+18	1.19e-01	8.81e-01	2.34e-10
 1.34560e+18	1.39e-01	8.61e-01	2.34e-10
 1.34781e+18	1.62e-01	8.38e-01	2.34e-10
 1.34979e+18	1.89e-01	8.11e-01	2.35e-10
 1.35158e+18	2.21e-01	7.79e-01	2.34e-10
 1.35319e+18	2.58e-01	7.42e-01	2.31e-10
 1.35465e+18	2.99e-01	7.01e-01	2.31e-10
 1.35598e+18	3.47e-01	6.53e-01	2.24e-10
 1.35722e+18	4.01e-01	5.99e-01	2.19e-10
 1.35840e+18	4.62e-01	5.38e-01	2.09e-10
 1.35955e+18	5.31e-01	4.69e-01	1.91e-10
 1.36086e+18	6.16e-01	3.84e-01	1.71e-10
 1.36230e+18	7.13e-01	2.87e-01	1.36e-10
 1.36365e+18	7.97e-01	2.03e-01	1.03e-10
 1.36517e+18	8.70e-01	1.30e-01	7.12e-11
 1.36714e+18	9.30e-01	7.03e-02	4.02e-11
 1.36971e+18	9.67e-01	3.32e-02	1.97e-11
 1.37305e+18	9.84e-01	1.64e-02	9.84e-12
 1.37738e+18	9.90e-01	1.04e-02	6.28e-12
 1.38302e+18	9.92e-01	8.26e-03	5.01e-12
 1.39035e+18	9.92e-01	7.58e-03	4.61e-12
 1.39987e+18	9.93e-01	6.96e-03	4.26e-12
 1.41226e+18	9.94e-01	6.28e-03	3.89e-12
 1.42836e+18	9.95e-01	4.85e-03	3.05e-12
 1.44362e+18	9.96e-01	3.65e-03	2.34e-12
 1.45346e+18	9.97e-01	3.10e-03	2.02e-12
 1.46010e+18	9.97e-01	2.80e-03	1.85e-12
 1.46691e+18	9.97e-01	2.52e-03	1.69e-12
 1.47451e+18	9.98e-01	2.17e-03	1.49e-12
 1.48123e+18	9.98e-01	1.88e-03	1.32e-12
 1.48660e+18	9.98e-01	1.68e-03	1.20e-12
 1.49127e+18	9.98e-01	1.51e-03	1.11e-12
 1.49556e+18	9.99e-01	1.34e-03	1.02e-12
 1.49936e+18	9.99e-01	1.19e-03	9.32e-13
 1.50264e+18	9.99e-01	1.06e-03	8.61e-13
 1.50551e+18	9.99e-01	9.49e-04	7.99e-13
 1.50805e+18	9.99e-01	8.45e-04	7.43e-13
 1.51032e+18	9.99e-01	7.47e-04	6.89e-13
 1.51234e+18	9.99e-01	6.59e-04	6.42e-13
 1.51412e+18	9.99e-01	5.78e-04	6.02e-13
 1.51569e+18	9.99e-01	5.04e-04	5.67e-13
 1.51709e+18	1.00e+00	4.40e-04	5.35e-13
 1.51833e+18	1.00e+00	3.85e-04	5.00e-13
 1.51942e+18	1.00e+00	3.33e-04	4.83e-13
 1.52038e+18	1.00e+00	2.88e-04	4.67e-13
 1.52126e+18	1.00e+00	2.46e-04	4.55e-13
 1.52206e+18	1.00e+00	2.07e-04	4.45e-13
 1.52279e+18	1.00e+00	1.75e-04	4.39e-13
 1.52345e+18	1.00e+00	1.47e-04	4.38e-13
 1.52404e+18	1.00e+00	1.23e-04	4.43e-13
 1.52458e+18	1.00e+00	1.03e-04	4.54e-13
 1.52508e+18	1.00e+00	8.55e-05	4.65e-13
 1.52547e+18	1.00e+00	7.25e-05	4.79e-13
 1.52577e+18	1.00e+00	6.41e-05	4.96e-13
 1.52600e+18	1.00e+00	5.85e-05	5.18e-13
 1.52621e+18	1.00e+00	5.36e-05	5.40e-13
 1.52641e+18	1.00e+00	4.86e-05	5.57e-13
 1.52660e+18	1.00e+00	4.43e-05	5.79e-13
 1.52676e+18	1.00e+00	4.07e-05	5.95e-13
 1.52691e+18	1.00e+00	3.81e-05	6.22e-13
 1.52705e+18	1.00e+00	3.55e-05	6.40e-13
 1.52718e+18	1.00e+00	3.33e-05	6.66e-13
 1.52729e+18	1.00e+00	3.10e-05	6.71e-13
 1.52737e+18	1.00e+00	3.00e-05	6.92e-13
 1.52744e+18	1.00e+00	2.92e-05	7.15e-13
 1.52752e+18	1.00e+00	2.80e-05	7.32e-13
 1.52761e+18	1.00e+00	2.66e-05	7.46e-13
 1.52769e+18	1.00e+00	2.54e-05	7.64e-13
 1.52777e+18	1.00e+00	2.44e-05	7.84e-13
 1.52785e+18	1.00e+00	2.34e-05	8.04e-13
 1.52793e+18	1.00e+00	2.24e-05	8.24e-13
 1.52800e+18	1.00e+00	2.15e-05	8.43e-13
 1.52808e+18	1.00e+00	2.06e-05	8.64e-13
 1.52816e+18	1.00e+00	1.98e-05	8.86e-13
 1.52823e+18	1.00e+00	1.90e-05	9.09e-13
 1.52831e+18	1.00e+00	1.82e-05	9.32e-13
 1.52838e+18	1.00e+00	1.75e-05	9.53e-13
 1.52846e+18	1.00e+00	1.68e-05	9.78e-13
 1.52853e+18	1.00e+00	1.62e-05	1.01e-12
 1.52860e+18	1.00e+00	1.56e-05	1.03e-12
 1.52867e+18	1.00e+00	1.50e-05	1.06e-12
 1.52874e+18	1.00e+00	1.45e-05	1.08e-12
 1.52881e+18	1.00e+00	1.40e-05	1.11e-12
 1.52888e+18	1.00e+00	1.35e-05	1.14e-12
 1.52895e+18	1.00e+00	1.30e-05	1.17e-12
 1.52902e+18	1.00e+00	1.26e-05	1.20e-12
 1.52909e+18	1.00e+00	1.22e-05	1.24e-12
 1.52915e+18	1.00e+00	1.18e-05	1.27e-12
 1.52921e+18	1.00e+00	1.15e-05	1.30e-12
 1.52928e+18	1.00e+00	1.12e-05	1.34e-12
 1.52934e+18	1.00e+00	1.09e-05	1.37e-12
 1.52940e+18	1.00e+00	1.06e-05	1.41e-12
 1.52946e+18	1.00e+00	1.04e-05	1.45e-12
 1.52952e+18	1.00e+00	1.01e-05	1.49e-12
 1.52958e+18	1.00e+00	9.91e-06	1.53e-12
 1.52964e+18	1.00e+00	9.72e-06	1.58e-12
 1.52969e+18	1.00e+00	9.52e-06	1.62e-12
 1.52975e+18	1.00e+00	9.36e-06	1.67e-12
 1.52981e+18	1.00e+00	9.21e-06	1.72e-12
 1.52986e+18	1.00e+00	9.06e-06	1.78e-12
 1.52992e+18	1.00e+00	8.94e-06	1.83e-12
 1.52997e+18	1.00e+00	8.84e-06	1.89e-12
 1.53002e+18	1.00e+00	8.73e-06	1.95e-12
 1.53007e+18	1.00e+00	8.65e-06	2.02e-12
 1.53012e+18	1.00e+00	8.57e-06	2.08e-12
 1.53017e+18	1.00e+00	8.51e-06	2.15e-12
 1.53022e+18	1.00e+00	8.45e-06	2.22e-12
 1.53027e+18	1.00e+00	8.41e-06	2.29e-12
 1.53032e+18	1.00e+00	8.37e-06	2.36e-12
 1.53037e+18	1.00e+00	8.34e-06	2.43e-12
 1.53041e+18	1.00e+00	8.31e-06	2.50e-12
 1.53045e+18	1.00e+00	8.25e-06	2.56e-12
 1.53049e+18	1.00e+00	8.15e-06	2.59e-12
