#depth	He	He+	He+2
 6.21176e+11	2.50e-05	7.80e-01	2.20e-01
 3.72706e+12	2.51e-05	7.80e-01	2.20e-01
 1.61506e+13	2.51e-05	7.81e-01	2.19e-01
 6.58447e+13	2.53e-05	7.85e-01	2.15e-01
 1.57282e+14	2.53e-05	7.85e-01	2.15e-01
 2.76150e+14	2.56e-05	7.90e-01	2.09e-01
 4.30679e+14	2.62e-05	8.03e-01	1.97e-01
 6.31566e+14	2.70e-05	8.24e-01	1.76e-01
 8.92720e+14	2.82e-05	8.54e-01	1.46e-01
 1.23222e+15	2.97e-05	8.91e-01	1.09e-01
 1.67357e+15	3.15e-05	9.30e-01	7.04e-02
 2.24732e+15	3.33e-05	9.63e-01	3.71e-02
 2.99321e+15	3.50e-05	9.85e-01	1.53e-02
 3.96285e+15	3.67e-05	9.95e-01	4.79e-03
 5.22339e+15	3.88e-05	9.99e-01	1.12e-03
 6.86209e+15	4.14e-05	1.00e+00	1.96e-04
 8.94415e+15	4.48e-05	1.00e+00	2.77e-05
 1.13021e+16	4.90e-05	1.00e+00	4.60e-06
 1.37543e+16	5.35e-05	1.00e+00	1.42e-06
 1.63046e+16	5.84e-05	1.00e+00	7.33e-07
 1.84850e+16	6.28e-05	1.00e+00	5.16e-07
 2.03335e+16	6.67e-05	1.00e+00	5.01e-07
 2.23668e+16	7.12e-05	1.00e+00	4.00e-07
 2.46035e+16	7.64e-05	1.00e+00	3.09e-07
 2.70639e+16	8.22e-05	1.00e+00	2.36e-07
 2.97702e+16	8.90e-05	1.00e+00	1.76e-07
 3.27473e+16	9.67e-05	1.00e+00	1.29e-07
 3.59929e+16	1.06e-04	1.00e+00	9.39e-08
 3.94327e+16	1.15e-04	1.00e+00	6.78e-08
 4.30102e+16	1.26e-04	1.00e+00	4.99e-08
 4.67307e+16	1.38e-04	1.00e+00	3.65e-08
 5.06001e+16	1.51e-04	1.00e+00	2.66e-08
 5.46242e+16	1.65e-04	1.00e+00	1.97e-08
 5.88093e+16	1.81e-04	1.00e+00	1.38e-08
 6.31618e+16	1.98e-04	1.00e+00	9.87e-09
 6.76884e+16	2.17e-04	1.00e+00	7.02e-09
 7.23961e+16	2.38e-04	1.00e+00	4.96e-09
 7.72921e+16	2.61e-04	1.00e+00	3.49e-09
 8.23839e+16	2.86e-04	1.00e+00	2.44e-09
 8.76794e+16	3.14e-04	1.00e+00	1.69e-09
 9.31867e+16	3.45e-04	1.00e+00	1.17e-09
 9.89143e+16	3.81e-04	1.00e+00	8.10e-10
 1.04871e+17	4.20e-04	1.00e+00	5.58e-10
 1.11066e+17	4.66e-04	1.00e+00	3.85e-10
 1.17509e+17	5.17e-04	9.99e-01	2.67e-10
 1.24209e+17	5.78e-04	9.99e-01	1.87e-10
 1.31178e+17	6.49e-04	9.99e-01	1.34e-10
 1.38425e+17	7.34e-04	9.99e-01	9.92e-11
 1.45756e+17	8.35e-04	9.99e-01	7.69e-11
 1.52630e+17	9.48e-04	9.99e-01	6.38e-11
 1.58645e+17	1.07e-03	9.99e-01	5.67e-11
 1.63861e+17	1.19e-03	9.99e-01	5.31e-11
 1.68518e+17	1.33e-03	9.99e-01	5.10e-11
 1.72770e+17	1.47e-03	9.99e-01	4.94e-11
 1.76635e+17	1.63e-03	9.98e-01	4.82e-11
 1.80090e+17	1.81e-03	9.98e-01	4.74e-11
 1.83151e+17	2.00e-03	9.98e-01	4.71e-11
 1.85877e+17	2.20e-03	9.98e-01	4.66e-11
 1.88328e+17	2.41e-03	9.98e-01	4.60e-11
 1.90537e+17	2.66e-03	9.97e-01	4.53e-11
 1.92523e+17	2.92e-03	9.97e-01	4.45e-11
 1.94304e+17	3.21e-03	9.97e-01	4.39e-11
 1.95902e+17	3.52e-03	9.96e-01	4.34e-11
 1.97338e+17	3.86e-03	9.96e-01	4.29e-11
 1.98632e+17	4.23e-03	9.96e-01	4.27e-11
 1.99602e+17	4.55e-03	9.95e-01	4.25e-11
 2.00218e+17	4.81e-03	9.95e-01	4.27e-11
 2.00814e+17	5.08e-03	9.95e-01	4.29e-11
 2.01589e+17	5.46e-03	9.95e-01	4.28e-11
 2.02350e+17	5.90e-03	9.94e-01	4.30e-11
 2.02900e+17	6.28e-03	9.94e-01	4.34e-11
 2.03332e+17	6.63e-03	9.93e-01	4.39e-11
 2.03807e+17	7.04e-03	9.93e-01	4.43e-11
 2.04326e+17	7.57e-03	9.92e-01	4.51e-11
 2.04777e+17	8.08e-03	9.92e-01	4.58e-11
 2.05151e+17	8.58e-03	9.91e-01	4.65e-11
 2.05500e+17	9.11e-03	9.91e-01	4.74e-11
 2.05902e+17	9.83e-03	9.90e-01	4.90e-11
 2.06310e+17	1.07e-02	9.89e-01	5.13e-11
 2.06629e+17	1.14e-02	9.89e-01	5.30e-11
 2.06894e+17	1.22e-02	9.88e-01	5.50e-11
 2.07189e+17	1.32e-02	9.87e-01	5.76e-11
 2.07505e+17	1.44e-02	9.86e-01	6.17e-11
 2.07776e+17	1.56e-02	9.84e-01	6.53e-11
 2.08008e+17	1.68e-02	9.83e-01	6.88e-11
 2.08261e+17	1.84e-02	9.82e-01	7.64e-11
 2.08531e+17	2.04e-02	9.80e-01	8.54e-11
 2.08764e+17	2.25e-02	9.77e-01	9.46e-11
 2.08968e+17	2.48e-02	9.75e-01	1.05e-10
 2.09193e+17	2.77e-02	9.72e-01	1.22e-10
 2.09441e+17	3.17e-02	9.68e-01	1.45e-10
 2.09662e+17	3.62e-02	9.64e-01	1.73e-10
 2.09862e+17	4.12e-02	9.59e-01	2.07e-10
 2.10050e+17	4.70e-02	9.53e-01	2.48e-10
 2.10232e+17	5.39e-02	9.46e-01	2.99e-10
 2.10408e+17	6.20e-02	9.38e-01	3.63e-10
 2.10572e+17	7.10e-02	9.29e-01	4.39e-10
 2.10720e+17	8.09e-02	9.19e-01	5.25e-10
 2.10854e+17	9.15e-02	9.08e-01	6.20e-10
 2.10977e+17	1.03e-01	8.97e-01	7.21e-10
 2.11087e+17	1.14e-01	8.86e-01	8.41e-10
 2.11183e+17	1.25e-01	8.75e-01	9.54e-10
 2.11267e+17	1.36e-01	8.64e-01	1.07e-09
 2.11348e+17	1.48e-01	8.52e-01	1.19e-09
 2.11426e+17	1.60e-01	8.40e-01	1.33e-09
 2.11499e+17	1.72e-01	8.28e-01	1.46e-09
 2.11553e+17	1.82e-01	8.18e-01	1.57e-09
 2.11589e+17	1.88e-01	8.12e-01	1.65e-09
 2.11625e+17	1.96e-01	8.04e-01	1.74e-09
 2.11665e+17	2.04e-01	7.96e-01	1.83e-09
 2.11707e+17	2.13e-01	7.87e-01	1.94e-09
 2.11748e+17	2.22e-01	7.78e-01	2.06e-09
 2.11788e+17	2.32e-01	7.68e-01	2.16e-09
 2.11827e+17	2.41e-01	7.59e-01	2.29e-09
 2.11866e+17	2.52e-01	7.48e-01	2.40e-09
 2.11905e+17	2.62e-01	7.38e-01	2.54e-09
 2.11943e+17	2.73e-01	7.27e-01	2.66e-09
 2.11982e+17	2.83e-01	7.17e-01	2.81e-09
 2.12020e+17	2.95e-01	7.05e-01	2.95e-09
 2.12058e+17	3.06e-01	6.94e-01	3.09e-09
 2.12095e+17	3.18e-01	6.82e-01	3.24e-09
 2.12132e+17	3.30e-01	6.70e-01	3.39e-09
 2.12169e+17	3.42e-01	6.58e-01	3.56e-09
 2.12206e+17	3.55e-01	6.45e-01	3.72e-09
 2.12243e+17	3.68e-01	6.32e-01	3.89e-09
 2.12279e+17	3.81e-01	6.19e-01	4.05e-09
 2.12314e+17	3.94e-01	6.06e-01	4.23e-09
 2.12350e+17	4.08e-01	5.92e-01	4.40e-09
 2.12385e+17	4.22e-01	5.78e-01	4.58e-09
 2.12420e+17	4.35e-01	5.65e-01	4.76e-09
 2.12455e+17	4.50e-01	5.50e-01	4.94e-09
 2.12490e+17	4.63e-01	5.37e-01	5.13e-09
 2.12524e+17	4.78e-01	5.22e-01	5.31e-09
 2.12558e+17	4.92e-01	5.08e-01	5.51e-09
 2.12591e+17	5.06e-01	4.94e-01	5.68e-09
 2.12624e+17	5.20e-01	4.80e-01	5.88e-09
 2.12657e+17	5.34e-01	4.66e-01	6.06e-09
 2.12689e+17	5.48e-01	4.52e-01	6.25e-09
 2.12721e+17	5.61e-01	4.39e-01	6.42e-09
 2.12752e+17	5.75e-01	4.25e-01	6.61e-09
 2.12783e+17	5.88e-01	4.12e-01	6.78e-09
 2.12813e+17	6.01e-01	3.99e-01	6.95e-09
 2.12843e+17	6.14e-01	3.86e-01	7.12e-09
 2.12872e+17	6.26e-01	3.74e-01	7.30e-09
 2.12901e+17	6.38e-01	3.62e-01	7.45e-09
 2.12930e+17	6.50e-01	3.50e-01	7.61e-09
 2.12958e+17	6.62e-01	3.38e-01	7.77e-09
 2.12986e+17	6.73e-01	3.27e-01	7.93e-09
 2.13013e+17	6.85e-01	3.15e-01	8.07e-09
 2.13041e+17	6.96e-01	3.04e-01	8.22e-09
 2.13067e+17	7.06e-01	2.94e-01	8.35e-09
 2.13094e+17	7.17e-01	2.83e-01	8.49e-09
 2.13121e+17	7.27e-01	2.73e-01	8.62e-09
 2.13147e+17	7.37e-01	2.63e-01	8.75e-09
 2.13172e+17	7.46e-01	2.54e-01	8.87e-09
 2.13198e+17	7.56e-01	2.44e-01	8.99e-09
 2.13223e+17	7.65e-01	2.35e-01	9.09e-09
 2.13248e+17	7.74e-01	2.26e-01	9.20e-09
 2.13273e+17	7.82e-01	2.18e-01	9.30e-09
 2.13298e+17	7.90e-01	2.10e-01	9.40e-09
 2.13322e+17	7.99e-01	2.01e-01	9.48e-09
 2.13347e+17	8.06e-01	1.94e-01	9.57e-09
 2.13371e+17	8.14e-01	1.86e-01	9.64e-09
 2.13395e+17	8.21e-01	1.79e-01	9.72e-09
 2.13419e+17	8.29e-01	1.71e-01	9.78e-09
 2.13442e+17	8.35e-01	1.65e-01	9.84e-09
 2.13466e+17	8.42e-01	1.58e-01	9.89e-09
 2.13489e+17	8.49e-01	1.51e-01	9.94e-09
 2.13512e+17	8.55e-01	1.45e-01	9.98e-09
 2.13535e+17	8.61e-01	1.39e-01	1.00e-08
 2.13558e+17	8.67e-01	1.33e-01	1.00e-08
 2.13581e+17	8.73e-01	1.27e-01	1.01e-08
 2.13603e+17	8.78e-01	1.22e-01	1.01e-08
 2.13626e+17	8.83e-01	1.17e-01	1.01e-08
 2.13648e+17	8.88e-01	1.12e-01	1.01e-08
 2.13671e+17	8.93e-01	1.07e-01	1.01e-08
 2.13693e+17	8.98e-01	1.02e-01	1.01e-08
 2.13715e+17	9.03e-01	9.73e-02	1.01e-08
 2.13737e+17	9.07e-01	9.29e-02	1.00e-08
 2.13759e+17	9.11e-01	8.86e-02	1.00e-08
 2.13781e+17	9.15e-01	8.45e-02	9.96e-09
 2.13802e+17	9.19e-01	8.06e-02	9.92e-09
 2.13824e+17	9.23e-01	7.68e-02	9.87e-09
 2.13846e+17	9.27e-01	7.32e-02	9.82e-09
 2.13867e+17	9.30e-01	6.97e-02	9.75e-09
 2.13889e+17	9.34e-01	6.63e-02	9.68e-09
 2.13910e+17	9.37e-01	6.31e-02	9.61e-09
 2.13931e+17	9.40e-01	6.00e-02	9.53e-09
 2.13952e+17	9.43e-01	5.71e-02	9.44e-09
 2.13973e+17	9.46e-01	5.42e-02	9.35e-09
 2.13994e+17	9.48e-01	5.15e-02	9.26e-09
 2.14016e+17	9.51e-01	4.89e-02	9.15e-09
 2.14037e+17	9.54e-01	4.64e-02	9.05e-09
 2.14057e+17	9.56e-01	4.41e-02	8.94e-09
 2.14078e+17	9.58e-01	4.18e-02	8.82e-09
 2.14099e+17	9.60e-01	3.96e-02	8.70e-09
 2.14120e+17	9.62e-01	3.75e-02	8.58e-09
 2.14141e+17	9.64e-01	3.56e-02	8.45e-09
 2.14161e+17	9.66e-01	3.37e-02	8.32e-09
 2.14182e+17	9.68e-01	3.19e-02	8.18e-09
 2.14203e+17	9.70e-01	3.01e-02	8.04e-09
 2.14223e+17	9.72e-01	2.85e-02	7.90e-09
 2.14244e+17	9.73e-01	2.69e-02	7.74e-09
 2.14265e+17	9.75e-01	2.54e-02	7.58e-09
 2.14285e+17	9.76e-01	2.39e-02	7.40e-09
 2.14306e+17	9.78e-01	2.24e-02	7.19e-09
 2.14328e+17	9.79e-01	2.09e-02	6.89e-09
 2.14353e+17	9.81e-01	1.92e-02	6.57e-09
 2.14382e+17	9.82e-01	1.76e-02	6.24e-09
 2.14409e+17	9.84e-01	1.61e-02	5.92e-09
 2.14435e+17	9.85e-01	1.48e-02	5.63e-09
 2.14462e+17	9.86e-01	1.36e-02	5.33e-09
 2.14489e+17	9.88e-01	1.24e-02	5.03e-09
 2.14518e+17	9.89e-01	1.13e-02	4.75e-09
 2.14546e+17	9.90e-01	1.03e-02	4.46e-09
 2.14575e+17	9.91e-01	9.38e-03	4.18e-09
 2.14605e+17	9.92e-01	8.49e-03	3.91e-09
 2.14636e+17	9.92e-01	7.65e-03	3.63e-09
 2.14668e+17	9.93e-01	6.87e-03	3.36e-09
 2.14702e+17	9.94e-01	6.13e-03	3.09e-09
 2.14737e+17	9.95e-01	5.45e-03	2.82e-09
 2.14774e+17	9.95e-01	4.81e-03	2.56e-09
 2.14813e+17	9.96e-01	4.22e-03	2.31e-09
 2.14854e+17	9.96e-01	3.66e-03	2.06e-09
 2.14898e+17	9.97e-01	3.16e-03	1.82e-09
 2.14942e+17	9.97e-01	2.72e-03	1.60e-09
 2.14986e+17	9.98e-01	2.34e-03	1.41e-09
 2.15031e+17	9.98e-01	2.01e-03	1.23e-09
 2.15078e+17	9.98e-01	1.71e-03	1.07e-09
 2.15125e+17	9.99e-01	1.46e-03	9.20e-10
 2.15175e+17	9.99e-01	1.23e-03	7.87e-10
 2.15226e+17	9.99e-01	1.03e-03	6.68e-10
 2.15280e+17	9.99e-01	8.55e-04	5.61e-10
 2.15337e+17	9.99e-01	7.02e-04	4.66e-10
 2.15398e+17	9.99e-01	5.69e-04	3.81e-10
 2.15463e+17	1.00e+00	4.54e-04	3.06e-10
 2.15535e+17	1.00e+00	3.53e-04	2.40e-10
 2.15616e+17	1.00e+00	2.67e-04	1.83e-10
 2.15701e+17	1.00e+00	1.99e-04	1.38e-10
 2.15786e+17	1.00e+00	1.49e-04	1.03e-10
 2.15872e+17	1.00e+00	1.12e-04	7.78e-11
 2.15957e+17	1.00e+00	8.36e-05	5.86e-11
 2.16042e+17	1.00e+00	6.29e-05	4.42e-11
 2.16127e+17	1.00e+00	4.74e-05	3.35e-11
 2.16213e+17	1.00e+00	3.59e-05	2.55e-11
 2.16298e+17	1.00e+00	2.74e-05	1.95e-11
 2.16383e+17	1.00e+00	2.10e-05	1.50e-11
 2.16476e+17	1.00e+00	1.59e-05	1.14e-11
 2.16576e+17	1.00e+00	1.20e-05	8.61e-12
 2.16676e+17	1.00e+00	9.21e-06	6.65e-12
 2.16776e+17	1.00e+00	7.25e-06	5.25e-12
 2.16877e+17	1.00e+00	5.86e-06	4.26e-12
 2.16977e+17	1.00e+00	4.88e-06	3.56e-12
 2.17077e+17	1.00e+00	4.18e-06	3.06e-12
 2.17177e+17	1.00e+00	3.69e-06	2.71e-12
 2.17277e+17	1.00e+00	3.34e-06	2.46e-12
 2.17377e+17	1.00e+00	3.09e-06	2.28e-12
 2.17478e+17	1.00e+00	2.91e-06	2.16e-12
 2.17578e+17	1.00e+00	2.78e-06	2.07e-12
 2.17678e+17	1.00e+00	2.70e-06	2.01e-12
 2.17778e+17	1.00e+00	2.63e-06	1.97e-12
 2.17878e+17	1.00e+00	2.59e-06	1.94e-12
 2.17978e+17	1.00e+00	2.56e-06	1.92e-12
 2.18078e+17	1.00e+00	2.54e-06	1.91e-12
 2.18179e+17	1.00e+00	2.52e-06	1.91e-12
 2.18279e+17	1.00e+00	2.51e-06	1.90e-12
 2.18379e+17	1.00e+00	2.51e-06	1.91e-12
 2.18479e+17	1.00e+00	2.51e-06	1.91e-12
 2.18579e+17	1.00e+00	2.50e-06	1.91e-12
 2.18679e+17	1.00e+00	2.50e-06	1.92e-12
 2.18779e+17	1.00e+00	2.50e-06	1.92e-12
 2.18879e+17	1.00e+00	2.50e-06	1.93e-12
 2.18980e+17	1.00e+00	2.51e-06	1.93e-12
 2.19080e+17	1.00e+00	2.51e-06	1.94e-12
 2.19180e+17	1.00e+00	2.51e-06	1.95e-12
 2.19280e+17	1.00e+00	2.51e-06	1.95e-12
 2.19380e+17	1.00e+00	2.52e-06	1.96e-12
 2.19480e+17	1.00e+00	2.52e-06	1.96e-12
 2.19580e+17	1.00e+00	2.52e-06	1.97e-12
 2.19681e+17	1.00e+00	2.52e-06	1.98e-12
 2.19781e+17	1.00e+00	2.53e-06	1.98e-12
 2.19881e+17	1.00e+00	2.53e-06	1.99e-12
 2.19981e+17	1.00e+00	2.53e-06	1.99e-12
 2.20081e+17	1.00e+00	2.53e-06	2.00e-12
 2.20181e+17	1.00e+00	2.54e-06	2.01e-12
 2.20281e+17	1.00e+00	2.54e-06	2.01e-12
 2.20381e+17	1.00e+00	2.54e-06	2.02e-12
 2.20482e+17	1.00e+00	2.54e-06	2.02e-12
 2.20582e+17	1.00e+00	2.55e-06	2.03e-12
 2.20682e+17	1.00e+00	2.55e-06	2.04e-12
 2.20782e+17	1.00e+00	2.55e-06	2.04e-12
 2.20882e+17	1.00e+00	2.55e-06	2.05e-12
 2.20982e+17	1.00e+00	2.55e-06	2.05e-12
 2.21082e+17	1.00e+00	2.56e-06	2.06e-12
 2.21182e+17	1.00e+00	2.56e-06	2.07e-12
 2.21283e+17	1.00e+00	2.56e-06	2.07e-12
 2.21383e+17	1.00e+00	2.56e-06	2.08e-12
 2.21483e+17	1.00e+00	2.56e-06	2.08e-12
 2.21583e+17	1.00e+00	2.57e-06	2.09e-12
 2.21683e+17	1.00e+00	2.57e-06	2.09e-12
 2.21783e+17	1.00e+00	2.57e-06	2.10e-12
 2.21883e+17	1.00e+00	2.57e-06	2.10e-12
 2.21983e+17	1.00e+00	2.58e-06	2.11e-12
 2.22084e+17	1.00e+00	2.58e-06	2.11e-12
 2.22184e+17	1.00e+00	2.58e-06	2.12e-12
 2.22284e+17	1.00e+00	2.58e-06	2.12e-12
 2.22384e+17	1.00e+00	2.58e-06	2.13e-12
 2.22484e+17	1.00e+00	2.59e-06	2.13e-12
 2.22584e+17	1.00e+00	2.59e-06	2.14e-12
 2.22684e+17	1.00e+00	2.59e-06	2.14e-12
 2.22784e+17	1.00e+00	2.59e-06	2.15e-12
 2.22884e+17	1.00e+00	2.59e-06	2.15e-12
 2.22985e+17	1.00e+00	2.60e-06	2.16e-12
 2.23085e+17	1.00e+00	2.60e-06	2.16e-12
 2.23185e+17	1.00e+00	2.60e-06	2.17e-12
 2.23285e+17	1.00e+00	2.60e-06	2.17e-12
 2.23385e+17	1.00e+00	2.60e-06	2.18e-12
 2.23485e+17	1.00e+00	2.60e-06	2.18e-12
 2.23585e+17	1.00e+00	2.61e-06	2.19e-12
 2.23685e+17	1.00e+00	2.61e-06	2.19e-12
 2.23785e+17	1.00e+00	2.61e-06	2.20e-12
 2.23886e+17	1.00e+00	2.61e-06	2.20e-12
 2.23986e+17	1.00e+00	2.61e-06	2.21e-12
 2.24086e+17	1.00e+00	2.62e-06	2.21e-12
 2.24186e+17	1.00e+00	2.62e-06	2.22e-12
 2.24286e+17	1.00e+00	2.62e-06	2.22e-12
 2.24386e+17	1.00e+00	2.62e-06	2.23e-12
 2.24486e+17	1.00e+00	2.62e-06	2.23e-12
 2.24586e+17	1.00e+00	2.63e-06	2.23e-12
 2.24686e+17	1.00e+00	2.63e-06	2.24e-12
 2.24787e+17	1.00e+00	2.63e-06	2.24e-12
 2.24887e+17	1.00e+00	2.63e-06	2.25e-12
 2.24987e+17	1.00e+00	2.63e-06	2.25e-12
 2.25087e+17	1.00e+00	2.63e-06	2.25e-12
 2.25202e+17	1.00e+00	2.64e-06	2.26e-12
 2.25352e+17	1.00e+00	2.64e-06	2.27e-12
 2.25546e+17	1.00e+00	2.64e-06	2.28e-12
 2.25799e+17	1.00e+00	2.65e-06	2.29e-12
 2.26128e+17	1.00e+00	2.65e-06	2.31e-12
 2.26555e+17	1.00e+00	2.66e-06	2.32e-12
 2.27111e+17	1.00e+00	2.67e-06	2.35e-12
 2.27834e+17	1.00e+00	2.68e-06	2.38e-12
 2.28773e+17	1.00e+00	2.70e-06	2.42e-12
 2.29993e+17	1.00e+00	2.71e-06	2.47e-12
 2.31581e+17	1.00e+00	2.73e-06	2.52e-12
 2.33644e+17	1.00e+00	2.76e-06	2.59e-12
 2.36148e+17	1.00e+00	2.79e-06	2.67e-12
 2.38897e+17	1.00e+00	2.81e-06	2.75e-12
 2.41820e+17	1.00e+00	2.84e-06	2.82e-12
 2.44989e+17	1.00e+00	2.86e-06	2.90e-12
 2.48434e+17	1.00e+00	2.89e-06	2.98e-12
 2.52123e+17	1.00e+00	2.92e-06	3.06e-12
 2.56046e+17	1.00e+00	2.95e-06	3.14e-12
 2.60224e+17	1.00e+00	2.97e-06	3.22e-12
 2.64672e+17	1.00e+00	3.00e-06	3.30e-12
 2.69385e+17	1.00e+00	3.03e-06	3.39e-12
 2.74356e+17	1.00e+00	3.06e-06	3.47e-12
 2.79585e+17	1.00e+00	3.09e-06	3.56e-12
 2.85072e+17	1.00e+00	3.12e-06	3.65e-12
 2.90813e+17	1.00e+00	3.16e-06	3.74e-12
 2.96804e+17	1.00e+00	3.19e-06	3.84e-12
 3.03034e+17	1.00e+00	3.23e-06	3.94e-12
 3.09441e+17	1.00e+00	3.27e-06	4.04e-12
 3.16019e+17	1.00e+00	3.32e-06	4.14e-12
 3.22838e+17	1.00e+00	3.36e-06	4.25e-12
 3.29860e+17	1.00e+00	3.42e-06	4.36e-12
 3.37075e+17	1.00e+00	3.48e-06	4.48e-12
 3.44494e+17	1.00e+00	3.54e-06	4.61e-12
 3.51959e+17	1.00e+00	3.60e-06	4.74e-12
 3.59485e+17	1.00e+00	3.67e-06	4.87e-12
 3.67335e+17	1.00e+00	3.74e-06	5.01e-12
 3.75508e+17	1.00e+00	3.82e-06	5.16e-12
 3.83777e+17	1.00e+00	3.90e-06	5.31e-12
 3.92147e+17	1.00e+00	3.98e-06	5.46e-12
 4.00835e+17	1.00e+00	4.06e-06	5.62e-12
 4.09856e+17	1.00e+00	4.15e-06	5.79e-12
 4.19017e+17	1.00e+00	4.25e-06	5.96e-12
