#depth	O	O+	O+2	O+3	O+4	O+5	O+6	O+7	O+8	O[1]	O[2]	O[3]
 6.21176e+11	1.78e-08	7.73e-04	9.15e-01	8.40e-02	2.63e-06	0.00e+00	0.00e+00	0.00e+00	0.00e+00	1.18e-08	4.28e-09	1.66e-09
 3.72706e+12	1.78e-08	7.72e-04	9.15e-01	8.37e-02	2.61e-06	0.00e+00	0.00e+00	0.00e+00	0.00e+00	1.18e-08	4.29e-09	1.66e-09
 1.61506e+13	1.78e-08	7.73e-04	9.17e-01	8.27e-02	2.56e-06	0.00e+00	0.00e+00	0.00e+00	0.00e+00	1.18e-08	4.29e-09	1.67e-09
 6.58447e+13	1.79e-08	7.77e-04	9.21e-01	7.87e-02	2.38e-06	0.00e+00	0.00e+00	0.00e+00	0.00e+00	1.19e-08	4.31e-09	1.67e-09
 1.57282e+14	1.80e-08	7.81e-04	9.26e-01	7.37e-02	2.13e-06	0.00e+00	0.00e+00	0.00e+00	0.00e+00	1.19e-08	4.34e-09	1.68e-09
 2.76150e+14	1.82e-08	7.88e-04	9.32e-01	6.73e-02	1.85e-06	0.00e+00	0.00e+00	0.00e+00	0.00e+00	1.20e-08	4.38e-09	1.70e-09
 4.30679e+14	1.84e-08	7.97e-04	9.40e-01	5.93e-02	1.52e-06	0.00e+00	0.00e+00	0.00e+00	0.00e+00	1.22e-08	4.43e-09	1.72e-09
 6.31566e+14	1.87e-08	8.07e-04	9.49e-01	4.99e-02	1.16e-06	0.00e+00	0.00e+00	0.00e+00	0.00e+00	1.24e-08	4.50e-09	1.75e-09
 8.92720e+14	1.90e-08	8.20e-04	9.60e-01	3.92e-02	8.05e-07	0.00e+00	0.00e+00	0.00e+00	0.00e+00	1.26e-08	4.57e-09	1.78e-09
 1.23222e+15	1.94e-08	8.34e-04	9.71e-01	2.80e-02	4.85e-07	0.00e+00	0.00e+00	0.00e+00	0.00e+00	1.29e-08	4.66e-09	1.81e-09
 1.67357e+15	1.99e-08	8.50e-04	9.82e-01	1.76e-02	2.43e-07	0.00e+00	0.00e+00	0.00e+00	0.00e+00	1.32e-08	4.77e-09	1.86e-09
 2.24732e+15	2.05e-08	8.68e-04	9.90e-01	9.47e-03	0.00e+00	0.00e+00	0.00e+00	0.00e+00	0.00e+00	1.36e-08	4.90e-09	1.91e-09
 2.99321e+15	2.12e-08	8.89e-04	9.95e-01	4.40e-03	0.00e+00	0.00e+00	0.00e+00	0.00e+00	0.00e+00	1.41e-08	5.07e-09	1.98e-09
 3.96285e+15	2.23e-08	9.15e-04	9.97e-01	1.94e-03	0.00e+00	0.00e+00	0.00e+00	0.00e+00	0.00e+00	1.49e-08	5.31e-09	2.08e-09
 5.22339e+15	2.39e-08	9.51e-04	9.98e-01	1.04e-03	0.00e+00	0.00e+00	0.00e+00	0.00e+00	0.00e+00	1.59e-08	5.67e-09	2.22e-09
 6.86209e+15	2.61e-08	9.98e-04	9.98e-01	7.60e-04	0.00e+00	0.00e+00	0.00e+00	0.00e+00	0.00e+00	1.74e-08	6.15e-09	2.42e-09
 8.94415e+15	2.90e-08	1.06e-03	9.98e-01	6.63e-04	0.00e+00	0.00e+00	0.00e+00	0.00e+00	0.00e+00	1.95e-08	6.82e-09	2.69e-09
 1.13021e+16	3.27e-08	1.13e-03	9.98e-01	6.04e-04	0.00e+00	0.00e+00	0.00e+00	0.00e+00	0.00e+00	2.20e-08	7.63e-09	3.02e-09
 1.37543e+16	3.69e-08	1.21e-03	9.98e-01	5.54e-04	0.00e+00	0.00e+00	0.00e+00	0.00e+00	0.00e+00	2.48e-08	8.56e-09	3.41e-09
 1.63046e+16	4.17e-08	1.30e-03	9.98e-01	5.08e-04	0.00e+00	0.00e+00	0.00e+00	0.00e+00	0.00e+00	2.81e-08	9.63e-09	3.84e-09
 1.84850e+16	4.62e-08	1.37e-03	9.98e-01	4.73e-04	0.00e+00	0.00e+00	0.00e+00	0.00e+00	0.00e+00	3.12e-08	1.06e-08	4.25e-09
 2.03335e+16	5.03e-08	1.44e-03	9.98e-01	4.46e-04	0.00e+00	0.00e+00	0.00e+00	0.00e+00	0.00e+00	3.40e-08	1.15e-08	4.62e-09
 2.23668e+16	5.52e-08	1.51e-03	9.98e-01	4.18e-04	0.00e+00	0.00e+00	0.00e+00	0.00e+00	0.00e+00	3.74e-08	1.26e-08	5.07e-09
 2.46035e+16	6.11e-08	1.60e-03	9.98e-01	3.91e-04	0.00e+00	0.00e+00	0.00e+00	0.00e+00	0.00e+00	4.14e-08	1.39e-08	5.60e-09
 2.70639e+16	6.81e-08	1.70e-03	9.98e-01	3.63e-04	0.00e+00	0.00e+00	0.00e+00	0.00e+00	0.00e+00	4.63e-08	1.55e-08	6.24e-09
 2.97702e+16	7.67e-08	1.82e-03	9.98e-01	3.35e-04	0.00e+00	0.00e+00	0.00e+00	0.00e+00	0.00e+00	5.21e-08	1.73e-08	7.02e-09
 3.27473e+16	8.72e-08	1.95e-03	9.98e-01	3.08e-04	0.00e+00	0.00e+00	0.00e+00	0.00e+00	0.00e+00	5.94e-08	1.96e-08	7.97e-09
 3.59929e+16	1.00e-07	2.10e-03	9.98e-01	2.81e-04	0.00e+00	0.00e+00	0.00e+00	0.00e+00	0.00e+00	6.82e-08	2.24e-08	9.14e-09
 3.94327e+16	1.15e-07	2.27e-03	9.97e-01	2.57e-04	0.00e+00	0.00e+00	0.00e+00	0.00e+00	0.00e+00	7.88e-08	2.58e-08	1.05e-08
 4.30102e+16	1.33e-07	2.46e-03	9.97e-01	2.34e-04	0.00e+00	0.00e+00	0.00e+00	0.00e+00	0.00e+00	9.12e-08	2.97e-08	1.22e-08
 4.67307e+16	1.55e-07	2.66e-03	9.97e-01	2.13e-04	0.00e+00	0.00e+00	0.00e+00	0.00e+00	0.00e+00	1.06e-07	3.44e-08	1.41e-08
 5.06001e+16	1.80e-07	2.89e-03	9.97e-01	1.93e-04	0.00e+00	0.00e+00	0.00e+00	0.00e+00	0.00e+00	1.23e-07	3.99e-08	1.65e-08
 5.46242e+16	2.11e-07	3.14e-03	9.97e-01	1.76e-04	0.00e+00	0.00e+00	0.00e+00	0.00e+00	0.00e+00	1.45e-07	4.65e-08	1.92e-08
 5.88093e+16	2.47e-07	3.42e-03	9.96e-01	1.59e-04	0.00e+00	0.00e+00	0.00e+00	0.00e+00	0.00e+00	1.70e-07	5.44e-08	2.25e-08
 6.31618e+16	2.91e-07	3.73e-03	9.96e-01	1.44e-04	0.00e+00	0.00e+00	0.00e+00	0.00e+00	0.00e+00	2.00e-07	6.38e-08	2.66e-08
 6.76884e+16	3.44e-07	4.07e-03	9.96e-01	1.30e-04	0.00e+00	0.00e+00	0.00e+00	0.00e+00	0.00e+00	2.36e-07	7.53e-08	3.14e-08
 7.23961e+16	4.08e-07	4.45e-03	9.95e-01	1.18e-04	0.00e+00	0.00e+00	0.00e+00	0.00e+00	0.00e+00	2.81e-07	8.92e-08	3.73e-08
 7.72921e+16	4.87e-07	4.88e-03	9.95e-01	1.06e-04	0.00e+00	0.00e+00	0.00e+00	0.00e+00	0.00e+00	3.35e-07	1.06e-07	4.45e-08
 8.23839e+16	5.84e-07	5.35e-03	9.95e-01	9.59e-05	0.00e+00	0.00e+00	0.00e+00	0.00e+00	0.00e+00	4.02e-07	1.27e-07	5.34e-08
 8.76794e+16	7.05e-07	5.89e-03	9.94e-01	8.62e-05	0.00e+00	0.00e+00	0.00e+00	0.00e+00	0.00e+00	4.86e-07	1.53e-07	6.45e-08
 9.31867e+16	8.56e-07	6.49e-03	9.93e-01	7.74e-05	0.00e+00	0.00e+00	0.00e+00	0.00e+00	0.00e+00	5.90e-07	1.86e-07	7.84e-08
 9.89143e+16	1.05e-06	7.17e-03	9.93e-01	6.94e-05	0.00e+00	0.00e+00	0.00e+00	0.00e+00	0.00e+00	7.22e-07	2.27e-07	9.60e-08
 1.04871e+17	1.29e-06	7.95e-03	9.92e-01	6.20e-05	0.00e+00	0.00e+00	0.00e+00	0.00e+00	0.00e+00	8.92e-07	2.79e-07	1.19e-07
 1.11066e+17	1.61e-06	8.84e-03	9.91e-01	5.53e-05	0.00e+00	0.00e+00	0.00e+00	0.00e+00	0.00e+00	1.11e-06	3.48e-07	1.48e-07
 1.17509e+17	2.04e-06	9.87e-03	9.90e-01	4.91e-05	0.00e+00	0.00e+00	0.00e+00	0.00e+00	0.00e+00	1.41e-06	4.39e-07	1.87e-07
 1.24209e+17	2.61e-06	1.11e-02	9.89e-01	4.34e-05	0.00e+00	0.00e+00	0.00e+00	0.00e+00	0.00e+00	1.80e-06	5.62e-07	2.40e-07
 1.31178e+17	3.41e-06	1.25e-02	9.87e-01	3.82e-05	0.00e+00	0.00e+00	0.00e+00	0.00e+00	0.00e+00	2.36e-06	7.33e-07	3.14e-07
 1.38425e+17	4.56e-06	1.42e-02	9.86e-01	3.33e-05	0.00e+00	0.00e+00	0.00e+00	0.00e+00	0.00e+00	3.15e-06	9.79e-07	4.21e-07
 1.45756e+17	6.24e-06	1.63e-02	9.84e-01	2.89e-05	0.00e+00	0.00e+00	0.00e+00	0.00e+00	0.00e+00	4.31e-06	1.34e-06	5.77e-07
 1.52630e+17	8.56e-06	1.87e-02	9.81e-01	2.51e-05	0.00e+00	0.00e+00	0.00e+00	0.00e+00	0.00e+00	5.92e-06	1.83e-06	7.93e-07
 1.58645e+17	1.16e-05	2.12e-02	9.79e-01	2.20e-05	0.00e+00	0.00e+00	0.00e+00	0.00e+00	0.00e+00	8.02e-06	2.48e-06	1.08e-06
 1.63861e+17	1.55e-05	2.39e-02	9.76e-01	1.94e-05	0.00e+00	0.00e+00	0.00e+00	0.00e+00	0.00e+00	1.07e-05	3.31e-06	1.44e-06
 1.68518e+17	2.06e-05	2.69e-02	9.73e-01	1.72e-05	0.00e+00	0.00e+00	0.00e+00	0.00e+00	0.00e+00	1.42e-05	4.40e-06	1.92e-06
 1.72770e+17	2.75e-05	3.02e-02	9.70e-01	1.53e-05	0.00e+00	0.00e+00	0.00e+00	0.00e+00	0.00e+00	1.90e-05	5.87e-06	2.56e-06
 1.76635e+17	3.67e-05	3.40e-02	9.66e-01	1.35e-05	0.00e+00	0.00e+00	0.00e+00	0.00e+00	0.00e+00	2.54e-05	7.84e-06	3.43e-06
 1.80090e+17	4.91e-05	3.83e-02	9.62e-01	1.19e-05	0.00e+00	0.00e+00	0.00e+00	0.00e+00	0.00e+00	3.39e-05	1.05e-05	4.60e-06
 1.83151e+17	6.55e-05	4.31e-02	9.57e-01	1.05e-05	0.00e+00	0.00e+00	0.00e+00	0.00e+00	0.00e+00	4.53e-05	1.40e-05	6.15e-06
 1.85877e+17	8.73e-05	4.86e-02	9.51e-01	9.29e-06	0.00e+00	0.00e+00	0.00e+00	0.00e+00	0.00e+00	6.03e-05	1.86e-05	8.20e-06
 1.88328e+17	1.16e-04	5.48e-02	9.45e-01	8.15e-06	0.00e+00	0.00e+00	0.00e+00	0.00e+00	0.00e+00	8.05e-05	2.48e-05	1.10e-05
 1.90537e+17	1.56e-04	6.20e-02	9.38e-01	7.09e-06	0.00e+00	0.00e+00	0.00e+00	0.00e+00	0.00e+00	1.08e-04	3.32e-05	1.47e-05
 1.92523e+17	2.09e-04	7.03e-02	9.29e-01	6.17e-06	0.00e+00	0.00e+00	0.00e+00	0.00e+00	0.00e+00	1.44e-04	4.45e-05	1.97e-05
 1.94304e+17	2.80e-04	7.99e-02	9.20e-01	5.33e-06	0.00e+00	0.00e+00	0.00e+00	0.00e+00	0.00e+00	1.93e-04	5.96e-05	2.65e-05
 1.95902e+17	3.76e-04	9.08e-02	9.09e-01	4.58e-06	0.00e+00	0.00e+00	0.00e+00	0.00e+00	0.00e+00	2.60e-04	8.00e-05	3.56e-05
 1.97338e+17	5.05e-04	1.03e-01	8.96e-01	3.91e-06	0.00e+00	0.00e+00	0.00e+00	0.00e+00	0.00e+00	3.49e-04	1.07e-04	4.80e-05
 1.98632e+17	6.79e-04	1.18e-01	8.81e-01	3.33e-06	0.00e+00	0.00e+00	0.00e+00	0.00e+00	0.00e+00	4.69e-04	1.44e-04	6.46e-05
 1.99602e+17	8.65e-04	1.31e-01	8.68e-01	2.90e-06	0.00e+00	0.00e+00	0.00e+00	0.00e+00	0.00e+00	5.98e-04	1.84e-04	8.25e-05
 2.00218e+17	1.02e-03	1.42e-01	8.57e-01	2.62e-06	0.00e+00	0.00e+00	0.00e+00	0.00e+00	0.00e+00	7.08e-04	2.18e-04	9.78e-05
 2.00814e+17	1.22e-03	1.53e-01	8.46e-01	2.36e-06	0.00e+00	0.00e+00	0.00e+00	0.00e+00	0.00e+00	8.42e-04	2.59e-04	1.17e-04
 2.01589e+17	1.55e-03	1.71e-01	8.28e-01	2.03e-06	0.00e+00	0.00e+00	0.00e+00	0.00e+00	0.00e+00	1.07e-03	3.29e-04	1.48e-04
 2.02350e+17	1.99e-03	1.91e-01	8.07e-01	1.72e-06	0.00e+00	0.00e+00	0.00e+00	0.00e+00	0.00e+00	1.38e-03	4.24e-04	1.91e-04
 2.02900e+17	2.43e-03	2.08e-01	7.89e-01	1.51e-06	0.00e+00	0.00e+00	0.00e+00	0.00e+00	0.00e+00	1.68e-03	5.16e-04	2.33e-04
 2.03332e+17	2.87e-03	2.24e-01	7.73e-01	1.34e-06	0.00e+00	0.00e+00	0.00e+00	0.00e+00	0.00e+00	1.98e-03	6.10e-04	2.76e-04
 2.03807e+17	3.49e-03	2.44e-01	7.52e-01	1.17e-06	0.00e+00	0.00e+00	0.00e+00	0.00e+00	0.00e+00	2.41e-03	7.40e-04	3.35e-04
 2.04326e+17	4.36e-03	2.69e-01	7.27e-01	9.81e-07	0.00e+00	0.00e+00	0.00e+00	0.00e+00	0.00e+00	3.01e-03	9.25e-04	4.20e-04
 2.04777e+17	5.36e-03	2.94e-01	7.01e-01	8.36e-07	0.00e+00	0.00e+00	0.00e+00	0.00e+00	0.00e+00	3.70e-03	1.14e-03	5.16e-04
 2.05151e+17	6.43e-03	3.17e-01	6.76e-01	7.18e-07	0.00e+00	0.00e+00	0.00e+00	0.00e+00	0.00e+00	4.44e-03	1.36e-03	6.20e-04
 2.05500e+17	7.70e-03	3.42e-01	6.50e-01	6.14e-07	0.00e+00	0.00e+00	0.00e+00	0.00e+00	0.00e+00	5.32e-03	1.63e-03	7.44e-04
 2.05902e+17	9.64e-03	3.75e-01	6.15e-01	5.02e-07	0.00e+00	0.00e+00	0.00e+00	0.00e+00	0.00e+00	6.65e-03	2.04e-03	9.32e-04
 2.06310e+17	1.22e-02	4.11e-01	5.77e-01	4.00e-07	0.00e+00	0.00e+00	0.00e+00	0.00e+00	0.00e+00	8.40e-03	2.57e-03	1.18e-03
 2.06629e+17	1.48e-02	4.43e-01	5.42e-01	3.28e-07	0.00e+00	0.00e+00	0.00e+00	0.00e+00	0.00e+00	1.02e-02	3.13e-03	1.43e-03
 2.06894e+17	1.76e-02	4.72e-01	5.11e-01	2.72e-07	0.00e+00	0.00e+00	0.00e+00	0.00e+00	0.00e+00	1.21e-02	3.71e-03	1.70e-03
 2.07189e+17	2.15e-02	5.06e-01	4.72e-01	2.16e-07	0.00e+00	0.00e+00	0.00e+00	0.00e+00	0.00e+00	1.48e-02	4.52e-03	2.08e-03
 2.07505e+17	2.68e-02	5.45e-01	4.28e-01	1.64e-07	0.00e+00	0.00e+00	0.00e+00	0.00e+00	0.00e+00	1.85e-02	5.63e-03	2.60e-03
 2.07776e+17	3.27e-02	5.80e-01	3.87e-01	1.26e-07	0.00e+00	0.00e+00	0.00e+00	0.00e+00	0.00e+00	2.26e-02	6.86e-03	3.17e-03
 2.08008e+17	3.90e-02	6.10e-01	3.51e-01	0.00e+00	0.00e+00	0.00e+00	0.00e+00	0.00e+00	0.00e+00	2.70e-02	8.17e-03	3.78e-03
 2.08261e+17	4.77e-02	6.44e-01	3.09e-01	0.00e+00	0.00e+00	0.00e+00	0.00e+00	0.00e+00	0.00e+00	3.31e-02	9.98e-03	4.64e-03
 2.08531e+17	5.93e-02	6.76e-01	2.64e-01	0.00e+00	0.00e+00	0.00e+00	0.00e+00	0.00e+00	0.00e+00	4.11e-02	1.24e-02	5.76e-03
 2.08764e+17	7.20e-02	7.02e-01	2.26e-01	0.00e+00	0.00e+00	0.00e+00	0.00e+00	0.00e+00	0.00e+00	5.00e-02	1.50e-02	6.99e-03
 2.08968e+17	8.57e-02	7.22e-01	1.93e-01	0.00e+00	0.00e+00	0.00e+00	0.00e+00	0.00e+00	0.00e+00	5.96e-02	1.77e-02	8.32e-03
 2.09193e+17	1.04e-01	7.38e-01	1.58e-01	0.00e+00	0.00e+00	0.00e+00	0.00e+00	0.00e+00	0.00e+00	7.24e-02	2.14e-02	1.01e-02
 2.09441e+17	1.28e-01	7.48e-01	1.24e-01	0.00e+00	0.00e+00	0.00e+00	0.00e+00	0.00e+00	0.00e+00	8.96e-02	2.63e-02	1.24e-02
 2.09662e+17	1.55e-01	7.49e-01	9.60e-02	0.00e+00	0.00e+00	0.00e+00	0.00e+00	0.00e+00	0.00e+00	1.09e-01	3.15e-02	1.50e-02
 2.09862e+17	1.84e-01	7.42e-01	7.42e-02	0.00e+00	0.00e+00	0.00e+00	0.00e+00	0.00e+00	0.00e+00	1.29e-01	3.70e-02	1.78e-02
 2.10050e+17	2.15e-01	7.28e-01	5.68e-02	0.00e+00	0.00e+00	0.00e+00	0.00e+00	0.00e+00	0.00e+00	1.51e-01	4.28e-02	2.07e-02
 2.10232e+17	2.49e-01	7.08e-01	4.28e-02	0.00e+00	0.00e+00	0.00e+00	0.00e+00	0.00e+00	0.00e+00	1.76e-01	4.91e-02	2.39e-02
 2.10408e+17	2.86e-01	6.82e-01	3.17e-02	0.00e+00	0.00e+00	0.00e+00	0.00e+00	0.00e+00	0.00e+00	2.03e-01	5.56e-02	2.74e-02
 2.10572e+17	3.24e-01	6.53e-01	2.35e-02	0.00e+00	0.00e+00	0.00e+00	0.00e+00	0.00e+00	0.00e+00	2.31e-01	6.20e-02	3.08e-02
 2.10720e+17	3.60e-01	6.22e-01	1.75e-02	0.00e+00	0.00e+00	0.00e+00	0.00e+00	0.00e+00	0.00e+00	2.58e-01	6.80e-02	3.42e-02
 2.10854e+17	3.96e-01	5.91e-01	1.31e-02	0.00e+00	0.00e+00	0.00e+00	0.00e+00	0.00e+00	0.00e+00	2.85e-01	7.35e-02	3.73e-02
 2.10977e+17	4.31e-01	5.60e-01	9.94e-03	0.00e+00	0.00e+00	0.00e+00	0.00e+00	0.00e+00	0.00e+00	3.11e-01	7.86e-02	4.03e-02
 2.11087e+17	4.62e-01	5.31e-01	7.66e-03	0.00e+00	0.00e+00	0.00e+00	0.00e+00	0.00e+00	0.00e+00	3.36e-01	8.29e-02	4.30e-02
 2.11183e+17	4.90e-01	5.04e-01	6.05e-03	0.00e+00	0.00e+00	0.00e+00	0.00e+00	0.00e+00	0.00e+00	3.58e-01	8.65e-02	4.53e-02
 2.11267e+17	5.15e-01	4.80e-01	4.87e-03	0.00e+00	0.00e+00	0.00e+00	0.00e+00	0.00e+00	0.00e+00	3.78e-01	8.96e-02	4.73e-02
 2.11348e+17	5.39e-01	4.57e-01	3.92e-03	0.00e+00	0.00e+00	0.00e+00	0.00e+00	0.00e+00	0.00e+00	3.97e-01	9.24e-02	4.92e-02
 2.11426e+17	5.63e-01	4.34e-01	3.16e-03	0.00e+00	0.00e+00	0.00e+00	0.00e+00	0.00e+00	0.00e+00	4.17e-01	9.49e-02	5.10e-02
 2.11499e+17	5.85e-01	4.12e-01	2.56e-03	0.00e+00	0.00e+00	0.00e+00	0.00e+00	0.00e+00	0.00e+00	4.35e-01	9.70e-02	5.26e-02
 2.11553e+17	6.01e-01	3.97e-01	2.21e-03	0.00e+00	0.00e+00	0.00e+00	0.00e+00	0.00e+00	0.00e+00	4.48e-01	9.84e-02	5.37e-02
 2.11589e+17	6.11e-01	3.87e-01	1.98e-03	0.00e+00	0.00e+00	0.00e+00	0.00e+00	0.00e+00	0.00e+00	4.57e-01	9.93e-02	5.45e-02
 2.11625e+17	6.22e-01	3.76e-01	1.78e-03	0.00e+00	0.00e+00	0.00e+00	0.00e+00	0.00e+00	0.00e+00	4.67e-01	1.00e-01	5.52e-02
 2.11665e+17	6.35e-01	3.64e-01	1.57e-03	0.00e+00	0.00e+00	0.00e+00	0.00e+00	0.00e+00	0.00e+00	4.77e-01	1.01e-01	5.60e-02
 2.11707e+17	6.47e-01	3.52e-01	1.37e-03	0.00e+00	0.00e+00	0.00e+00	0.00e+00	0.00e+00	0.00e+00	4.88e-01	1.02e-01	5.68e-02
 2.11748e+17	6.59e-01	3.40e-01	1.21e-03	0.00e+00	0.00e+00	0.00e+00	0.00e+00	0.00e+00	0.00e+00	4.98e-01	1.03e-01	5.75e-02
 2.11788e+17	6.71e-01	3.28e-01	1.06e-03	0.00e+00	0.00e+00	0.00e+00	0.00e+00	0.00e+00	0.00e+00	5.09e-01	1.03e-01	5.82e-02
 2.11827e+17	6.82e-01	3.17e-01	9.33e-04	0.00e+00	0.00e+00	0.00e+00	0.00e+00	0.00e+00	0.00e+00	5.19e-01	1.04e-01	5.89e-02
 2.11866e+17	6.93e-01	3.06e-01	8.17e-04	0.00e+00	0.00e+00	0.00e+00	0.00e+00	0.00e+00	0.00e+00	5.29e-01	1.04e-01	5.95e-02
 2.11905e+17	7.04e-01	2.95e-01	7.17e-04	0.00e+00	0.00e+00	0.00e+00	0.00e+00	0.00e+00	0.00e+00	5.39e-01	1.05e-01	6.00e-02
 2.11943e+17	7.15e-01	2.84e-01	6.28e-04	0.00e+00	0.00e+00	0.00e+00	0.00e+00	0.00e+00	0.00e+00	5.49e-01	1.05e-01	6.06e-02
 2.11982e+17	7.25e-01	2.74e-01	5.50e-04	0.00e+00	0.00e+00	0.00e+00	0.00e+00	0.00e+00	0.00e+00	5.59e-01	1.05e-01	6.10e-02
 2.12020e+17	7.36e-01	2.64e-01	4.80e-04	0.00e+00	0.00e+00	0.00e+00	0.00e+00	0.00e+00	0.00e+00	5.69e-01	1.05e-01	6.15e-02
 2.12058e+17	7.46e-01	2.54e-01	4.19e-04	0.00e+00	0.00e+00	0.00e+00	0.00e+00	0.00e+00	0.00e+00	5.78e-01	1.06e-01	6.19e-02
 2.12095e+17	7.55e-01	2.44e-01	3.66e-04	0.00e+00	0.00e+00	0.00e+00	0.00e+00	0.00e+00	0.00e+00	5.87e-01	1.06e-01	6.22e-02
 2.12132e+17	7.65e-01	2.35e-01	3.19e-04	0.00e+00	0.00e+00	0.00e+00	0.00e+00	0.00e+00	0.00e+00	5.97e-01	1.06e-01	6.26e-02
 2.12169e+17	7.74e-01	2.26e-01	2.79e-04	0.00e+00	0.00e+00	0.00e+00	0.00e+00	0.00e+00	0.00e+00	6.06e-01	1.05e-01	6.28e-02
 2.12206e+17	7.83e-01	2.17e-01	2.43e-04	0.00e+00	0.00e+00	0.00e+00	0.00e+00	0.00e+00	0.00e+00	6.15e-01	1.05e-01	6.31e-02
 2.12243e+17	7.92e-01	2.08e-01	2.11e-04	0.00e+00	0.00e+00	0.00e+00	0.00e+00	0.00e+00	0.00e+00	6.23e-01	1.05e-01	6.33e-02
 2.12279e+17	8.00e-01	1.99e-01	1.83e-04	0.00e+00	0.00e+00	0.00e+00	0.00e+00	0.00e+00	0.00e+00	6.32e-01	1.05e-01	6.34e-02
 2.12314e+17	8.08e-01	1.92e-01	1.60e-04	0.00e+00	0.00e+00	0.00e+00	0.00e+00	0.00e+00	0.00e+00	6.40e-01	1.04e-01	6.35e-02
 2.12350e+17	8.16e-01	1.84e-01	1.39e-04	0.00e+00	0.00e+00	0.00e+00	0.00e+00	0.00e+00	0.00e+00	6.49e-01	1.04e-01	6.36e-02
 2.12385e+17	8.24e-01	1.76e-01	1.20e-04	0.00e+00	0.00e+00	0.00e+00	0.00e+00	0.00e+00	0.00e+00	6.57e-01	1.03e-01	6.36e-02
 2.12420e+17	8.31e-01	1.69e-01	1.04e-04	0.00e+00	0.00e+00	0.00e+00	0.00e+00	0.00e+00	0.00e+00	6.65e-01	1.03e-01	6.36e-02
 2.12455e+17	8.39e-01	1.61e-01	9.04e-05	0.00e+00	0.00e+00	0.00e+00	0.00e+00	0.00e+00	0.00e+00	6.73e-01	1.02e-01	6.36e-02
 2.12490e+17	8.45e-01	1.55e-01	7.84e-05	0.00e+00	0.00e+00	0.00e+00	0.00e+00	0.00e+00	0.00e+00	6.80e-01	1.02e-01	6.35e-02
 2.12524e+17	8.52e-01	1.48e-01	6.78e-05	0.00e+00	0.00e+00	0.00e+00	0.00e+00	0.00e+00	0.00e+00	6.88e-01	1.01e-01	6.35e-02
 2.12558e+17	8.58e-01	1.42e-01	5.88e-05	0.00e+00	0.00e+00	0.00e+00	0.00e+00	0.00e+00	0.00e+00	6.95e-01	1.00e-01	6.34e-02
 2.12591e+17	8.65e-01	1.35e-01	5.09e-05	0.00e+00	0.00e+00	0.00e+00	0.00e+00	0.00e+00	0.00e+00	7.02e-01	9.97e-02	6.32e-02
 2.12624e+17	8.70e-01	1.29e-01	4.41e-05	0.00e+00	0.00e+00	0.00e+00	0.00e+00	0.00e+00	0.00e+00	7.08e-01	9.90e-02	6.31e-02
 2.12657e+17	8.76e-01	1.24e-01	3.83e-05	0.00e+00	0.00e+00	0.00e+00	0.00e+00	0.00e+00	0.00e+00	7.15e-01	9.83e-02	6.29e-02
 2.12689e+17	8.81e-01	1.19e-01	3.32e-05	0.00e+00	0.00e+00	0.00e+00	0.00e+00	0.00e+00	0.00e+00	7.21e-01	9.76e-02	6.27e-02
 2.12721e+17	8.87e-01	1.13e-01	2.88e-05	0.00e+00	0.00e+00	0.00e+00	0.00e+00	0.00e+00	0.00e+00	7.27e-01	9.69e-02	6.25e-02
 2.12752e+17	8.91e-01	1.09e-01	2.51e-05	0.00e+00	0.00e+00	0.00e+00	0.00e+00	0.00e+00	0.00e+00	7.33e-01	9.62e-02	6.23e-02
 2.12783e+17	8.96e-01	1.04e-01	2.18e-05	0.00e+00	0.00e+00	0.00e+00	0.00e+00	0.00e+00	0.00e+00	7.38e-01	9.55e-02	6.21e-02
 2.12813e+17	9.00e-01	9.95e-02	1.90e-05	0.00e+00	0.00e+00	0.00e+00	0.00e+00	0.00e+00	0.00e+00	7.44e-01	9.48e-02	6.19e-02
 2.12843e+17	9.05e-01	9.53e-02	1.66e-05	0.00e+00	0.00e+00	0.00e+00	0.00e+00	0.00e+00	0.00e+00	7.49e-01	9.41e-02	6.17e-02
 2.12872e+17	9.09e-01	9.13e-02	1.45e-05	0.00e+00	0.00e+00	0.00e+00	0.00e+00	0.00e+00	0.00e+00	7.54e-01	9.35e-02	6.14e-02
 2.12901e+17	9.13e-01	8.74e-02	1.26e-05	0.00e+00	0.00e+00	0.00e+00	0.00e+00	0.00e+00	0.00e+00	7.59e-01	9.28e-02	6.12e-02
 2.12930e+17	9.16e-01	8.38e-02	1.10e-05	0.00e+00	0.00e+00	0.00e+00	0.00e+00	0.00e+00	0.00e+00	7.63e-01	9.21e-02	6.09e-02
 2.12958e+17	9.20e-01	8.03e-02	9.66e-06	0.00e+00	0.00e+00	0.00e+00	0.00e+00	0.00e+00	0.00e+00	7.68e-01	9.15e-02	6.07e-02
 2.12986e+17	9.23e-01	7.70e-02	8.46e-06	0.00e+00	0.00e+00	0.00e+00	0.00e+00	0.00e+00	0.00e+00	7.72e-01	9.09e-02	6.04e-02
 2.13013e+17	9.26e-01	7.38e-02	7.41e-06	0.00e+00	0.00e+00	0.00e+00	0.00e+00	0.00e+00	0.00e+00	7.76e-01	9.02e-02	6.02e-02
 2.13041e+17	9.29e-01	7.08e-02	6.50e-06	0.00e+00	0.00e+00	0.00e+00	0.00e+00	0.00e+00	0.00e+00	7.80e-01	8.96e-02	5.99e-02
 2.13067e+17	9.32e-01	6.78e-02	5.70e-06	0.00e+00	0.00e+00	0.00e+00	0.00e+00	0.00e+00	0.00e+00	7.83e-01	8.90e-02	5.97e-02
 2.13094e+17	9.35e-01	6.51e-02	5.01e-06	0.00e+00	0.00e+00	0.00e+00	0.00e+00	0.00e+00	0.00e+00	7.87e-01	8.84e-02	5.94e-02
 2.13121e+17	9.38e-01	6.24e-02	4.40e-06	0.00e+00	0.00e+00	0.00e+00	0.00e+00	0.00e+00	0.00e+00	7.90e-01	8.79e-02	5.92e-02
 2.13147e+17	9.40e-01	5.99e-02	3.87e-06	0.00e+00	0.00e+00	0.00e+00	0.00e+00	0.00e+00	0.00e+00	7.94e-01	8.73e-02	5.89e-02
 2.13172e+17	9.42e-01	5.75e-02	3.41e-06	0.00e+00	0.00e+00	0.00e+00	0.00e+00	0.00e+00	0.00e+00	7.97e-01	8.68e-02	5.87e-02
 2.13198e+17	9.45e-01	5.52e-02	3.00e-06	0.00e+00	0.00e+00	0.00e+00	0.00e+00	0.00e+00	0.00e+00	8.00e-01	8.63e-02	5.85e-02
 2.13223e+17	9.47e-01	5.30e-02	2.64e-06	0.00e+00	0.00e+00	0.00e+00	0.00e+00	0.00e+00	0.00e+00	8.03e-01	8.57e-02	5.82e-02
 2.13248e+17	9.49e-01	5.09e-02	2.33e-06	0.00e+00	0.00e+00	0.00e+00	0.00e+00	0.00e+00	0.00e+00	8.06e-01	8.52e-02	5.80e-02
 2.13273e+17	9.51e-01	4.89e-02	2.06e-06	0.00e+00	0.00e+00	0.00e+00	0.00e+00	0.00e+00	0.00e+00	8.09e-01	8.48e-02	5.78e-02
 2.13298e+17	9.53e-01	4.70e-02	1.82e-06	0.00e+00	0.00e+00	0.00e+00	0.00e+00	0.00e+00	0.00e+00	8.11e-01	8.43e-02	5.75e-02
 2.13322e+17	9.55e-01	4.51e-02	1.60e-06	0.00e+00	0.00e+00	0.00e+00	0.00e+00	0.00e+00	0.00e+00	8.14e-01	8.38e-02	5.73e-02
 2.13347e+17	9.57e-01	4.34e-02	1.42e-06	0.00e+00	0.00e+00	0.00e+00	0.00e+00	0.00e+00	0.00e+00	8.16e-01	8.34e-02	5.71e-02
 2.13371e+17	9.58e-01	4.16e-02	1.25e-06	0.00e+00	0.00e+00	0.00e+00	0.00e+00	0.00e+00	0.00e+00	8.18e-01	8.30e-02	5.69e-02
 2.13395e+17	9.60e-01	4.00e-02	1.11e-06	0.00e+00	0.00e+00	0.00e+00	0.00e+00	0.00e+00	0.00e+00	8.21e-01	8.26e-02	5.67e-02
 2.13419e+17	9.62e-01	3.85e-02	9.81e-07	0.00e+00	0.00e+00	0.00e+00	0.00e+00	0.00e+00	0.00e+00	8.23e-01	8.22e-02	5.65e-02
 2.13442e+17	9.63e-01	3.70e-02	8.69e-07	0.00e+00	0.00e+00	0.00e+00	0.00e+00	0.00e+00	0.00e+00	8.25e-01	8.18e-02	5.63e-02
 2.13466e+17	9.64e-01	3.56e-02	7.69e-07	0.00e+00	0.00e+00	0.00e+00	0.00e+00	0.00e+00	0.00e+00	8.27e-01	8.14e-02	5.61e-02
 2.13489e+17	9.66e-01	3.42e-02	6.82e-07	0.00e+00	0.00e+00	0.00e+00	0.00e+00	0.00e+00	0.00e+00	8.29e-01	8.10e-02	5.59e-02
 2.13512e+17	9.67e-01	3.29e-02	6.04e-07	0.00e+00	0.00e+00	0.00e+00	0.00e+00	0.00e+00	0.00e+00	8.31e-01	8.07e-02	5.57e-02
 2.13535e+17	9.68e-01	3.17e-02	5.37e-07	0.00e+00	0.00e+00	0.00e+00	0.00e+00	0.00e+00	0.00e+00	8.32e-01	8.03e-02	5.56e-02
 2.13558e+17	9.70e-01	3.05e-02	4.76e-07	0.00e+00	0.00e+00	0.00e+00	0.00e+00	0.00e+00	0.00e+00	8.34e-01	8.00e-02	5.54e-02
 2.13581e+17	9.71e-01	2.93e-02	4.23e-07	0.00e+00	0.00e+00	0.00e+00	0.00e+00	0.00e+00	0.00e+00	8.36e-01	7.97e-02	5.52e-02
 2.13603e+17	9.72e-01	2.82e-02	3.76e-07	0.00e+00	0.00e+00	0.00e+00	0.00e+00	0.00e+00	0.00e+00	8.37e-01	7.94e-02	5.51e-02
 2.13626e+17	9.73e-01	2.72e-02	3.34e-07	0.00e+00	0.00e+00	0.00e+00	0.00e+00	0.00e+00	0.00e+00	8.39e-01	7.91e-02	5.49e-02
 2.13648e+17	9.74e-01	2.62e-02	2.97e-07	0.00e+00	0.00e+00	0.00e+00	0.00e+00	0.00e+00	0.00e+00	8.40e-01	7.88e-02	5.48e-02
 2.13671e+17	9.75e-01	2.52e-02	2.64e-07	0.00e+00	0.00e+00	0.00e+00	0.00e+00	0.00e+00	0.00e+00	8.42e-01	7.85e-02	5.46e-02
 2.13693e+17	9.76e-01	2.43e-02	2.35e-07	0.00e+00	0.00e+00	0.00e+00	0.00e+00	0.00e+00	0.00e+00	8.43e-01	7.82e-02	5.45e-02
 2.13715e+17	9.77e-01	2.34e-02	2.09e-07	0.00e+00	0.00e+00	0.00e+00	0.00e+00	0.00e+00	0.00e+00	8.44e-01	7.80e-02	5.43e-02
 2.13737e+17	9.77e-01	2.25e-02	1.86e-07	0.00e+00	0.00e+00	0.00e+00	0.00e+00	0.00e+00	0.00e+00	8.46e-01	7.77e-02	5.42e-02
 2.13759e+17	9.78e-01	2.17e-02	1.66e-07	0.00e+00	0.00e+00	0.00e+00	0.00e+00	0.00e+00	0.00e+00	8.47e-01	7.75e-02	5.41e-02
 2.13781e+17	9.79e-01	2.09e-02	1.48e-07	0.00e+00	0.00e+00	0.00e+00	0.00e+00	0.00e+00	0.00e+00	8.48e-01	7.73e-02	5.39e-02
 2.13802e+17	9.80e-01	2.01e-02	1.32e-07	0.00e+00	0.00e+00	0.00e+00	0.00e+00	0.00e+00	0.00e+00	8.49e-01	7.70e-02	5.38e-02
 2.13824e+17	9.81e-01	1.94e-02	1.18e-07	0.00e+00	0.00e+00	0.00e+00	0.00e+00	0.00e+00	0.00e+00	8.50e-01	7.68e-02	5.37e-02
 2.13846e+17	9.81e-01	1.87e-02	1.05e-07	0.00e+00	0.00e+00	0.00e+00	0.00e+00	0.00e+00	0.00e+00	8.51e-01	7.66e-02	5.36e-02
 2.13867e+17	9.82e-01	1.80e-02	9.35e-08	0.00e+00	0.00e+00	0.00e+00	0.00e+00	0.00e+00	0.00e+00	8.52e-01	7.64e-02	5.35e-02
 2.13889e+17	9.83e-01	1.74e-02	8.35e-08	0.00e+00	0.00e+00	0.00e+00	0.00e+00	0.00e+00	0.00e+00	8.53e-01	7.62e-02	5.34e-02
 2.13910e+17	9.83e-01	1.68e-02	7.45e-08	0.00e+00	0.00e+00	0.00e+00	0.00e+00	0.00e+00	0.00e+00	8.54e-01	7.60e-02	5.33e-02
 2.13931e+17	9.84e-01	1.62e-02	6.66e-08	0.00e+00	0.00e+00	0.00e+00	0.00e+00	0.00e+00	0.00e+00	8.55e-01	7.58e-02	5.32e-02
 2.13952e+17	9.84e-01	1.56e-02	5.95e-08	0.00e+00	0.00e+00	0.00e+00	0.00e+00	0.00e+00	0.00e+00	8.56e-01	7.57e-02	5.31e-02
 2.13973e+17	9.85e-01	1.50e-02	5.32e-08	0.00e+00	0.00e+00	0.00e+00	0.00e+00	0.00e+00	0.00e+00	8.56e-01	7.55e-02	5.30e-02
 2.13994e+17	9.86e-01	1.45e-02	4.75e-08	0.00e+00	0.00e+00	0.00e+00	0.00e+00	0.00e+00	0.00e+00	8.57e-01	7.53e-02	5.29e-02
 2.14016e+17	9.86e-01	1.40e-02	4.25e-08	0.00e+00	0.00e+00	0.00e+00	0.00e+00	0.00e+00	0.00e+00	8.58e-01	7.52e-02	5.28e-02
 2.14037e+17	9.87e-01	1.35e-02	3.80e-08	0.00e+00	0.00e+00	0.00e+00	0.00e+00	0.00e+00	0.00e+00	8.59e-01	7.50e-02	5.27e-02
 2.14057e+17	9.87e-01	1.30e-02	3.40e-08	0.00e+00	0.00e+00	0.00e+00	0.00e+00	0.00e+00	0.00e+00	8.60e-01	7.49e-02	5.26e-02
 2.14078e+17	9.87e-01	1.26e-02	3.04e-08	0.00e+00	0.00e+00	0.00e+00	0.00e+00	0.00e+00	0.00e+00	8.60e-01	7.47e-02	5.25e-02
 2.14099e+17	9.88e-01	1.21e-02	2.72e-08	0.00e+00	0.00e+00	0.00e+00	0.00e+00	0.00e+00	0.00e+00	8.61e-01	7.46e-02	5.24e-02
 2.14120e+17	9.88e-01	1.17e-02	2.43e-08	0.00e+00	0.00e+00	0.00e+00	0.00e+00	0.00e+00	0.00e+00	8.61e-01	7.45e-02	5.24e-02
 2.14141e+17	9.89e-01	1.13e-02	2.18e-08	0.00e+00	0.00e+00	0.00e+00	0.00e+00	0.00e+00	0.00e+00	8.62e-01	7.43e-02	5.23e-02
 2.14161e+17	9.89e-01	1.09e-02	1.95e-08	0.00e+00	0.00e+00	0.00e+00	0.00e+00	0.00e+00	0.00e+00	8.63e-01	7.42e-02	5.22e-02
 2.14182e+17	9.89e-01	1.05e-02	1.75e-08	0.00e+00	0.00e+00	0.00e+00	0.00e+00	0.00e+00	0.00e+00	8.63e-01	7.41e-02	5.21e-02
 2.14203e+17	9.90e-01	1.01e-02	1.56e-08	0.00e+00	0.00e+00	0.00e+00	0.00e+00	0.00e+00	0.00e+00	8.64e-01	7.40e-02	5.21e-02
 2.14223e+17	9.90e-01	9.79e-03	1.40e-08	0.00e+00	0.00e+00	0.00e+00	0.00e+00	0.00e+00	0.00e+00	8.64e-01	7.38e-02	5.20e-02
 2.14244e+17	9.91e-01	9.44e-03	1.25e-08	0.00e+00	0.00e+00	0.00e+00	0.00e+00	0.00e+00	0.00e+00	8.65e-01	7.37e-02	5.19e-02
 2.14265e+17	9.91e-01	9.12e-03	1.13e-08	0.00e+00	0.00e+00	0.00e+00	0.00e+00	0.00e+00	0.00e+00	8.65e-01	7.36e-02	5.19e-02
 2.14285e+17	9.91e-01	8.82e-03	1.01e-08	0.00e+00	0.00e+00	0.00e+00	0.00e+00	0.00e+00	0.00e+00	8.66e-01	7.35e-02	5.18e-02
 2.14306e+17	9.91e-01	8.56e-03	9.08e-09	0.00e+00	0.00e+00	0.00e+00	0.00e+00	0.00e+00	0.00e+00	8.66e-01	7.34e-02	5.18e-02
 2.14328e+17	9.92e-01	8.38e-03	8.22e-09	0.00e+00	0.00e+00	0.00e+00	0.00e+00	0.00e+00	0.00e+00	8.67e-01	7.34e-02	5.17e-02
 2.14353e+17	9.92e-01	8.10e-03	7.22e-09	0.00e+00	0.00e+00	0.00e+00	0.00e+00	0.00e+00	0.00e+00	8.67e-01	7.33e-02	5.17e-02
 2.14382e+17	9.92e-01	7.84e-03	6.31e-09	0.00e+00	0.00e+00	0.00e+00	0.00e+00	0.00e+00	0.00e+00	8.67e-01	7.32e-02	5.16e-02
 2.14409e+17	9.92e-01	7.59e-03	5.56e-09	0.00e+00	0.00e+00	0.00e+00	0.00e+00	0.00e+00	0.00e+00	8.68e-01	7.31e-02	5.16e-02
 2.14435e+17	9.93e-01	7.36e-03	4.90e-09	0.00e+00	0.00e+00	0.00e+00	0.00e+00	0.00e+00	0.00e+00	8.68e-01	7.30e-02	5.15e-02
 2.14462e+17	9.93e-01	7.13e-03	4.31e-09	0.00e+00	0.00e+00	0.00e+00	0.00e+00	0.00e+00	0.00e+00	8.68e-01	7.29e-02	5.15e-02
 2.14489e+17	9.93e-01	6.90e-03	3.78e-09	0.00e+00	0.00e+00	0.00e+00	0.00e+00	0.00e+00	0.00e+00	8.69e-01	7.29e-02	5.14e-02
 2.14518e+17	9.93e-01	6.69e-03	3.31e-09	0.00e+00	0.00e+00	0.00e+00	0.00e+00	0.00e+00	0.00e+00	8.69e-01	7.28e-02	5.14e-02
 2.14546e+17	9.94e-01	6.48e-03	2.90e-09	0.00e+00	0.00e+00	0.00e+00	0.00e+00	0.00e+00	0.00e+00	8.69e-01	7.27e-02	5.13e-02
 2.14575e+17	9.94e-01	6.29e-03	2.53e-09	0.00e+00	0.00e+00	0.00e+00	0.00e+00	0.00e+00	0.00e+00	8.70e-01	7.26e-02	5.13e-02
 2.14605e+17	9.94e-01	6.10e-03	2.20e-09	0.00e+00	0.00e+00	0.00e+00	0.00e+00	0.00e+00	0.00e+00	8.70e-01	7.26e-02	5.13e-02
 2.14636e+17	9.94e-01	5.91e-03	1.91e-09	0.00e+00	0.00e+00	0.00e+00	0.00e+00	0.00e+00	0.00e+00	8.70e-01	7.25e-02	5.12e-02
 2.14668e+17	9.94e-01	5.73e-03	1.65e-09	0.00e+00	0.00e+00	0.00e+00	0.00e+00	0.00e+00	0.00e+00	8.71e-01	7.24e-02	5.12e-02
 2.14702e+17	9.94e-01	5.55e-03	1.41e-09	0.00e+00	0.00e+00	0.00e+00	0.00e+00	0.00e+00	0.00e+00	8.71e-01	7.24e-02	5.11e-02
 2.14737e+17	9.95e-01	5.38e-03	1.21e-09	0.00e+00	0.00e+00	0.00e+00	0.00e+00	0.00e+00	0.00e+00	8.71e-01	7.23e-02	5.11e-02
 2.14774e+17	9.95e-01	5.22e-03	1.03e-09	0.00e+00	0.00e+00	0.00e+00	0.00e+00	0.00e+00	0.00e+00	8.72e-01	7.22e-02	5.10e-02
 2.14813e+17	9.95e-01	5.06e-03	8.66e-10	0.00e+00	0.00e+00	0.00e+00	0.00e+00	0.00e+00	0.00e+00	8.72e-01	7.22e-02	5.10e-02
 2.14854e+17	9.95e-01	4.91e-03	7.25e-10	0.00e+00	0.00e+00	0.00e+00	0.00e+00	0.00e+00	0.00e+00	8.72e-01	7.21e-02	5.09e-02
 2.14898e+17	9.95e-01	4.77e-03	6.03e-10	0.00e+00	0.00e+00	0.00e+00	0.00e+00	0.00e+00	0.00e+00	8.72e-01	7.20e-02	5.09e-02
 2.14942e+17	9.95e-01	4.64e-03	5.02e-10	0.00e+00	0.00e+00	0.00e+00	0.00e+00	0.00e+00	0.00e+00	8.73e-01	7.20e-02	5.09e-02
 2.14986e+17	9.95e-01	4.52e-03	4.19e-10	0.00e+00	0.00e+00	0.00e+00	0.00e+00	0.00e+00	0.00e+00	8.73e-01	7.19e-02	5.08e-02
 2.15031e+17	9.96e-01	4.42e-03	3.48e-10	0.00e+00	0.00e+00	0.00e+00	0.00e+00	0.00e+00	0.00e+00	8.73e-01	7.19e-02	5.08e-02
 2.15078e+17	9.96e-01	4.32e-03	2.89e-10	0.00e+00	0.00e+00	0.00e+00	0.00e+00	0.00e+00	0.00e+00	8.73e-01	7.18e-02	5.07e-02
 2.15125e+17	9.96e-01	4.23e-03	2.39e-10	0.00e+00	0.00e+00	0.00e+00	0.00e+00	0.00e+00	0.00e+00	8.73e-01	7.18e-02	5.07e-02
 2.15175e+17	9.96e-01	4.15e-03	1.97e-10	0.00e+00	0.00e+00	0.00e+00	0.00e+00	0.00e+00	0.00e+00	8.73e-01	7.17e-02	5.07e-02
 2.15226e+17	9.96e-01	4.08e-03	1.61e-10	0.00e+00	0.00e+00	0.00e+00	0.00e+00	0.00e+00	0.00e+00	8.74e-01	7.17e-02	5.06e-02
 2.15280e+17	9.96e-01	4.01e-03	1.31e-10	0.00e+00	0.00e+00	0.00e+00	0.00e+00	0.00e+00	0.00e+00	8.74e-01	7.16e-02	5.06e-02
 2.15337e+17	9.96e-01	3.95e-03	1.06e-10	0.00e+00	0.00e+00	0.00e+00	0.00e+00	0.00e+00	0.00e+00	8.74e-01	7.16e-02	5.06e-02
 2.15398e+17	9.96e-01	3.89e-03	8.39e-11	0.00e+00	0.00e+00	0.00e+00	0.00e+00	0.00e+00	0.00e+00	8.74e-01	7.16e-02	5.05e-02
 2.15463e+17	9.96e-01	3.83e-03	6.56e-11	0.00e+00	0.00e+00	0.00e+00	0.00e+00	0.00e+00	0.00e+00	8.74e-01	7.15e-02	5.05e-02
 2.15535e+17	9.96e-01	3.78e-03	5.01e-11	0.00e+00	0.00e+00	0.00e+00	0.00e+00	0.00e+00	0.00e+00	8.74e-01	7.15e-02	5.05e-02
 2.15616e+17	9.96e-01	3.73e-03	3.72e-11	0.00e+00	0.00e+00	0.00e+00	0.00e+00	0.00e+00	0.00e+00	8.74e-01	7.14e-02	5.04e-02
 2.15701e+17	9.96e-01	3.69e-03	2.73e-11	0.00e+00	0.00e+00	0.00e+00	0.00e+00	0.00e+00	0.00e+00	8.74e-01	7.14e-02	5.04e-02
 2.15786e+17	9.96e-01	3.64e-03	2.01e-11	0.00e+00	0.00e+00	0.00e+00	0.00e+00	0.00e+00	0.00e+00	8.75e-01	7.14e-02	5.04e-02
 2.15872e+17	9.96e-01	3.61e-03	1.48e-11	0.00e+00	0.00e+00	0.00e+00	0.00e+00	0.00e+00	0.00e+00	8.75e-01	7.13e-02	5.04e-02
 2.15957e+17	9.96e-01	3.58e-03	1.09e-11	0.00e+00	0.00e+00	0.00e+00	0.00e+00	0.00e+00	0.00e+00	8.75e-01	7.13e-02	5.03e-02
 2.16042e+17	9.96e-01	3.56e-03	8.08e-12	0.00e+00	0.00e+00	0.00e+00	0.00e+00	0.00e+00	0.00e+00	8.75e-01	7.13e-02	5.03e-02
 2.16127e+17	9.96e-01	3.53e-03	5.99e-12	0.00e+00	0.00e+00	0.00e+00	0.00e+00	0.00e+00	0.00e+00	8.75e-01	7.13e-02	5.03e-02
 2.16213e+17	9.96e-01	3.51e-03	4.45e-12	0.00e+00	0.00e+00	0.00e+00	0.00e+00	0.00e+00	0.00e+00	8.75e-01	7.13e-02	5.03e-02
 2.16298e+17	9.97e-01	3.49e-03	3.32e-12	0.00e+00	0.00e+00	0.00e+00	0.00e+00	0.00e+00	0.00e+00	8.75e-01	7.12e-02	5.03e-02
 2.16383e+17	9.97e-01	3.47e-03	2.48e-12	0.00e+00	0.00e+00	0.00e+00	0.00e+00	0.00e+00	0.00e+00	8.75e-01	7.12e-02	5.03e-02
 2.16476e+17	9.97e-01	3.45e-03	1.80e-12	0.00e+00	0.00e+00	0.00e+00	0.00e+00	0.00e+00	0.00e+00	8.75e-01	7.12e-02	5.03e-02
 2.16576e+17	9.97e-01	3.43e-03	1.29e-12	0.00e+00	0.00e+00	0.00e+00	0.00e+00	0.00e+00	0.00e+00	8.75e-01	7.12e-02	5.03e-02
 2.16676e+17	9.97e-01	3.41e-03	9.36e-13	0.00e+00	0.00e+00	0.00e+00	0.00e+00	0.00e+00	0.00e+00	8.75e-01	7.12e-02	5.02e-02
 2.16776e+17	9.97e-01	3.39e-03	6.85e-13	0.00e+00	0.00e+00	0.00e+00	0.00e+00	0.00e+00	0.00e+00	8.75e-01	7.12e-02	5.02e-02
 2.16877e+17	9.97e-01	3.37e-03	5.08e-13	0.00e+00	0.00e+00	0.00e+00	0.00e+00	0.00e+00	0.00e+00	8.75e-01	7.11e-02	5.02e-02
 2.16977e+17	9.97e-01	3.35e-03	3.83e-13	0.00e+00	0.00e+00	0.00e+00	0.00e+00	0.00e+00	0.00e+00	8.75e-01	7.11e-02	5.02e-02
 2.17077e+17	9.97e-01	3.34e-03	2.95e-13	0.00e+00	0.00e+00	0.00e+00	0.00e+00	0.00e+00	0.00e+00	8.75e-01	7.11e-02	5.02e-02
 2.17177e+17	9.97e-01	3.32e-03	2.32e-13	0.00e+00	0.00e+00	0.00e+00	0.00e+00	0.00e+00	0.00e+00	8.75e-01	7.11e-02	5.02e-02
 2.17277e+17	9.97e-01	3.30e-03	1.88e-13	0.00e+00	0.00e+00	0.00e+00	0.00e+00	0.00e+00	0.00e+00	8.75e-01	7.11e-02	5.02e-02
 2.17377e+17	9.97e-01	3.28e-03	1.56e-13	0.00e+00	0.00e+00	0.00e+00	0.00e+00	0.00e+00	0.00e+00	8.75e-01	7.11e-02	5.02e-02
 2.17478e+17	9.97e-01	3.27e-03	1.34e-13	0.00e+00	0.00e+00	0.00e+00	0.00e+00	0.00e+00	0.00e+00	8.75e-01	7.11e-02	5.02e-02
 2.17578e+17	9.97e-01	3.25e-03	1.18e-13	0.00e+00	0.00e+00	0.00e+00	0.00e+00	0.00e+00	0.00e+00	8.76e-01	7.11e-02	5.02e-02
 2.17678e+17	9.97e-01	3.24e-03	1.07e-13	0.00e+00	0.00e+00	0.00e+00	0.00e+00	0.00e+00	0.00e+00	8.76e-01	7.10e-02	5.02e-02
 2.17778e+17	9.97e-01	3.23e-03	9.84e-14	0.00e+00	0.00e+00	0.00e+00	0.00e+00	0.00e+00	0.00e+00	8.76e-01	7.10e-02	5.02e-02
 2.17878e+17	9.97e-01	3.21e-03	9.25e-14	0.00e+00	0.00e+00	0.00e+00	0.00e+00	0.00e+00	0.00e+00	8.76e-01	7.10e-02	5.01e-02
 2.17978e+17	9.97e-01	3.20e-03	8.80e-14	0.00e+00	0.00e+00	0.00e+00	0.00e+00	0.00e+00	0.00e+00	8.76e-01	7.10e-02	5.01e-02
 2.18078e+17	9.97e-01	3.18e-03	8.49e-14	0.00e+00	0.00e+00	0.00e+00	0.00e+00	0.00e+00	0.00e+00	8.76e-01	7.10e-02	5.01e-02
 2.18179e+17	9.97e-01	3.17e-03	8.26e-14	0.00e+00	0.00e+00	0.00e+00	0.00e+00	0.00e+00	0.00e+00	8.76e-01	7.10e-02	5.01e-02
 2.18279e+17	9.97e-01	3.16e-03	8.08e-14	0.00e+00	0.00e+00	0.00e+00	0.00e+00	0.00e+00	0.00e+00	8.76e-01	7.10e-02	5.01e-02
 2.18379e+17	9.97e-01	3.14e-03	7.95e-14	0.00e+00	0.00e+00	0.00e+00	0.00e+00	0.00e+00	0.00e+00	8.76e-01	7.10e-02	5.01e-02
 2.18479e+17	9.97e-01	3.13e-03	7.85e-14	0.00e+00	0.00e+00	0.00e+00	0.00e+00	0.00e+00	0.00e+00	8.76e-01	7.09e-02	5.01e-02
 2.18579e+17	9.97e-01	3.12e-03	7.77e-14	0.00e+00	0.00e+00	0.00e+00	0.00e+00	0.00e+00	0.00e+00	8.76e-01	7.09e-02	5.01e-02
 2.18679e+17	9.97e-01	3.11e-03	7.70e-14	0.00e+00	0.00e+00	0.00e+00	0.00e+00	0.00e+00	0.00e+00	8.76e-01	7.09e-02	5.01e-02
 2.18779e+17	9.97e-01	3.10e-03	7.66e-14	0.00e+00	0.00e+00	0.00e+00	0.00e+00	0.00e+00	0.00e+00	8.76e-01	7.09e-02	5.01e-02
 2.18879e+17	9.97e-01	3.08e-03	7.61e-14	0.00e+00	0.00e+00	0.00e+00	0.00e+00	0.00e+00	0.00e+00	8.76e-01	7.09e-02	5.01e-02
 2.18980e+17	9.97e-01	3.07e-03	7.58e-14	0.00e+00	0.00e+00	0.00e+00	0.00e+00	0.00e+00	0.00e+00	8.76e-01	7.09e-02	5.01e-02
 2.19080e+17	9.97e-01	3.06e-03	7.53e-14	0.00e+00	0.00e+00	0.00e+00	0.00e+00	0.00e+00	0.00e+00	8.76e-01	7.09e-02	5.01e-02
 2.19180e+17	9.97e-01	3.05e-03	7.51e-14	0.00e+00	0.00e+00	0.00e+00	0.00e+00	0.00e+00	0.00e+00	8.76e-01	7.09e-02	5.00e-02
 2.19280e+17	9.97e-01	3.04e-03	7.47e-14	0.00e+00	0.00e+00	0.00e+00	0.00e+00	0.00e+00	0.00e+00	8.76e-01	7.08e-02	5.00e-02
 2.19380e+17	9.97e-01	3.03e-03	7.45e-14	0.00e+00	0.00e+00	0.00e+00	0.00e+00	0.00e+00	0.00e+00	8.76e-01	7.08e-02	5.00e-02
 2.19480e+17	9.97e-01	3.01e-03	7.42e-14	0.00e+00	0.00e+00	0.00e+00	0.00e+00	0.00e+00	0.00e+00	8.76e-01	7.08e-02	5.00e-02
 2.19580e+17	9.97e-01	3.00e-03	7.40e-14	0.00e+00	0.00e+00	0.00e+00	0.00e+00	0.00e+00	0.00e+00	8.76e-01	7.08e-02	5.00e-02
 2.19681e+17	9.97e-01	2.99e-03	7.38e-14	0.00e+00	0.00e+00	0.00e+00	0.00e+00	0.00e+00	0.00e+00	8.76e-01	7.08e-02	5.00e-02
 2.19781e+17	9.97e-01	2.98e-03	7.35e-14	0.00e+00	0.00e+00	0.00e+00	0.00e+00	0.00e+00	0.00e+00	8.76e-01	7.08e-02	5.00e-02
 2.19881e+17	9.97e-01	2.97e-03	7.33e-14	0.00e+00	0.00e+00	0.00e+00	0.00e+00	0.00e+00	0.00e+00	8.76e-01	7.08e-02	5.00e-02
 2.19981e+17	9.97e-01	2.96e-03	7.31e-14	0.00e+00	0.00e+00	0.00e+00	0.00e+00	0.00e+00	0.00e+00	8.76e-01	7.08e-02	5.00e-02
 2.20081e+17	9.97e-01	2.96e-03	7.30e-14	0.00e+00	0.00e+00	0.00e+00	0.00e+00	0.00e+00	0.00e+00	8.76e-01	7.08e-02	5.00e-02
 2.20181e+17	9.97e-01	2.95e-03	7.28e-14	0.00e+00	0.00e+00	0.00e+00	0.00e+00	0.00e+00	0.00e+00	8.76e-01	7.07e-02	5.00e-02
 2.20281e+17	9.97e-01	2.93e-03	7.25e-14	0.00e+00	0.00e+00	0.00e+00	0.00e+00	0.00e+00	0.00e+00	8.76e-01	7.07e-02	5.00e-02
 2.20381e+17	9.97e-01	2.93e-03	7.24e-14	0.00e+00	0.00e+00	0.00e+00	0.00e+00	0.00e+00	0.00e+00	8.76e-01	7.07e-02	5.00e-02
 2.20482e+17	9.97e-01	2.91e-03	7.21e-14	0.00e+00	0.00e+00	0.00e+00	0.00e+00	0.00e+00	0.00e+00	8.76e-01	7.07e-02	5.00e-02
 2.20582e+17	9.97e-01	2.91e-03	7.20e-14	0.00e+00	0.00e+00	0.00e+00	0.00e+00	0.00e+00	0.00e+00	8.76e-01	7.07e-02	4.99e-02
 2.20682e+17	9.97e-01	2.90e-03	7.17e-14	0.00e+00	0.00e+00	0.00e+00	0.00e+00	0.00e+00	0.00e+00	8.76e-01	7.07e-02	4.99e-02
 2.20782e+17	9.97e-01	2.89e-03	7.16e-14	0.00e+00	0.00e+00	0.00e+00	0.00e+00	0.00e+00	0.00e+00	8.76e-01	7.07e-02	4.99e-02
 2.20882e+17	9.97e-01	2.88e-03	7.13e-14	0.00e+00	0.00e+00	0.00e+00	0.00e+00	0.00e+00	0.00e+00	8.77e-01	7.07e-02	4.99e-02
 2.20982e+17	9.97e-01	2.87e-03	7.12e-14	0.00e+00	0.00e+00	0.00e+00	0.00e+00	0.00e+00	0.00e+00	8.77e-01	7.07e-02	4.99e-02
 2.21082e+17	9.97e-01	2.86e-03	7.10e-14	0.00e+00	0.00e+00	0.00e+00	0.00e+00	0.00e+00	0.00e+00	8.77e-01	7.06e-02	4.99e-02
 2.21182e+17	9.97e-01	2.85e-03	7.09e-14	0.00e+00	0.00e+00	0.00e+00	0.00e+00	0.00e+00	0.00e+00	8.77e-01	7.06e-02	4.99e-02
 2.21283e+17	9.97e-01	2.84e-03	7.06e-14	0.00e+00	0.00e+00	0.00e+00	0.00e+00	0.00e+00	0.00e+00	8.77e-01	7.06e-02	4.99e-02
 2.21383e+17	9.97e-01	2.84e-03	7.05e-14	0.00e+00	0.00e+00	0.00e+00	0.00e+00	0.00e+00	0.00e+00	8.77e-01	7.06e-02	4.99e-02
 2.21483e+17	9.97e-01	2.83e-03	7.03e-14	0.00e+00	0.00e+00	0.00e+00	0.00e+00	0.00e+00	0.00e+00	8.77e-01	7.06e-02	4.99e-02
 2.21583e+17	9.97e-01	2.82e-03	7.02e-14	0.00e+00	0.00e+00	0.00e+00	0.00e+00	0.00e+00	0.00e+00	8.77e-01	7.06e-02	4.99e-02
 2.21683e+17	9.97e-01	2.81e-03	6.99e-14	0.00e+00	0.00e+00	0.00e+00	0.00e+00	0.00e+00	0.00e+00	8.77e-01	7.06e-02	4.99e-02
 2.21783e+17	9.97e-01	2.80e-03	6.98e-14	0.00e+00	0.00e+00	0.00e+00	0.00e+00	0.00e+00	0.00e+00	8.77e-01	7.06e-02	4.99e-02
 2.21883e+17	9.97e-01	2.79e-03	6.96e-14	0.00e+00	0.00e+00	0.00e+00	0.00e+00	0.00e+00	0.00e+00	8.77e-01	7.06e-02	4.99e-02
 2.21983e+17	9.97e-01	2.79e-03	6.95e-14	0.00e+00	0.00e+00	0.00e+00	0.00e+00	0.00e+00	0.00e+00	8.77e-01	7.06e-02	4.99e-02
 2.22084e+17	9.97e-01	2.78e-03	6.93e-14	0.00e+00	0.00e+00	0.00e+00	0.00e+00	0.00e+00	0.00e+00	8.77e-01	7.05e-02	4.98e-02
 2.22184e+17	9.97e-01	2.77e-03	6.92e-14	0.00e+00	0.00e+00	0.00e+00	0.00e+00	0.00e+00	0.00e+00	8.77e-01	7.05e-02	4.98e-02
 2.22284e+17	9.97e-01	2.76e-03	6.90e-14	0.00e+00	0.00e+00	0.00e+00	0.00e+00	0.00e+00	0.00e+00	8.77e-01	7.05e-02	4.98e-02
 2.22384e+17	9.97e-01	2.76e-03	6.89e-14	0.00e+00	0.00e+00	0.00e+00	0.00e+00	0.00e+00	0.00e+00	8.77e-01	7.05e-02	4.98e-02
 2.22484e+17	9.97e-01	2.75e-03	6.86e-14	0.00e+00	0.00e+00	0.00e+00	0.00e+00	0.00e+00	0.00e+00	8.77e-01	7.05e-02	4.98e-02
 2.22584e+17	9.97e-01	2.74e-03	6.86e-14	0.00e+00	0.00e+00	0.00e+00	0.00e+00	0.00e+00	0.00e+00	8.77e-01	7.05e-02	4.98e-02
 2.22684e+17	9.97e-01	2.73e-03	6.83e-14	0.00e+00	0.00e+00	0.00e+00	0.00e+00	0.00e+00	0.00e+00	8.77e-01	7.05e-02	4.98e-02
 2.22784e+17	9.97e-01	2.73e-03	6.83e-14	0.00e+00	0.00e+00	0.00e+00	0.00e+00	0.00e+00	0.00e+00	8.77e-01	7.05e-02	4.98e-02
 2.22884e+17	9.97e-01	2.72e-03	6.80e-14	0.00e+00	0.00e+00	0.00e+00	0.00e+00	0.00e+00	0.00e+00	8.77e-01	7.05e-02	4.98e-02
 2.22985e+17	9.97e-01	2.72e-03	6.80e-14	0.00e+00	0.00e+00	0.00e+00	0.00e+00	0.00e+00	0.00e+00	8.77e-01	7.04e-02	4.98e-02
 2.23085e+17	9.97e-01	2.71e-03	6.77e-14	0.00e+00	0.00e+00	0.00e+00	0.00e+00	0.00e+00	0.00e+00	8.77e-01	7.04e-02	4.98e-02
 2.23185e+17	9.97e-01	2.70e-03	6.77e-14	0.00e+00	0.00e+00	0.00e+00	0.00e+00	0.00e+00	0.00e+00	8.77e-01	7.04e-02	4.98e-02
 2.23285e+17	9.97e-01	2.69e-03	6.75e-14	0.00e+00	0.00e+00	0.00e+00	0.00e+00	0.00e+00	0.00e+00	8.77e-01	7.04e-02	4.98e-02
 2.23385e+17	9.97e-01	2.69e-03	6.74e-14	0.00e+00	0.00e+00	0.00e+00	0.00e+00	0.00e+00	0.00e+00	8.77e-01	7.04e-02	4.98e-02
 2.23485e+17	9.97e-01	2.68e-03	6.72e-14	0.00e+00	0.00e+00	0.00e+00	0.00e+00	0.00e+00	0.00e+00	8.77e-01	7.04e-02	4.98e-02
 2.23585e+17	9.97e-01	2.67e-03	6.71e-14	0.00e+00	0.00e+00	0.00e+00	0.00e+00	0.00e+00	0.00e+00	8.77e-01	7.04e-02	4.97e-02
 2.23685e+17	9.97e-01	2.67e-03	6.69e-14	0.00e+00	0.00e+00	0.00e+00	0.00e+00	0.00e+00	0.00e+00	8.77e-01	7.04e-02	4.97e-02
 2.23785e+17	9.97e-01	2.66e-03	6.68e-14	0.00e+00	0.00e+00	0.00e+00	0.00e+00	0.00e+00	0.00e+00	8.77e-01	7.04e-02	4.97e-02
 2.23886e+17	9.97e-01	2.65e-03	6.67e-14	0.00e+00	0.00e+00	0.00e+00	0.00e+00	0.00e+00	0.00e+00	8.77e-01	7.04e-02	4.97e-02
 2.23986e+17	9.97e-01	2.65e-03	6.65e-14	0.00e+00	0.00e+00	0.00e+00	0.00e+00	0.00e+00	0.00e+00	8.77e-01	7.03e-02	4.97e-02
 2.24086e+17	9.97e-01	2.64e-03	6.64e-14	0.00e+00	0.00e+00	0.00e+00	0.00e+00	0.00e+00	0.00e+00	8.77e-01	7.03e-02	4.97e-02
 2.24186e+17	9.97e-01	2.64e-03	6.63e-14	0.00e+00	0.00e+00	0.00e+00	0.00e+00	0.00e+00	0.00e+00	8.77e-01	7.03e-02	4.97e-02
 2.24286e+17	9.97e-01	2.63e-03	6.61e-14	0.00e+00	0.00e+00	0.00e+00	0.00e+00	0.00e+00	0.00e+00	8.77e-01	7.03e-02	4.97e-02
 2.24386e+17	9.97e-01	2.62e-03	6.60e-14	0.00e+00	0.00e+00	0.00e+00	0.00e+00	0.00e+00	0.00e+00	8.77e-01	7.03e-02	4.97e-02
 2.24486e+17	9.97e-01	2.62e-03	6.58e-14	0.00e+00	0.00e+00	0.00e+00	0.00e+00	0.00e+00	0.00e+00	8.77e-01	7.03e-02	4.97e-02
 2.24586e+17	9.97e-01	2.61e-03	6.58e-14	0.00e+00	0.00e+00	0.00e+00	0.00e+00	0.00e+00	0.00e+00	8.77e-01	7.03e-02	4.97e-02
 2.24686e+17	9.97e-01	2.60e-03	6.56e-14	0.00e+00	0.00e+00	0.00e+00	0.00e+00	0.00e+00	0.00e+00	8.77e-01	7.03e-02	4.97e-02
