#depth	He	He+	He+2
 6.41751e+11	2.21e-05	7.55e-01	2.45e-01
 3.85051e+12	2.21e-05	7.55e-01	2.45e-01
 1.66855e+13	2.21e-05	7.56e-01	2.44e-01
 6.80256e+13	2.23e-05	7.61e-01	2.39e-01
 1.62491e+14	2.24e-05	7.60e-01	2.40e-01
 2.85297e+14	2.26e-05	7.66e-01	2.34e-01
 4.44944e+14	2.32e-05	7.80e-01	2.20e-01
 6.52485e+14	2.40e-05	8.03e-01	1.97e-01
 9.22289e+14	2.52e-05	8.36e-01	1.64e-01
 1.27303e+15	2.67e-05	8.77e-01	1.23e-01
 1.72900e+15	2.85e-05	9.21e-01	7.91e-02
 2.32176e+15	3.03e-05	9.59e-01	4.11e-02
 3.09235e+15	3.19e-05	9.83e-01	1.66e-02
 4.09411e+15	3.36e-05	9.95e-01	5.03e-03
 5.39640e+15	3.55e-05	9.99e-01	1.14e-03
 7.08938e+15	3.80e-05	1.00e+00	1.91e-04
 9.20728e+15	4.12e-05	1.00e+00	2.69e-05
 1.15757e+16	4.49e-05	1.00e+00	4.84e-06
 1.40389e+16	4.90e-05	1.00e+00	1.65e-06
 1.66006e+16	5.35e-05	1.00e+00	9.19e-07
 1.88019e+16	5.76e-05	1.00e+00	6.64e-07
 2.06820e+16	6.12e-05	1.00e+00	6.36e-07
 2.27502e+16	6.53e-05	1.00e+00	5.09e-07
 2.50253e+16	7.01e-05	1.00e+00	3.95e-07
 2.75278e+16	7.55e-05	1.00e+00	3.02e-07
 3.02806e+16	8.18e-05	1.00e+00	2.27e-07
 3.33086e+16	8.90e-05	1.00e+00	1.67e-07
 3.65927e+16	9.71e-05	1.00e+00	1.22e-07
 4.00566e+16	1.06e-04	1.00e+00	8.89e-08
 4.36590e+16	1.16e-04	1.00e+00	6.55e-08
 4.74055e+16	1.27e-04	1.00e+00	4.80e-08
 5.13018e+16	1.39e-04	1.00e+00	3.50e-08
 5.53540e+16	1.52e-04	1.00e+00	2.60e-08
 5.95683e+16	1.66e-04	1.00e+00	1.83e-08
 6.39512e+16	1.82e-04	1.00e+00	1.31e-08
 6.85094e+16	1.99e-04	1.00e+00	9.33e-09
 7.32499e+16	2.18e-04	1.00e+00	6.61e-09
 7.81800e+16	2.39e-04	1.00e+00	4.65e-09
 8.33074e+16	2.62e-04	1.00e+00	3.26e-09
 8.86398e+16	2.88e-04	1.00e+00	2.27e-09
 9.41855e+16	3.17e-04	1.00e+00	1.57e-09
 9.99531e+16	3.49e-04	1.00e+00	1.09e-09
 1.05951e+17	3.85e-04	1.00e+00	7.47e-10
 1.12190e+17	4.25e-04	1.00e+00	5.13e-10
 1.18677e+17	4.72e-04	1.00e+00	3.52e-10
 1.25424e+17	5.26e-04	9.99e-01	2.44e-10
 1.32442e+17	5.89e-04	9.99e-01	1.71e-10
 1.39739e+17	6.64e-04	9.99e-01	1.23e-10
 1.47329e+17	7.55e-04	9.99e-01	9.12e-11
 1.54717e+17	8.60e-04	9.99e-01	7.19e-11
 1.61221e+17	9.72e-04	9.99e-01	6.14e-11
 1.66786e+17	1.09e-03	9.99e-01	5.59e-11
 1.71704e+17	1.21e-03	9.99e-01	5.30e-11
 1.76203e+17	1.34e-03	9.99e-01	5.09e-11
 1.80327e+17	1.49e-03	9.99e-01	4.91e-11
 1.84032e+17	1.65e-03	9.98e-01	4.80e-11
 1.87310e+17	1.82e-03	9.98e-01	4.76e-11
 1.90221e+17	2.00e-03	9.98e-01	4.72e-11
 1.92833e+17	2.21e-03	9.98e-01	4.67e-11
 1.95193e+17	2.43e-03	9.98e-01	4.59e-11
 1.97323e+17	2.67e-03	9.97e-01	4.52e-11
 1.99233e+17	2.93e-03	9.97e-01	4.45e-11
 2.00945e+17	3.21e-03	9.97e-01	4.39e-11
 2.02483e+17	3.53e-03	9.96e-01	4.34e-11
 2.03870e+17	3.87e-03	9.96e-01	4.30e-11
 2.05122e+17	4.24e-03	9.96e-01	4.28e-11
 2.06059e+17	4.56e-03	9.95e-01	4.26e-11
 2.06651e+17	4.81e-03	9.95e-01	4.29e-11
 2.07224e+17	5.08e-03	9.95e-01	4.30e-11
 2.07969e+17	5.46e-03	9.95e-01	4.31e-11
 2.08703e+17	5.89e-03	9.94e-01	4.33e-11
 2.09236e+17	6.28e-03	9.94e-01	4.39e-11
 2.09658e+17	6.62e-03	9.93e-01	4.44e-11
 2.10122e+17	7.04e-03	9.93e-01	4.49e-11
 2.10627e+17	7.57e-03	9.92e-01	4.57e-11
 2.11065e+17	8.08e-03	9.92e-01	4.66e-11
 2.11430e+17	8.58e-03	9.91e-01	4.73e-11
 2.11823e+17	9.23e-03	9.91e-01	4.91e-11
 2.12234e+17	1.00e-02	9.90e-01	5.09e-11
 2.12570e+17	1.07e-02	9.89e-01	5.24e-11
 2.12850e+17	1.14e-02	9.89e-01	5.43e-11
 2.13159e+17	1.23e-02	9.88e-01	5.68e-11
 2.13488e+17	1.34e-02	9.87e-01	6.00e-11
 2.13766e+17	1.45e-02	9.85e-01	6.38e-11
 2.14004e+17	1.57e-02	9.84e-01	6.71e-11
 2.14266e+17	1.72e-02	9.83e-01	7.19e-11
 2.14544e+17	1.90e-02	9.81e-01	8.14e-11
 2.14783e+17	2.09e-02	9.79e-01	8.94e-11
 2.14994e+17	2.30e-02	9.77e-01	9.73e-11
 2.15230e+17	2.56e-02	9.74e-01	1.14e-10
 2.15487e+17	2.93e-02	9.71e-01	1.35e-10
 2.15716e+17	3.33e-02	9.67e-01	1.59e-10
 2.15921e+17	3.78e-02	9.62e-01	1.88e-10
 2.16116e+17	4.30e-02	9.57e-01	2.24e-10
 2.16306e+17	4.92e-02	9.51e-01	2.69e-10
 2.16490e+17	5.66e-02	9.43e-01	3.25e-10
 2.16662e+17	6.49e-02	9.35e-01	3.92e-10
 2.16818e+17	7.41e-02	9.26e-01	4.69e-10
 2.16961e+17	8.40e-02	9.16e-01	5.56e-10
 2.17094e+17	9.48e-02	9.05e-01	6.56e-10
 2.17214e+17	1.06e-01	8.94e-01	7.63e-10
 2.17320e+17	1.17e-01	8.83e-01	8.76e-10
 2.17413e+17	1.28e-01	8.72e-01	9.90e-10
 2.17499e+17	1.40e-01	8.60e-01	1.11e-09
 2.17580e+17	1.52e-01	8.48e-01	1.24e-09
 2.17657e+17	1.64e-01	8.36e-01	1.38e-09
 2.17729e+17	1.77e-01	8.23e-01	1.51e-09
 2.17783e+17	1.86e-01	8.14e-01	1.63e-09
 2.17820e+17	1.93e-01	8.07e-01	1.71e-09
 2.17856e+17	2.00e-01	8.00e-01	1.79e-09
 2.17896e+17	2.09e-01	7.91e-01	1.89e-09
 2.17938e+17	2.18e-01	7.82e-01	2.00e-09
 2.17979e+17	2.28e-01	7.72e-01	2.11e-09
 2.18019e+17	2.37e-01	7.63e-01	2.24e-09
 2.18059e+17	2.47e-01	7.53e-01	2.35e-09
 2.18098e+17	2.57e-01	7.43e-01	2.48e-09
 2.18137e+17	2.68e-01	7.32e-01	2.61e-09
 2.18176e+17	2.79e-01	7.21e-01	2.75e-09
 2.18214e+17	2.90e-01	7.10e-01	2.88e-09
 2.18252e+17	3.01e-01	6.99e-01	3.03e-09
 2.18290e+17	3.13e-01	6.87e-01	3.18e-09
 2.18328e+17	3.26e-01	6.74e-01	3.33e-09
 2.18365e+17	3.38e-01	6.62e-01	3.49e-09
 2.18402e+17	3.50e-01	6.50e-01	3.64e-09
 2.18439e+17	3.63e-01	6.37e-01	3.81e-09
 2.18475e+17	3.76e-01	6.24e-01	3.97e-09
 2.18512e+17	3.89e-01	6.11e-01	4.15e-09
 2.18547e+17	4.03e-01	5.97e-01	4.32e-09
 2.18583e+17	4.17e-01	5.83e-01	4.50e-09
 2.18619e+17	4.31e-01	5.69e-01	4.68e-09
 2.18654e+17	4.44e-01	5.56e-01	4.86e-09
 2.18688e+17	4.58e-01	5.42e-01	5.04e-09
 2.18723e+17	4.72e-01	5.28e-01	5.23e-09
 2.18757e+17	4.87e-01	5.13e-01	5.41e-09
 2.18791e+17	5.01e-01	4.99e-01	5.60e-09
 2.18824e+17	5.15e-01	4.85e-01	5.78e-09
 2.18857e+17	5.29e-01	4.71e-01	5.97e-09
 2.18890e+17	5.43e-01	4.57e-01	6.15e-09
 2.18922e+17	5.57e-01	4.43e-01	6.34e-09
 2.18954e+17	5.70e-01	4.30e-01	6.51e-09
 2.18985e+17	5.84e-01	4.16e-01	6.69e-09
 2.19015e+17	5.97e-01	4.03e-01	6.86e-09
 2.19045e+17	6.09e-01	3.91e-01	7.04e-09
 2.19075e+17	6.22e-01	3.78e-01	7.20e-09
 2.19104e+17	6.34e-01	3.66e-01	7.37e-09
 2.19133e+17	6.47e-01	3.53e-01	7.52e-09
 2.19162e+17	6.58e-01	3.42e-01	7.68e-09
 2.19190e+17	6.70e-01	3.30e-01	7.84e-09
 2.19217e+17	6.81e-01	3.19e-01	7.99e-09
 2.19245e+17	6.92e-01	3.08e-01	8.13e-09
 2.19272e+17	7.03e-01	2.97e-01	8.27e-09
 2.19299e+17	7.14e-01	2.86e-01	8.40e-09
 2.19325e+17	7.24e-01	2.76e-01	8.53e-09
 2.19351e+17	7.34e-01	2.66e-01	8.66e-09
 2.19377e+17	7.43e-01	2.57e-01	8.79e-09
 2.19403e+17	7.53e-01	2.47e-01	8.90e-09
 2.19428e+17	7.62e-01	2.38e-01	9.01e-09
 2.19454e+17	7.71e-01	2.29e-01	9.12e-09
 2.19479e+17	7.80e-01	2.20e-01	9.22e-09
 2.19503e+17	7.88e-01	2.12e-01	9.31e-09
 2.19528e+17	7.96e-01	2.04e-01	9.41e-09
 2.19553e+17	8.04e-01	1.96e-01	9.49e-09
 2.19577e+17	8.12e-01	1.88e-01	9.57e-09
 2.19601e+17	8.19e-01	1.81e-01	9.64e-09
 2.19625e+17	8.27e-01	1.73e-01	9.71e-09
 2.19648e+17	8.33e-01	1.67e-01	9.77e-09
 2.19672e+17	8.40e-01	1.60e-01	9.83e-09
 2.19695e+17	8.47e-01	1.53e-01	9.87e-09
 2.19719e+17	8.53e-01	1.47e-01	9.92e-09
 2.19742e+17	8.59e-01	1.41e-01	9.95e-09
 2.19765e+17	8.65e-01	1.35e-01	9.99e-09
 2.19788e+17	8.71e-01	1.29e-01	1.00e-08
 2.19810e+17	8.76e-01	1.24e-01	1.00e-08
 2.19833e+17	8.82e-01	1.18e-01	1.00e-08
 2.19856e+17	8.87e-01	1.13e-01	1.00e-08
 2.19878e+17	8.92e-01	1.08e-01	1.00e-08
 2.19900e+17	8.97e-01	1.03e-01	1.00e-08
 2.19922e+17	9.01e-01	9.86e-02	1.00e-08
 2.19945e+17	9.06e-01	9.42e-02	9.99e-09
 2.19967e+17	9.10e-01	8.99e-02	9.97e-09
 2.19988e+17	9.14e-01	8.58e-02	9.93e-09
 2.20010e+17	9.18e-01	8.18e-02	9.89e-09
 2.20032e+17	9.22e-01	7.80e-02	9.85e-09
 2.20054e+17	9.26e-01	7.43e-02	9.79e-09
 2.20075e+17	9.29e-01	7.08e-02	9.73e-09
 2.20097e+17	9.33e-01	6.74e-02	9.67e-09
 2.20118e+17	9.36e-01	6.41e-02	9.60e-09
 2.20139e+17	9.39e-01	6.10e-02	9.52e-09
 2.20161e+17	9.42e-01	5.80e-02	9.44e-09
 2.20182e+17	9.45e-01	5.51e-02	9.35e-09
 2.20203e+17	9.48e-01	5.24e-02	9.26e-09
 2.20224e+17	9.50e-01	4.98e-02	9.16e-09
 2.20245e+17	9.53e-01	4.72e-02	9.06e-09
 2.20266e+17	9.55e-01	4.48e-02	8.95e-09
 2.20287e+17	9.57e-01	4.25e-02	8.84e-09
 2.20308e+17	9.60e-01	4.03e-02	8.72e-09
 2.20329e+17	9.62e-01	3.82e-02	8.60e-09
 2.20350e+17	9.64e-01	3.62e-02	8.47e-09
 2.20371e+17	9.66e-01	3.43e-02	8.34e-09
 2.20391e+17	9.68e-01	3.25e-02	8.21e-09
 2.20412e+17	9.69e-01	3.07e-02	8.07e-09
 2.20433e+17	9.71e-01	2.91e-02	7.93e-09
 2.20453e+17	9.73e-01	2.75e-02	7.79e-09
 2.20474e+17	9.74e-01	2.59e-02	7.63e-09
 2.20495e+17	9.76e-01	2.45e-02	7.48e-09
 2.20515e+17	9.77e-01	2.31e-02	7.30e-09
 2.20536e+17	9.78e-01	2.17e-02	7.10e-09
 2.20557e+17	9.80e-01	2.03e-02	6.83e-09
 2.20582e+17	9.81e-01	1.87e-02	6.52e-09
 2.20609e+17	9.83e-01	1.71e-02	6.19e-09
 2.20637e+17	9.84e-01	1.57e-02	5.88e-09
 2.20663e+17	9.86e-01	1.44e-02	5.57e-09
 2.20690e+17	9.87e-01	1.32e-02	5.29e-09
 2.20718e+17	9.88e-01	1.21e-02	5.00e-09
 2.20745e+17	9.89e-01	1.10e-02	4.72e-09
 2.20773e+17	9.90e-01	1.01e-02	4.44e-09
 2.20802e+17	9.91e-01	9.15e-03	4.17e-09
 2.20832e+17	9.92e-01	8.29e-03	3.89e-09
 2.20863e+17	9.93e-01	7.48e-03	3.62e-09
 2.20894e+17	9.93e-01	6.73e-03	3.36e-09
 2.20927e+17	9.94e-01	6.03e-03	3.09e-09
 2.20962e+17	9.95e-01	5.37e-03	2.84e-09
 2.20998e+17	9.95e-01	4.76e-03	2.58e-09
 2.21036e+17	9.96e-01	4.18e-03	2.33e-09
 2.21076e+17	9.96e-01	3.65e-03	2.09e-09
 2.21118e+17	9.97e-01	3.16e-03	1.85e-09
 2.21162e+17	9.97e-01	2.72e-03	1.64e-09
 2.21207e+17	9.98e-01	2.34e-03	1.44e-09
 2.21251e+17	9.98e-01	2.01e-03	1.26e-09
 2.21297e+17	9.98e-01	1.72e-03	1.10e-09
 2.21344e+17	9.99e-01	1.46e-03	9.48e-10
 2.21393e+17	9.99e-01	1.24e-03	8.14e-10
 2.21444e+17	9.99e-01	1.04e-03	6.93e-10
 2.21496e+17	9.99e-01	8.70e-04	5.85e-10
 2.21552e+17	9.99e-01	7.19e-04	4.89e-10
 2.21611e+17	9.99e-01	5.87e-04	4.03e-10
 2.21674e+17	1.00e+00	4.72e-04	3.27e-10
 2.21742e+17	1.00e+00	3.72e-04	2.60e-10
 2.21819e+17	1.00e+00	2.86e-04	2.01e-10
 2.21902e+17	1.00e+00	2.15e-04	1.52e-10
 2.21987e+17	1.00e+00	1.61e-04	1.14e-10
 2.22072e+17	1.00e+00	1.20e-04	8.61e-11
 2.22157e+17	1.00e+00	9.01e-05	6.48e-11
 2.22243e+17	1.00e+00	6.78e-05	4.89e-11
 2.22328e+17	1.00e+00	5.11e-05	3.70e-11
 2.22413e+17	1.00e+00	3.87e-05	2.82e-11
 2.22498e+17	1.00e+00	2.95e-05	2.15e-11
 2.22584e+17	1.00e+00	2.26e-05	1.66e-11
 2.22669e+17	1.00e+00	1.75e-05	1.28e-11
 2.22762e+17	1.00e+00	1.33e-05	9.83e-12
 2.22862e+17	1.00e+00	1.02e-05	7.54e-12
 2.22962e+17	1.00e+00	7.95e-06	5.91e-12
 2.23062e+17	1.00e+00	6.37e-06	4.75e-12
 2.23162e+17	1.00e+00	5.25e-06	3.93e-12
 2.23262e+17	1.00e+00	4.45e-06	3.34e-12
 2.23363e+17	1.00e+00	3.89e-06	2.93e-12
 2.23463e+17	1.00e+00	3.49e-06	2.64e-12
 2.23563e+17	1.00e+00	3.20e-06	2.43e-12
 2.23663e+17	1.00e+00	3.00e-06	2.28e-12
 2.23763e+17	1.00e+00	2.86e-06	2.18e-12
 2.23863e+17	1.00e+00	2.76e-06	2.11e-12
 2.23963e+17	1.00e+00	2.69e-06	2.06e-12
 2.24064e+17	1.00e+00	2.64e-06	2.02e-12
 2.24164e+17	1.00e+00	2.60e-06	2.00e-12
 2.24264e+17	1.00e+00	2.58e-06	1.99e-12
 2.24364e+17	1.00e+00	2.56e-06	1.98e-12
 2.24464e+17	1.00e+00	2.55e-06	1.98e-12
 2.24564e+17	1.00e+00	2.54e-06	1.98e-12
 2.24664e+17	1.00e+00	2.54e-06	1.98e-12
 2.24764e+17	1.00e+00	2.53e-06	1.98e-12
 2.24865e+17	1.00e+00	2.53e-06	1.99e-12
 2.24965e+17	1.00e+00	2.53e-06	1.99e-12
 2.25065e+17	1.00e+00	2.53e-06	2.00e-12
 2.25165e+17	1.00e+00	2.54e-06	2.00e-12
 2.25265e+17	1.00e+00	2.54e-06	2.01e-12
 2.25365e+17	1.00e+00	2.54e-06	2.02e-12
 2.25465e+17	1.00e+00	2.54e-06	2.02e-12
 2.25566e+17	1.00e+00	2.54e-06	2.03e-12
 2.25666e+17	1.00e+00	2.55e-06	2.04e-12
 2.25766e+17	1.00e+00	2.55e-06	2.04e-12
 2.25866e+17	1.00e+00	2.55e-06	2.05e-12
 2.25966e+17	1.00e+00	2.55e-06	2.05e-12
 2.26066e+17	1.00e+00	2.56e-06	2.06e-12
 2.26166e+17	1.00e+00	2.56e-06	2.07e-12
 2.26266e+17	1.00e+00	2.56e-06	2.07e-12
 2.26367e+17	1.00e+00	2.56e-06	2.08e-12
 2.26467e+17	1.00e+00	2.57e-06	2.09e-12
 2.26567e+17	1.00e+00	2.57e-06	2.09e-12
 2.26667e+17	1.00e+00	2.57e-06	2.10e-12
 2.26767e+17	1.00e+00	2.57e-06	2.10e-12
 2.26867e+17	1.00e+00	2.58e-06	2.11e-12
 2.26967e+17	1.00e+00	2.58e-06	2.11e-12
 2.27067e+17	1.00e+00	2.58e-06	2.12e-12
 2.27167e+17	1.00e+00	2.58e-06	2.13e-12
 2.27268e+17	1.00e+00	2.59e-06	2.13e-12
 2.27368e+17	1.00e+00	2.59e-06	2.14e-12
 2.27468e+17	1.00e+00	2.59e-06	2.15e-12
 2.27568e+17	1.00e+00	2.59e-06	2.15e-12
 2.27668e+17	1.00e+00	2.60e-06	2.16e-12
 2.27768e+17	1.00e+00	2.60e-06	2.16e-12
 2.27868e+17	1.00e+00	2.60e-06	2.17e-12
 2.27968e+17	1.00e+00	2.60e-06	2.17e-12
 2.28069e+17	1.00e+00	2.60e-06	2.18e-12
 2.28169e+17	1.00e+00	2.60e-06	2.18e-12
 2.28269e+17	1.00e+00	2.61e-06	2.19e-12
 2.28369e+17	1.00e+00	2.61e-06	2.19e-12
 2.28469e+17	1.00e+00	2.61e-06	2.20e-12
 2.28569e+17	1.00e+00	2.61e-06	2.20e-12
 2.28669e+17	1.00e+00	2.62e-06	2.21e-12
 2.28769e+17	1.00e+00	2.62e-06	2.21e-12
 2.28869e+17	1.00e+00	2.62e-06	2.22e-12
 2.28970e+17	1.00e+00	2.62e-06	2.22e-12
 2.29070e+17	1.00e+00	2.62e-06	2.23e-12
 2.29170e+17	1.00e+00	2.62e-06	2.23e-12
 2.29270e+17	1.00e+00	2.63e-06	2.24e-12
 2.29370e+17	1.00e+00	2.63e-06	2.24e-12
 2.29470e+17	1.00e+00	2.63e-06	2.25e-12
 2.29570e+17	1.00e+00	2.63e-06	2.26e-12
 2.29670e+17	1.00e+00	2.64e-06	2.26e-12
 2.29770e+17	1.00e+00	2.64e-06	2.26e-12
 2.29870e+17	1.00e+00	2.64e-06	2.27e-12
 2.29971e+17	1.00e+00	2.64e-06	2.27e-12
 2.30071e+17	1.00e+00	2.64e-06	2.28e-12
 2.30171e+17	1.00e+00	2.64e-06	2.28e-12
 2.30271e+17	1.00e+00	2.65e-06	2.29e-12
 2.30371e+17	1.00e+00	2.65e-06	2.29e-12
 2.30471e+17	1.00e+00	2.65e-06	2.30e-12
 2.30571e+17	1.00e+00	2.65e-06	2.30e-12
 2.30671e+17	1.00e+00	2.65e-06	2.31e-12
 2.30771e+17	1.00e+00	2.65e-06	2.31e-12
 2.30872e+17	1.00e+00	2.66e-06	2.32e-12
 2.30972e+17	1.00e+00	2.66e-06	2.32e-12
 2.31072e+17	1.00e+00	2.66e-06	2.33e-12
 2.31172e+17	1.00e+00	2.66e-06	2.33e-12
 2.31272e+17	1.00e+00	2.66e-06	2.33e-12
 2.31372e+17	1.00e+00	2.67e-06	2.34e-12
 2.31487e+17	1.00e+00	2.67e-06	2.34e-12
 2.31637e+17	1.00e+00	2.67e-06	2.35e-12
 2.31831e+17	1.00e+00	2.67e-06	2.36e-12
 2.32084e+17	1.00e+00	2.68e-06	2.37e-12
 2.32413e+17	1.00e+00	2.68e-06	2.39e-12
 2.32841e+17	1.00e+00	2.69e-06	2.41e-12
 2.33396e+17	1.00e+00	2.70e-06	2.43e-12
 2.34119e+17	1.00e+00	2.71e-06	2.46e-12
 2.35058e+17	1.00e+00	2.73e-06	2.50e-12
 2.36278e+17	1.00e+00	2.74e-06	2.55e-12
 2.37865e+17	1.00e+00	2.77e-06	2.61e-12
 2.39928e+17	1.00e+00	2.79e-06	2.68e-12
 2.42440e+17	1.00e+00	2.82e-06	2.76e-12
 2.45206e+17	1.00e+00	2.84e-06	2.83e-12
 2.48148e+17	1.00e+00	2.87e-06	2.91e-12
 2.51336e+17	1.00e+00	2.89e-06	2.99e-12
 2.54802e+17	1.00e+00	2.92e-06	3.07e-12
 2.58518e+17	1.00e+00	2.95e-06	3.15e-12
 2.62470e+17	1.00e+00	2.98e-06	3.23e-12
 2.66680e+17	1.00e+00	3.00e-06	3.31e-12
 2.71165e+17	1.00e+00	3.03e-06	3.40e-12
 2.75920e+17	1.00e+00	3.06e-06	3.48e-12
 2.80929e+17	1.00e+00	3.09e-06	3.57e-12
 2.86190e+17	1.00e+00	3.13e-06	3.66e-12
 2.91712e+17	1.00e+00	3.16e-06	3.75e-12
 2.97492e+17	1.00e+00	3.20e-06	3.85e-12
 3.03513e+17	1.00e+00	3.24e-06	3.94e-12
 3.09710e+17	1.00e+00	3.28e-06	4.04e-12
 3.16082e+17	1.00e+00	3.32e-06	4.15e-12
 3.22700e+17	1.00e+00	3.37e-06	4.26e-12
 3.29522e+17	1.00e+00	3.42e-06	4.37e-12
 3.36540e+17	1.00e+00	3.48e-06	4.49e-12
 3.43768e+17	1.00e+00	3.54e-06	4.62e-12
 3.51048e+17	1.00e+00	3.61e-06	4.75e-12
 3.58392e+17	1.00e+00	3.67e-06	4.88e-12
 3.66060e+17	1.00e+00	3.75e-06	5.02e-12
 3.74048e+17	1.00e+00	3.82e-06	5.17e-12
 3.82137e+17	1.00e+00	3.90e-06	5.32e-12
 3.90334e+17	1.00e+00	3.98e-06	5.47e-12
 3.98846e+17	1.00e+00	4.07e-06	5.63e-12
 4.07685e+17	1.00e+00	4.16e-06	5.80e-12
 4.16665e+17	1.00e+00	4.25e-06	5.97e-12
