#depth	O	O+	O+2	O+3	O+4	O+5	O+6	O+7	O+8	O[1]	O[2]	O[3]
 6.41751e+11	1.57e-08	7.04e-04	9.05e-01	9.41e-02	3.40e-06	0.00e+00	0.00e+00	0.00e+00	0.00e+00	1.04e-08	3.75e-09	1.46e-09
 3.85051e+12	1.57e-08	7.04e-04	9.05e-01	9.38e-02	3.38e-06	0.00e+00	0.00e+00	0.00e+00	0.00e+00	1.04e-08	3.75e-09	1.46e-09
 1.66855e+13	1.57e-08	7.05e-04	9.07e-01	9.27e-02	3.32e-06	0.00e+00	0.00e+00	0.00e+00	0.00e+00	1.04e-08	3.76e-09	1.46e-09
 6.80256e+13	1.58e-08	7.09e-04	9.11e-01	8.82e-02	3.08e-06	0.00e+00	0.00e+00	0.00e+00	0.00e+00	1.05e-08	3.78e-09	1.47e-09
 1.62491e+14	1.59e-08	7.14e-04	9.17e-01	8.26e-02	2.77e-06	0.00e+00	0.00e+00	0.00e+00	0.00e+00	1.06e-08	3.80e-09	1.48e-09
 2.85297e+14	1.61e-08	7.20e-04	9.24e-01	7.55e-02	2.39e-06	0.00e+00	0.00e+00	0.00e+00	0.00e+00	1.07e-08	3.84e-09	1.50e-09
 4.44944e+14	1.63e-08	7.29e-04	9.33e-01	6.67e-02	1.97e-06	0.00e+00	0.00e+00	0.00e+00	0.00e+00	1.08e-08	3.89e-09	1.52e-09
 6.52485e+14	1.66e-08	7.39e-04	9.43e-01	5.61e-02	1.51e-06	0.00e+00	0.00e+00	0.00e+00	0.00e+00	1.10e-08	3.95e-09	1.54e-09
 9.22289e+14	1.69e-08	7.52e-04	9.55e-01	4.40e-02	1.04e-06	0.00e+00	0.00e+00	0.00e+00	0.00e+00	1.12e-08	4.02e-09	1.57e-09
 1.27303e+15	1.73e-08	7.66e-04	9.68e-01	3.14e-02	6.27e-07	0.00e+00	0.00e+00	0.00e+00	0.00e+00	1.15e-08	4.11e-09	1.60e-09
 1.72900e+15	1.77e-08	7.82e-04	9.80e-01	1.96e-02	3.10e-07	0.00e+00	0.00e+00	0.00e+00	0.00e+00	1.18e-08	4.20e-09	1.64e-09
 2.32176e+15	1.82e-08	7.99e-04	9.89e-01	1.04e-02	0.00e+00	0.00e+00	0.00e+00	0.00e+00	0.00e+00	1.21e-08	4.32e-09	1.69e-09
 3.09235e+15	1.89e-08	8.19e-04	9.94e-01	4.76e-03	0.00e+00	0.00e+00	0.00e+00	0.00e+00	0.00e+00	1.26e-08	4.48e-09	1.76e-09
 4.09411e+15	1.99e-08	8.43e-04	9.97e-01	2.09e-03	0.00e+00	0.00e+00	0.00e+00	0.00e+00	0.00e+00	1.33e-08	4.69e-09	1.84e-09
 5.39640e+15	2.13e-08	8.76e-04	9.98e-01	1.13e-03	0.00e+00	0.00e+00	0.00e+00	0.00e+00	0.00e+00	1.43e-08	5.02e-09	1.97e-09
 7.08938e+15	2.33e-08	9.21e-04	9.98e-01	8.44e-04	0.00e+00	0.00e+00	0.00e+00	0.00e+00	0.00e+00	1.56e-08	5.46e-09	2.15e-09
 9.20728e+15	2.60e-08	9.78e-04	9.98e-01	7.42e-04	0.00e+00	0.00e+00	0.00e+00	0.00e+00	0.00e+00	1.74e-08	6.05e-09	2.39e-09
 1.15757e+16	2.92e-08	1.04e-03	9.98e-01	6.78e-04	0.00e+00	0.00e+00	0.00e+00	0.00e+00	0.00e+00	1.97e-08	6.76e-09	2.69e-09
 1.40389e+16	3.29e-08	1.11e-03	9.98e-01	6.22e-04	0.00e+00	0.00e+00	0.00e+00	0.00e+00	0.00e+00	2.22e-08	7.58e-09	3.02e-09
 1.66006e+16	3.71e-08	1.19e-03	9.98e-01	5.71e-04	0.00e+00	0.00e+00	0.00e+00	0.00e+00	0.00e+00	2.51e-08	8.52e-09	3.41e-09
 1.88019e+16	4.11e-08	1.26e-03	9.98e-01	5.32e-04	0.00e+00	0.00e+00	0.00e+00	0.00e+00	0.00e+00	2.78e-08	9.38e-09	3.76e-09
 2.06820e+16	4.47e-08	1.32e-03	9.98e-01	5.02e-04	0.00e+00	0.00e+00	0.00e+00	0.00e+00	0.00e+00	3.03e-08	1.02e-08	4.09e-09
 2.27502e+16	4.91e-08	1.39e-03	9.98e-01	4.71e-04	0.00e+00	0.00e+00	0.00e+00	0.00e+00	0.00e+00	3.33e-08	1.11e-08	4.49e-09
 2.50253e+16	5.42e-08	1.47e-03	9.98e-01	4.39e-04	0.00e+00	0.00e+00	0.00e+00	0.00e+00	0.00e+00	3.69e-08	1.23e-08	4.95e-09
 2.75278e+16	6.05e-08	1.56e-03	9.98e-01	4.08e-04	0.00e+00	0.00e+00	0.00e+00	0.00e+00	0.00e+00	4.12e-08	1.36e-08	5.52e-09
 3.02806e+16	6.80e-08	1.67e-03	9.98e-01	3.77e-04	0.00e+00	0.00e+00	0.00e+00	0.00e+00	0.00e+00	4.63e-08	1.53e-08	6.20e-09
 3.33086e+16	7.72e-08	1.79e-03	9.98e-01	3.46e-04	0.00e+00	0.00e+00	0.00e+00	0.00e+00	0.00e+00	5.27e-08	1.73e-08	7.04e-09
 3.65927e+16	8.85e-08	1.93e-03	9.98e-01	3.16e-04	0.00e+00	0.00e+00	0.00e+00	0.00e+00	0.00e+00	6.05e-08	1.98e-08	8.06e-09
 4.00566e+16	1.02e-07	2.08e-03	9.98e-01	2.89e-04	0.00e+00	0.00e+00	0.00e+00	0.00e+00	0.00e+00	6.96e-08	2.26e-08	9.27e-09
 4.36590e+16	1.17e-07	2.25e-03	9.97e-01	2.63e-04	0.00e+00	0.00e+00	0.00e+00	0.00e+00	0.00e+00	8.04e-08	2.60e-08	1.07e-08
 4.74055e+16	1.36e-07	2.44e-03	9.97e-01	2.40e-04	0.00e+00	0.00e+00	0.00e+00	0.00e+00	0.00e+00	9.32e-08	3.01e-08	1.24e-08
 5.13018e+16	1.58e-07	2.65e-03	9.97e-01	2.18e-04	0.00e+00	0.00e+00	0.00e+00	0.00e+00	0.00e+00	1.08e-07	3.48e-08	1.44e-08
 5.53540e+16	1.84e-07	2.87e-03	9.97e-01	1.98e-04	0.00e+00	0.00e+00	0.00e+00	0.00e+00	0.00e+00	1.27e-07	4.05e-08	1.68e-08
 5.95683e+16	2.15e-07	3.12e-03	9.97e-01	1.80e-04	0.00e+00	0.00e+00	0.00e+00	0.00e+00	0.00e+00	1.48e-07	4.72e-08	1.96e-08
 6.39512e+16	2.53e-07	3.40e-03	9.96e-01	1.63e-04	0.00e+00	0.00e+00	0.00e+00	0.00e+00	0.00e+00	1.74e-07	5.53e-08	2.30e-08
 6.85094e+16	2.98e-07	3.71e-03	9.96e-01	1.48e-04	0.00e+00	0.00e+00	0.00e+00	0.00e+00	0.00e+00	2.05e-07	6.51e-08	2.72e-08
 7.32499e+16	3.53e-07	4.05e-03	9.96e-01	1.33e-04	0.00e+00	0.00e+00	0.00e+00	0.00e+00	0.00e+00	2.43e-07	7.69e-08	3.22e-08
 7.81800e+16	4.20e-07	4.43e-03	9.95e-01	1.20e-04	0.00e+00	0.00e+00	0.00e+00	0.00e+00	0.00e+00	2.89e-07	9.13e-08	3.83e-08
 8.33074e+16	5.02e-07	4.86e-03	9.95e-01	1.09e-04	0.00e+00	0.00e+00	0.00e+00	0.00e+00	0.00e+00	3.46e-07	1.09e-07	4.58e-08
 8.86398e+16	6.04e-07	5.34e-03	9.95e-01	9.78e-05	0.00e+00	0.00e+00	0.00e+00	0.00e+00	0.00e+00	4.16e-07	1.31e-07	5.51e-08
 9.41855e+16	7.31e-07	5.88e-03	9.94e-01	8.79e-05	0.00e+00	0.00e+00	0.00e+00	0.00e+00	0.00e+00	5.04e-07	1.58e-07	6.68e-08
 9.99531e+16	8.91e-07	6.49e-03	9.93e-01	7.89e-05	0.00e+00	0.00e+00	0.00e+00	0.00e+00	0.00e+00	6.15e-07	1.92e-07	8.15e-08
 1.05951e+17	1.09e-06	7.18e-03	9.93e-01	7.06e-05	0.00e+00	0.00e+00	0.00e+00	0.00e+00	0.00e+00	7.56e-07	2.36e-07	1.00e-07
 1.12190e+17	1.36e-06	7.97e-03	9.92e-01	6.30e-05	0.00e+00	0.00e+00	0.00e+00	0.00e+00	0.00e+00	9.38e-07	2.93e-07	1.25e-07
 1.18677e+17	1.71e-06	8.88e-03	9.91e-01	5.61e-05	0.00e+00	0.00e+00	0.00e+00	0.00e+00	0.00e+00	1.18e-06	3.67e-07	1.57e-07
 1.25424e+17	2.17e-06	9.94e-03	9.90e-01	4.97e-05	0.00e+00	0.00e+00	0.00e+00	0.00e+00	0.00e+00	1.50e-06	4.67e-07	2.00e-07
 1.32442e+17	2.81e-06	1.12e-02	9.89e-01	4.38e-05	0.00e+00	0.00e+00	0.00e+00	0.00e+00	0.00e+00	1.94e-06	6.04e-07	2.59e-07
 1.39739e+17	3.72e-06	1.27e-02	9.87e-01	3.84e-05	0.00e+00	0.00e+00	0.00e+00	0.00e+00	0.00e+00	2.57e-06	7.99e-07	3.43e-07
 1.47329e+17	5.07e-06	1.45e-02	9.85e-01	3.33e-05	0.00e+00	0.00e+00	0.00e+00	0.00e+00	0.00e+00	3.50e-06	1.09e-06	4.68e-07
 1.54717e+17	6.99e-06	1.67e-02	9.83e-01	2.88e-05	0.00e+00	0.00e+00	0.00e+00	0.00e+00	0.00e+00	4.84e-06	1.50e-06	6.46e-07
 1.61221e+17	9.53e-06	1.90e-02	9.81e-01	2.52e-05	0.00e+00	0.00e+00	0.00e+00	0.00e+00	0.00e+00	6.59e-06	2.04e-06	8.83e-07
 1.66786e+17	1.28e-05	2.14e-02	9.79e-01	2.23e-05	0.00e+00	0.00e+00	0.00e+00	0.00e+00	0.00e+00	8.82e-06	2.73e-06	1.18e-06
 1.71704e+17	1.69e-05	2.41e-02	9.76e-01	1.98e-05	0.00e+00	0.00e+00	0.00e+00	0.00e+00	0.00e+00	1.17e-05	3.62e-06	1.57e-06
 1.76203e+17	2.25e-05	2.70e-02	9.73e-01	1.75e-05	0.00e+00	0.00e+00	0.00e+00	0.00e+00	0.00e+00	1.56e-05	4.81e-06	2.10e-06
 1.80327e+17	3.01e-05	3.04e-02	9.70e-01	1.55e-05	0.00e+00	0.00e+00	0.00e+00	0.00e+00	0.00e+00	2.08e-05	6.43e-06	2.81e-06
 1.84032e+17	4.03e-05	3.43e-02	9.66e-01	1.37e-05	0.00e+00	0.00e+00	0.00e+00	0.00e+00	0.00e+00	2.79e-05	8.60e-06	3.77e-06
 1.87310e+17	5.38e-05	3.86e-02	9.61e-01	1.21e-05	0.00e+00	0.00e+00	0.00e+00	0.00e+00	0.00e+00	3.72e-05	1.15e-05	5.04e-06
 1.90221e+17	7.17e-05	4.34e-02	9.57e-01	1.07e-05	0.00e+00	0.00e+00	0.00e+00	0.00e+00	0.00e+00	4.96e-05	1.53e-05	6.73e-06
 1.92833e+17	9.56e-05	4.89e-02	9.51e-01	9.40e-06	0.00e+00	0.00e+00	0.00e+00	0.00e+00	0.00e+00	6.61e-05	2.04e-05	8.98e-06
 1.95193e+17	1.28e-04	5.53e-02	9.45e-01	8.25e-06	0.00e+00	0.00e+00	0.00e+00	0.00e+00	0.00e+00	8.83e-05	2.72e-05	1.20e-05
 1.97323e+17	1.71e-04	6.27e-02	9.37e-01	7.18e-06	0.00e+00	0.00e+00	0.00e+00	0.00e+00	0.00e+00	1.18e-04	3.64e-05	1.62e-05
 1.99233e+17	2.30e-04	7.11e-02	9.29e-01	6.22e-06	0.00e+00	0.00e+00	0.00e+00	0.00e+00	0.00e+00	1.59e-04	4.89e-05	2.17e-05
 2.00945e+17	3.08e-04	8.09e-02	9.19e-01	5.36e-06	0.00e+00	0.00e+00	0.00e+00	0.00e+00	0.00e+00	2.13e-04	6.56e-05	2.92e-05
 2.02483e+17	4.14e-04	9.21e-02	9.08e-01	4.61e-06	0.00e+00	0.00e+00	0.00e+00	0.00e+00	0.00e+00	2.86e-04	8.81e-05	3.93e-05
 2.03870e+17	5.57e-04	1.05e-01	8.94e-01	3.93e-06	0.00e+00	0.00e+00	0.00e+00	0.00e+00	0.00e+00	3.85e-04	1.18e-04	5.29e-05
 2.05122e+17	7.50e-04	1.20e-01	8.79e-01	3.33e-06	0.00e+00	0.00e+00	0.00e+00	0.00e+00	0.00e+00	5.18e-04	1.59e-04	7.14e-05
 2.06059e+17	9.56e-04	1.34e-01	8.65e-01	2.90e-06	0.00e+00	0.00e+00	0.00e+00	0.00e+00	0.00e+00	6.61e-04	2.03e-04	9.12e-05
 2.06651e+17	1.13e-03	1.44e-01	8.55e-01	2.61e-06	0.00e+00	0.00e+00	0.00e+00	0.00e+00	0.00e+00	7.82e-04	2.40e-04	1.08e-04
 2.07224e+17	1.35e-03	1.56e-01	8.43e-01	2.35e-06	0.00e+00	0.00e+00	0.00e+00	0.00e+00	0.00e+00	9.30e-04	2.86e-04	1.29e-04
 2.07969e+17	1.71e-03	1.74e-01	8.25e-01	2.02e-06	0.00e+00	0.00e+00	0.00e+00	0.00e+00	0.00e+00	1.18e-03	3.63e-04	1.63e-04
 2.08703e+17	2.19e-03	1.94e-01	8.04e-01	1.71e-06	0.00e+00	0.00e+00	0.00e+00	0.00e+00	0.00e+00	1.52e-03	4.66e-04	2.10e-04
 2.09236e+17	2.67e-03	2.12e-01	7.85e-01	1.50e-06	0.00e+00	0.00e+00	0.00e+00	0.00e+00	0.00e+00	1.85e-03	5.67e-04	2.56e-04
 2.09658e+17	3.16e-03	2.28e-01	7.69e-01	1.33e-06	0.00e+00	0.00e+00	0.00e+00	0.00e+00	0.00e+00	2.18e-03	6.70e-04	3.03e-04
 2.10122e+17	3.84e-03	2.49e-01	7.47e-01	1.15e-06	0.00e+00	0.00e+00	0.00e+00	0.00e+00	0.00e+00	2.65e-03	8.14e-04	3.69e-04
 2.10627e+17	4.80e-03	2.74e-01	7.21e-01	9.69e-07	0.00e+00	0.00e+00	0.00e+00	0.00e+00	0.00e+00	3.32e-03	1.02e-03	4.62e-04
 2.11065e+17	5.89e-03	2.99e-01	6.95e-01	8.24e-07	0.00e+00	0.00e+00	0.00e+00	0.00e+00	0.00e+00	4.07e-03	1.25e-03	5.68e-04
 2.11430e+17	7.07e-03	3.23e-01	6.70e-01	7.06e-07	0.00e+00	0.00e+00	0.00e+00	0.00e+00	0.00e+00	4.88e-03	1.50e-03	6.82e-04
 2.11823e+17	8.73e-03	3.53e-01	6.38e-01	5.87e-07	0.00e+00	0.00e+00	0.00e+00	0.00e+00	0.00e+00	6.03e-03	1.85e-03	8.43e-04
 2.12234e+17	1.10e-02	3.87e-01	6.02e-01	4.74e-07	0.00e+00	0.00e+00	0.00e+00	0.00e+00	0.00e+00	7.59e-03	2.32e-03	1.06e-03
 2.12570e+17	1.34e-02	4.19e-01	5.68e-01	3.90e-07	0.00e+00	0.00e+00	0.00e+00	0.00e+00	0.00e+00	9.25e-03	2.83e-03	1.29e-03
 2.12850e+17	1.59e-02	4.47e-01	5.37e-01	3.25e-07	0.00e+00	0.00e+00	0.00e+00	0.00e+00	0.00e+00	1.10e-02	3.36e-03	1.54e-03
 2.13159e+17	1.95e-02	4.82e-01	4.98e-01	2.59e-07	0.00e+00	0.00e+00	0.00e+00	0.00e+00	0.00e+00	1.35e-02	4.11e-03	1.89e-03
 2.13488e+17	2.44e-02	5.21e-01	4.55e-01	1.99e-07	0.00e+00	0.00e+00	0.00e+00	0.00e+00	0.00e+00	1.69e-02	5.13e-03	2.36e-03
 2.13766e+17	2.97e-02	5.56e-01	4.15e-01	1.55e-07	0.00e+00	0.00e+00	0.00e+00	0.00e+00	0.00e+00	2.06e-02	6.24e-03	2.88e-03
 2.14004e+17	3.54e-02	5.86e-01	3.78e-01	1.22e-07	0.00e+00	0.00e+00	0.00e+00	0.00e+00	0.00e+00	2.45e-02	7.42e-03	3.43e-03
 2.14266e+17	4.35e-02	6.21e-01	3.36e-01	0.00e+00	0.00e+00	0.00e+00	0.00e+00	0.00e+00	0.00e+00	3.01e-02	9.09e-03	4.22e-03
 2.14544e+17	5.38e-02	6.55e-01	2.91e-01	0.00e+00	0.00e+00	0.00e+00	0.00e+00	0.00e+00	0.00e+00	3.74e-02	1.12e-02	5.22e-03
 2.14783e+17	6.53e-02	6.83e-01	2.51e-01	0.00e+00	0.00e+00	0.00e+00	0.00e+00	0.00e+00	0.00e+00	4.54e-02	1.36e-02	6.34e-03
 2.14994e+17	7.79e-02	7.06e-01	2.16e-01	0.00e+00	0.00e+00	0.00e+00	0.00e+00	0.00e+00	0.00e+00	5.41e-02	1.61e-02	7.55e-03
 2.15230e+17	9.46e-02	7.26e-01	1.79e-01	0.00e+00	0.00e+00	0.00e+00	0.00e+00	0.00e+00	0.00e+00	6.58e-02	1.95e-02	9.17e-03
 2.15487e+17	1.17e-01	7.41e-01	1.42e-01	0.00e+00	0.00e+00	0.00e+00	0.00e+00	0.00e+00	0.00e+00	8.15e-02	2.39e-02	1.13e-02
 2.15716e+17	1.41e-01	7.47e-01	1.12e-01	0.00e+00	0.00e+00	0.00e+00	0.00e+00	0.00e+00	0.00e+00	9.89e-02	2.88e-02	1.37e-02
 2.15921e+17	1.68e-01	7.44e-01	8.79e-02	0.00e+00	0.00e+00	0.00e+00	0.00e+00	0.00e+00	0.00e+00	1.18e-01	3.39e-02	1.62e-02
 2.16116e+17	1.97e-01	7.35e-01	6.81e-02	0.00e+00	0.00e+00	0.00e+00	0.00e+00	0.00e+00	0.00e+00	1.38e-01	3.93e-02	1.90e-02
 2.16306e+17	2.29e-01	7.19e-01	5.18e-02	0.00e+00	0.00e+00	0.00e+00	0.00e+00	0.00e+00	0.00e+00	1.61e-01	4.53e-02	2.20e-02
 2.16490e+17	2.64e-01	6.97e-01	3.87e-02	0.00e+00	0.00e+00	0.00e+00	0.00e+00	0.00e+00	0.00e+00	1.87e-01	5.16e-02	2.53e-02
 2.16662e+17	3.00e-01	6.71e-01	2.87e-02	0.00e+00	0.00e+00	0.00e+00	0.00e+00	0.00e+00	0.00e+00	2.14e-01	5.80e-02	2.87e-02
 2.16818e+17	3.37e-01	6.42e-01	2.15e-02	0.00e+00	0.00e+00	0.00e+00	0.00e+00	0.00e+00	0.00e+00	2.41e-01	6.40e-02	3.20e-02
 2.16961e+17	3.72e-01	6.12e-01	1.61e-02	0.00e+00	0.00e+00	0.00e+00	0.00e+00	0.00e+00	0.00e+00	2.67e-01	6.97e-02	3.52e-02
 2.17094e+17	4.07e-01	5.80e-01	1.21e-02	0.00e+00	0.00e+00	0.00e+00	0.00e+00	0.00e+00	0.00e+00	2.94e-01	7.50e-02	3.83e-02
 2.17214e+17	4.41e-01	5.50e-01	9.24e-03	0.00e+00	0.00e+00	0.00e+00	0.00e+00	0.00e+00	0.00e+00	3.19e-01	7.98e-02	4.11e-02
 2.17320e+17	4.70e-01	5.22e-01	7.19e-03	0.00e+00	0.00e+00	0.00e+00	0.00e+00	0.00e+00	0.00e+00	3.43e-01	8.38e-02	4.36e-02
 2.17413e+17	4.98e-01	4.97e-01	5.69e-03	0.00e+00	0.00e+00	0.00e+00	0.00e+00	0.00e+00	0.00e+00	3.64e-01	8.73e-02	4.59e-02
 2.17499e+17	5.23e-01	4.72e-01	4.55e-03	0.00e+00	0.00e+00	0.00e+00	0.00e+00	0.00e+00	0.00e+00	3.85e-01	9.03e-02	4.79e-02
 2.17580e+17	5.48e-01	4.49e-01	3.66e-03	0.00e+00	0.00e+00	0.00e+00	0.00e+00	0.00e+00	0.00e+00	4.05e-01	9.30e-02	4.98e-02
 2.17657e+17	5.70e-01	4.27e-01	2.96e-03	0.00e+00	0.00e+00	0.00e+00	0.00e+00	0.00e+00	0.00e+00	4.24e-01	9.53e-02	5.15e-02
 2.17729e+17	5.92e-01	4.05e-01	2.41e-03	0.00e+00	0.00e+00	0.00e+00	0.00e+00	0.00e+00	0.00e+00	4.42e-01	9.74e-02	5.30e-02
 2.17783e+17	6.07e-01	3.90e-01	2.07e-03	0.00e+00	0.00e+00	0.00e+00	0.00e+00	0.00e+00	0.00e+00	4.55e-01	9.87e-02	5.41e-02
 2.17820e+17	6.18e-01	3.80e-01	1.86e-03	0.00e+00	0.00e+00	0.00e+00	0.00e+00	0.00e+00	0.00e+00	4.64e-01	9.95e-02	5.48e-02
 2.17856e+17	6.29e-01	3.69e-01	1.66e-03	0.00e+00	0.00e+00	0.00e+00	0.00e+00	0.00e+00	0.00e+00	4.73e-01	1.00e-01	5.55e-02
 2.17896e+17	6.41e-01	3.57e-01	1.47e-03	0.00e+00	0.00e+00	0.00e+00	0.00e+00	0.00e+00	0.00e+00	4.84e-01	1.01e-01	5.63e-02
 2.17938e+17	6.54e-01	3.45e-01	1.28e-03	0.00e+00	0.00e+00	0.00e+00	0.00e+00	0.00e+00	0.00e+00	4.95e-01	1.02e-01	5.71e-02
 2.17979e+17	6.66e-01	3.33e-01	1.13e-03	0.00e+00	0.00e+00	0.00e+00	0.00e+00	0.00e+00	0.00e+00	5.05e-01	1.03e-01	5.78e-02
 2.18019e+17	6.77e-01	3.22e-01	9.91e-04	0.00e+00	0.00e+00	0.00e+00	0.00e+00	0.00e+00	0.00e+00	5.15e-01	1.03e-01	5.84e-02
 2.18059e+17	6.88e-01	3.11e-01	8.69e-04	0.00e+00	0.00e+00	0.00e+00	0.00e+00	0.00e+00	0.00e+00	5.26e-01	1.04e-01	5.91e-02
 2.18098e+17	6.99e-01	3.00e-01	7.63e-04	0.00e+00	0.00e+00	0.00e+00	0.00e+00	0.00e+00	0.00e+00	5.35e-01	1.04e-01	5.96e-02
 2.18137e+17	7.10e-01	2.89e-01	6.67e-04	0.00e+00	0.00e+00	0.00e+00	0.00e+00	0.00e+00	0.00e+00	5.46e-01	1.05e-01	6.02e-02
 2.18176e+17	7.21e-01	2.79e-01	5.85e-04	0.00e+00	0.00e+00	0.00e+00	0.00e+00	0.00e+00	0.00e+00	5.55e-01	1.05e-01	6.07e-02
 2.18214e+17	7.31e-01	2.68e-01	5.11e-04	0.00e+00	0.00e+00	0.00e+00	0.00e+00	0.00e+00	0.00e+00	5.65e-01	1.05e-01	6.11e-02
 2.18252e+17	7.41e-01	2.58e-01	4.47e-04	0.00e+00	0.00e+00	0.00e+00	0.00e+00	0.00e+00	0.00e+00	5.75e-01	1.05e-01	6.15e-02
 2.18290e+17	7.51e-01	2.48e-01	3.90e-04	0.00e+00	0.00e+00	0.00e+00	0.00e+00	0.00e+00	0.00e+00	5.84e-01	1.05e-01	6.19e-02
 2.18328e+17	7.61e-01	2.39e-01	3.40e-04	0.00e+00	0.00e+00	0.00e+00	0.00e+00	0.00e+00	0.00e+00	5.94e-01	1.05e-01	6.22e-02
 2.18365e+17	7.70e-01	2.30e-01	2.96e-04	0.00e+00	0.00e+00	0.00e+00	0.00e+00	0.00e+00	0.00e+00	6.03e-01	1.05e-01	6.25e-02
 2.18402e+17	7.79e-01	2.20e-01	2.58e-04	0.00e+00	0.00e+00	0.00e+00	0.00e+00	0.00e+00	0.00e+00	6.12e-01	1.05e-01	6.27e-02
 2.18439e+17	7.88e-01	2.12e-01	2.25e-04	0.00e+00	0.00e+00	0.00e+00	0.00e+00	0.00e+00	0.00e+00	6.20e-01	1.05e-01	6.29e-02
 2.18475e+17	7.97e-01	2.03e-01	1.95e-04	0.00e+00	0.00e+00	0.00e+00	0.00e+00	0.00e+00	0.00e+00	6.29e-01	1.04e-01	6.31e-02
 2.18512e+17	8.05e-01	1.95e-01	1.70e-04	0.00e+00	0.00e+00	0.00e+00	0.00e+00	0.00e+00	0.00e+00	6.38e-01	1.04e-01	6.32e-02
 2.18547e+17	8.13e-01	1.87e-01	1.48e-04	0.00e+00	0.00e+00	0.00e+00	0.00e+00	0.00e+00	0.00e+00	6.46e-01	1.03e-01	6.33e-02
 2.18583e+17	8.21e-01	1.79e-01	1.28e-04	0.00e+00	0.00e+00	0.00e+00	0.00e+00	0.00e+00	0.00e+00	6.54e-01	1.03e-01	6.33e-02
 2.18619e+17	8.28e-01	1.72e-01	1.11e-04	0.00e+00	0.00e+00	0.00e+00	0.00e+00	0.00e+00	0.00e+00	6.63e-01	1.02e-01	6.33e-02
 2.18654e+17	8.35e-01	1.64e-01	9.63e-05	0.00e+00	0.00e+00	0.00e+00	0.00e+00	0.00e+00	0.00e+00	6.70e-01	1.02e-01	6.33e-02
 2.18688e+17	8.42e-01	1.57e-01	8.35e-05	0.00e+00	0.00e+00	0.00e+00	0.00e+00	0.00e+00	0.00e+00	6.78e-01	1.01e-01	6.33e-02
 2.18723e+17	8.49e-01	1.51e-01	7.23e-05	0.00e+00	0.00e+00	0.00e+00	0.00e+00	0.00e+00	0.00e+00	6.85e-01	1.01e-01	6.32e-02
 2.18757e+17	8.56e-01	1.44e-01	6.25e-05	0.00e+00	0.00e+00	0.00e+00	0.00e+00	0.00e+00	0.00e+00	6.93e-01	9.99e-02	6.31e-02
 2.18791e+17	8.62e-01	1.38e-01	5.42e-05	0.00e+00	0.00e+00	0.00e+00	0.00e+00	0.00e+00	0.00e+00	7.00e-01	9.92e-02	6.29e-02
 2.18824e+17	8.68e-01	1.32e-01	4.70e-05	0.00e+00	0.00e+00	0.00e+00	0.00e+00	0.00e+00	0.00e+00	7.07e-01	9.85e-02	6.28e-02
 2.18857e+17	8.74e-01	1.26e-01	4.07e-05	0.00e+00	0.00e+00	0.00e+00	0.00e+00	0.00e+00	0.00e+00	7.13e-01	9.78e-02	6.26e-02
 2.18890e+17	8.79e-01	1.21e-01	3.53e-05	0.00e+00	0.00e+00	0.00e+00	0.00e+00	0.00e+00	0.00e+00	7.20e-01	9.71e-02	6.24e-02
 2.18922e+17	8.84e-01	1.16e-01	3.06e-05	0.00e+00	0.00e+00	0.00e+00	0.00e+00	0.00e+00	0.00e+00	7.26e-01	9.64e-02	6.22e-02
 2.18954e+17	8.89e-01	1.11e-01	2.66e-05	0.00e+00	0.00e+00	0.00e+00	0.00e+00	0.00e+00	0.00e+00	7.32e-01	9.57e-02	6.20e-02
 2.18985e+17	8.94e-01	1.06e-01	2.31e-05	0.00e+00	0.00e+00	0.00e+00	0.00e+00	0.00e+00	0.00e+00	7.37e-01	9.50e-02	6.18e-02
 2.19015e+17	8.99e-01	1.01e-01	2.02e-05	0.00e+00	0.00e+00	0.00e+00	0.00e+00	0.00e+00	0.00e+00	7.43e-01	9.43e-02	6.16e-02
 2.19045e+17	9.03e-01	9.71e-02	1.76e-05	0.00e+00	0.00e+00	0.00e+00	0.00e+00	0.00e+00	0.00e+00	7.48e-01	9.36e-02	6.13e-02
 2.19075e+17	9.07e-01	9.30e-02	1.53e-05	0.00e+00	0.00e+00	0.00e+00	0.00e+00	0.00e+00	0.00e+00	7.53e-01	9.29e-02	6.11e-02
 2.19104e+17	9.11e-01	8.91e-02	1.34e-05	0.00e+00	0.00e+00	0.00e+00	0.00e+00	0.00e+00	0.00e+00	7.58e-01	9.22e-02	6.08e-02
 2.19133e+17	9.15e-01	8.53e-02	1.17e-05	0.00e+00	0.00e+00	0.00e+00	0.00e+00	0.00e+00	0.00e+00	7.63e-01	9.15e-02	6.06e-02
 2.19162e+17	9.18e-01	8.18e-02	1.02e-05	0.00e+00	0.00e+00	0.00e+00	0.00e+00	0.00e+00	0.00e+00	7.67e-01	9.09e-02	6.03e-02
 2.19190e+17	9.22e-01	7.84e-02	8.96e-06	0.00e+00	0.00e+00	0.00e+00	0.00e+00	0.00e+00	0.00e+00	7.71e-01	9.02e-02	6.01e-02
 2.19217e+17	9.25e-01	7.52e-02	7.85e-06	0.00e+00	0.00e+00	0.00e+00	0.00e+00	0.00e+00	0.00e+00	7.75e-01	8.96e-02	5.98e-02
 2.19245e+17	9.28e-01	7.21e-02	6.89e-06	0.00e+00	0.00e+00	0.00e+00	0.00e+00	0.00e+00	0.00e+00	7.79e-01	8.89e-02	5.95e-02
 2.19272e+17	9.31e-01	6.92e-02	6.04e-06	0.00e+00	0.00e+00	0.00e+00	0.00e+00	0.00e+00	0.00e+00	7.83e-01	8.83e-02	5.93e-02
 2.19299e+17	9.34e-01	6.63e-02	5.30e-06	0.00e+00	0.00e+00	0.00e+00	0.00e+00	0.00e+00	0.00e+00	7.87e-01	8.77e-02	5.90e-02
 2.19325e+17	9.36e-01	6.36e-02	4.66e-06	0.00e+00	0.00e+00	0.00e+00	0.00e+00	0.00e+00	0.00e+00	7.90e-01	8.71e-02	5.88e-02
 2.19351e+17	9.39e-01	6.10e-02	4.09e-06	0.00e+00	0.00e+00	0.00e+00	0.00e+00	0.00e+00	0.00e+00	7.94e-01	8.66e-02	5.85e-02
 2.19377e+17	9.41e-01	5.86e-02	3.61e-06	0.00e+00	0.00e+00	0.00e+00	0.00e+00	0.00e+00	0.00e+00	7.97e-01	8.60e-02	5.83e-02
 2.19403e+17	9.44e-01	5.62e-02	3.18e-06	0.00e+00	0.00e+00	0.00e+00	0.00e+00	0.00e+00	0.00e+00	8.00e-01	8.55e-02	5.80e-02
 2.19428e+17	9.46e-01	5.40e-02	2.80e-06	0.00e+00	0.00e+00	0.00e+00	0.00e+00	0.00e+00	0.00e+00	8.03e-01	8.50e-02	5.78e-02
 2.19454e+17	9.48e-01	5.18e-02	2.46e-06	0.00e+00	0.00e+00	0.00e+00	0.00e+00	0.00e+00	0.00e+00	8.06e-01	8.44e-02	5.75e-02
 2.19479e+17	9.50e-01	4.98e-02	2.17e-06	0.00e+00	0.00e+00	0.00e+00	0.00e+00	0.00e+00	0.00e+00	8.09e-01	8.39e-02	5.73e-02
 2.19503e+17	9.52e-01	4.78e-02	1.92e-06	0.00e+00	0.00e+00	0.00e+00	0.00e+00	0.00e+00	0.00e+00	8.12e-01	8.35e-02	5.70e-02
 2.19528e+17	9.54e-01	4.59e-02	1.70e-06	0.00e+00	0.00e+00	0.00e+00	0.00e+00	0.00e+00	0.00e+00	8.14e-01	8.30e-02	5.68e-02
 2.19553e+17	9.56e-01	4.41e-02	1.50e-06	0.00e+00	0.00e+00	0.00e+00	0.00e+00	0.00e+00	0.00e+00	8.17e-01	8.25e-02	5.66e-02
 2.19577e+17	9.58e-01	4.24e-02	1.32e-06	0.00e+00	0.00e+00	0.00e+00	0.00e+00	0.00e+00	0.00e+00	8.19e-01	8.21e-02	5.64e-02
 2.19601e+17	9.59e-01	4.07e-02	1.17e-06	0.00e+00	0.00e+00	0.00e+00	0.00e+00	0.00e+00	0.00e+00	8.21e-01	8.17e-02	5.62e-02
 2.19625e+17	9.61e-01	3.92e-02	1.04e-06	0.00e+00	0.00e+00	0.00e+00	0.00e+00	0.00e+00	0.00e+00	8.24e-01	8.13e-02	5.60e-02
 2.19648e+17	9.62e-01	3.77e-02	9.17e-07	0.00e+00	0.00e+00	0.00e+00	0.00e+00	0.00e+00	0.00e+00	8.26e-01	8.09e-02	5.58e-02
 2.19672e+17	9.64e-01	3.62e-02	8.13e-07	0.00e+00	0.00e+00	0.00e+00	0.00e+00	0.00e+00	0.00e+00	8.28e-01	8.05e-02	5.56e-02
 2.19695e+17	9.65e-01	3.48e-02	7.20e-07	0.00e+00	0.00e+00	0.00e+00	0.00e+00	0.00e+00	0.00e+00	8.30e-01	8.01e-02	5.54e-02
 2.19719e+17	9.67e-01	3.35e-02	6.38e-07	0.00e+00	0.00e+00	0.00e+00	0.00e+00	0.00e+00	0.00e+00	8.32e-01	7.97e-02	5.52e-02
 2.19742e+17	9.68e-01	3.22e-02	5.66e-07	0.00e+00	0.00e+00	0.00e+00	0.00e+00	0.00e+00	0.00e+00	8.33e-01	7.94e-02	5.50e-02
 2.19765e+17	9.69e-01	3.10e-02	5.02e-07	0.00e+00	0.00e+00	0.00e+00	0.00e+00	0.00e+00	0.00e+00	8.35e-01	7.90e-02	5.48e-02
 2.19788e+17	9.70e-01	2.98e-02	4.46e-07	0.00e+00	0.00e+00	0.00e+00	0.00e+00	0.00e+00	0.00e+00	8.37e-01	7.87e-02	5.46e-02
 2.19810e+17	9.71e-01	2.87e-02	3.96e-07	0.00e+00	0.00e+00	0.00e+00	0.00e+00	0.00e+00	0.00e+00	8.38e-01	7.84e-02	5.45e-02
 2.19833e+17	9.72e-01	2.76e-02	3.52e-07	0.00e+00	0.00e+00	0.00e+00	0.00e+00	0.00e+00	0.00e+00	8.40e-01	7.81e-02	5.43e-02
 2.19856e+17	9.73e-01	2.66e-02	3.13e-07	0.00e+00	0.00e+00	0.00e+00	0.00e+00	0.00e+00	0.00e+00	8.41e-01	7.78e-02	5.42e-02
 2.19878e+17	9.74e-01	2.56e-02	2.78e-07	0.00e+00	0.00e+00	0.00e+00	0.00e+00	0.00e+00	0.00e+00	8.43e-01	7.75e-02	5.40e-02
 2.19900e+17	9.75e-01	2.47e-02	2.48e-07	0.00e+00	0.00e+00	0.00e+00	0.00e+00	0.00e+00	0.00e+00	8.44e-01	7.72e-02	5.39e-02
 2.19922e+17	9.76e-01	2.38e-02	2.20e-07	0.00e+00	0.00e+00	0.00e+00	0.00e+00	0.00e+00	0.00e+00	8.46e-01	7.70e-02	5.37e-02
 2.19945e+17	9.77e-01	2.29e-02	1.96e-07	0.00e+00	0.00e+00	0.00e+00	0.00e+00	0.00e+00	0.00e+00	8.47e-01	7.67e-02	5.36e-02
 2.19967e+17	9.78e-01	2.20e-02	1.75e-07	0.00e+00	0.00e+00	0.00e+00	0.00e+00	0.00e+00	0.00e+00	8.48e-01	7.65e-02	5.34e-02
 2.19988e+17	9.79e-01	2.12e-02	1.56e-07	0.00e+00	0.00e+00	0.00e+00	0.00e+00	0.00e+00	0.00e+00	8.49e-01	7.62e-02	5.33e-02
 2.20010e+17	9.80e-01	2.05e-02	1.39e-07	0.00e+00	0.00e+00	0.00e+00	0.00e+00	0.00e+00	0.00e+00	8.50e-01	7.60e-02	5.32e-02
 2.20032e+17	9.80e-01	1.97e-02	1.24e-07	0.00e+00	0.00e+00	0.00e+00	0.00e+00	0.00e+00	0.00e+00	8.51e-01	7.58e-02	5.30e-02
 2.20054e+17	9.81e-01	1.90e-02	1.10e-07	0.00e+00	0.00e+00	0.00e+00	0.00e+00	0.00e+00	0.00e+00	8.53e-01	7.55e-02	5.29e-02
 2.20075e+17	9.82e-01	1.83e-02	9.84e-08	0.00e+00	0.00e+00	0.00e+00	0.00e+00	0.00e+00	0.00e+00	8.54e-01	7.53e-02	5.28e-02
 2.20097e+17	9.82e-01	1.77e-02	8.78e-08	0.00e+00	0.00e+00	0.00e+00	0.00e+00	0.00e+00	0.00e+00	8.55e-01	7.51e-02	5.27e-02
 2.20118e+17	9.83e-01	1.70e-02	7.84e-08	0.00e+00	0.00e+00	0.00e+00	0.00e+00	0.00e+00	0.00e+00	8.55e-01	7.49e-02	5.26e-02
 2.20139e+17	9.84e-01	1.64e-02	7.01e-08	0.00e+00	0.00e+00	0.00e+00	0.00e+00	0.00e+00	0.00e+00	8.56e-01	7.47e-02	5.25e-02
 2.20161e+17	9.84e-01	1.58e-02	6.26e-08	0.00e+00	0.00e+00	0.00e+00	0.00e+00	0.00e+00	0.00e+00	8.57e-01	7.46e-02	5.24e-02
 2.20182e+17	9.85e-01	1.53e-02	5.59e-08	0.00e+00	0.00e+00	0.00e+00	0.00e+00	0.00e+00	0.00e+00	8.58e-01	7.44e-02	5.23e-02
 2.20203e+17	9.85e-01	1.47e-02	4.99e-08	0.00e+00	0.00e+00	0.00e+00	0.00e+00	0.00e+00	0.00e+00	8.59e-01	7.42e-02	5.22e-02
 2.20224e+17	9.86e-01	1.42e-02	4.46e-08	0.00e+00	0.00e+00	0.00e+00	0.00e+00	0.00e+00	0.00e+00	8.60e-01	7.41e-02	5.21e-02
 2.20245e+17	9.86e-01	1.37e-02	3.99e-08	0.00e+00	0.00e+00	0.00e+00	0.00e+00	0.00e+00	0.00e+00	8.60e-01	7.39e-02	5.20e-02
 2.20266e+17	9.87e-01	1.32e-02	3.57e-08	0.00e+00	0.00e+00	0.00e+00	0.00e+00	0.00e+00	0.00e+00	8.61e-01	7.37e-02	5.19e-02
 2.20287e+17	9.87e-01	1.28e-02	3.19e-08	0.00e+00	0.00e+00	0.00e+00	0.00e+00	0.00e+00	0.00e+00	8.62e-01	7.36e-02	5.18e-02
 2.20308e+17	9.88e-01	1.23e-02	2.86e-08	0.00e+00	0.00e+00	0.00e+00	0.00e+00	0.00e+00	0.00e+00	8.63e-01	7.34e-02	5.17e-02
 2.20329e+17	9.88e-01	1.19e-02	2.56e-08	0.00e+00	0.00e+00	0.00e+00	0.00e+00	0.00e+00	0.00e+00	8.63e-01	7.33e-02	5.17e-02
 2.20350e+17	9.89e-01	1.15e-02	2.29e-08	0.00e+00	0.00e+00	0.00e+00	0.00e+00	0.00e+00	0.00e+00	8.64e-01	7.32e-02	5.16e-02
 2.20371e+17	9.89e-01	1.11e-02	2.05e-08	0.00e+00	0.00e+00	0.00e+00	0.00e+00	0.00e+00	0.00e+00	8.64e-01	7.30e-02	5.15e-02
 2.20391e+17	9.89e-01	1.07e-02	1.83e-08	0.00e+00	0.00e+00	0.00e+00	0.00e+00	0.00e+00	0.00e+00	8.65e-01	7.29e-02	5.14e-02
 2.20412e+17	9.90e-01	1.03e-02	1.64e-08	0.00e+00	0.00e+00	0.00e+00	0.00e+00	0.00e+00	0.00e+00	8.66e-01	7.28e-02	5.14e-02
 2.20433e+17	9.90e-01	9.93e-03	1.47e-08	0.00e+00	0.00e+00	0.00e+00	0.00e+00	0.00e+00	0.00e+00	8.66e-01	7.27e-02	5.13e-02
 2.20453e+17	9.90e-01	9.58e-03	1.32e-08	0.00e+00	0.00e+00	0.00e+00	0.00e+00	0.00e+00	0.00e+00	8.67e-01	7.26e-02	5.12e-02
 2.20474e+17	9.91e-01	9.25e-03	1.18e-08	0.00e+00	0.00e+00	0.00e+00	0.00e+00	0.00e+00	0.00e+00	8.67e-01	7.25e-02	5.12e-02
 2.20495e+17	9.91e-01	8.93e-03	1.06e-08	0.00e+00	0.00e+00	0.00e+00	0.00e+00	0.00e+00	0.00e+00	8.68e-01	7.24e-02	5.11e-02
 2.20515e+17	9.91e-01	8.63e-03	9.48e-09	0.00e+00	0.00e+00	0.00e+00	0.00e+00	0.00e+00	0.00e+00	8.68e-01	7.23e-02	5.10e-02
 2.20536e+17	9.92e-01	8.37e-03	8.53e-09	0.00e+00	0.00e+00	0.00e+00	0.00e+00	0.00e+00	0.00e+00	8.68e-01	7.22e-02	5.10e-02
 2.20557e+17	9.92e-01	8.18e-03	7.72e-09	0.00e+00	0.00e+00	0.00e+00	0.00e+00	0.00e+00	0.00e+00	8.69e-01	7.21e-02	5.09e-02
 2.20582e+17	9.92e-01	7.93e-03	6.83e-09	0.00e+00	0.00e+00	0.00e+00	0.00e+00	0.00e+00	0.00e+00	8.69e-01	7.20e-02	5.09e-02
 2.20609e+17	9.92e-01	7.67e-03	5.99e-09	0.00e+00	0.00e+00	0.00e+00	0.00e+00	0.00e+00	0.00e+00	8.70e-01	7.19e-02	5.08e-02
 2.20637e+17	9.93e-01	7.43e-03	5.26e-09	0.00e+00	0.00e+00	0.00e+00	0.00e+00	0.00e+00	0.00e+00	8.70e-01	7.18e-02	5.08e-02
 2.20663e+17	9.93e-01	7.19e-03	4.63e-09	0.00e+00	0.00e+00	0.00e+00	0.00e+00	0.00e+00	0.00e+00	8.70e-01	7.18e-02	5.07e-02
 2.20690e+17	9.93e-01	6.97e-03	4.06e-09	0.00e+00	0.00e+00	0.00e+00	0.00e+00	0.00e+00	0.00e+00	8.71e-01	7.17e-02	5.07e-02
 2.20718e+17	9.93e-01	6.75e-03	3.57e-09	0.00e+00	0.00e+00	0.00e+00	0.00e+00	0.00e+00	0.00e+00	8.71e-01	7.16e-02	5.06e-02
 2.20745e+17	9.93e-01	6.54e-03	3.14e-09	0.00e+00	0.00e+00	0.00e+00	0.00e+00	0.00e+00	0.00e+00	8.71e-01	7.15e-02	5.06e-02
 2.20773e+17	9.94e-01	6.34e-03	2.75e-09	0.00e+00	0.00e+00	0.00e+00	0.00e+00	0.00e+00	0.00e+00	8.72e-01	7.14e-02	5.05e-02
 2.20802e+17	9.94e-01	6.14e-03	2.40e-09	0.00e+00	0.00e+00	0.00e+00	0.00e+00	0.00e+00	0.00e+00	8.72e-01	7.14e-02	5.05e-02
 2.20832e+17	9.94e-01	5.95e-03	2.09e-09	0.00e+00	0.00e+00	0.00e+00	0.00e+00	0.00e+00	0.00e+00	8.72e-01	7.13e-02	5.04e-02
 2.20863e+17	9.94e-01	5.77e-03	1.81e-09	0.00e+00	0.00e+00	0.00e+00	0.00e+00	0.00e+00	0.00e+00	8.73e-01	7.12e-02	5.04e-02
 2.20894e+17	9.94e-01	5.59e-03	1.57e-09	0.00e+00	0.00e+00	0.00e+00	0.00e+00	0.00e+00	0.00e+00	8.73e-01	7.12e-02	5.04e-02
 2.20927e+17	9.95e-01	5.42e-03	1.35e-09	0.00e+00	0.00e+00	0.00e+00	0.00e+00	0.00e+00	0.00e+00	8.73e-01	7.11e-02	5.03e-02
 2.20962e+17	9.95e-01	5.25e-03	1.16e-09	0.00e+00	0.00e+00	0.00e+00	0.00e+00	0.00e+00	0.00e+00	8.73e-01	7.10e-02	5.03e-02
 2.20998e+17	9.95e-01	5.09e-03	9.87e-10	0.00e+00	0.00e+00	0.00e+00	0.00e+00	0.00e+00	0.00e+00	8.74e-01	7.10e-02	5.02e-02
 2.21036e+17	9.95e-01	4.94e-03	8.35e-10	0.00e+00	0.00e+00	0.00e+00	0.00e+00	0.00e+00	0.00e+00	8.74e-01	7.09e-02	5.02e-02
 2.21076e+17	9.95e-01	4.79e-03	7.02e-10	0.00e+00	0.00e+00	0.00e+00	0.00e+00	0.00e+00	0.00e+00	8.74e-01	7.08e-02	5.01e-02
 2.21118e+17	9.95e-01	4.64e-03	5.85e-10	0.00e+00	0.00e+00	0.00e+00	0.00e+00	0.00e+00	0.00e+00	8.74e-01	7.08e-02	5.01e-02
 2.21162e+17	9.95e-01	4.51e-03	4.86e-10	0.00e+00	0.00e+00	0.00e+00	0.00e+00	0.00e+00	0.00e+00	8.75e-01	7.07e-02	5.00e-02
 2.21207e+17	9.96e-01	4.40e-03	4.05e-10	0.00e+00	0.00e+00	0.00e+00	0.00e+00	0.00e+00	0.00e+00	8.75e-01	7.07e-02	5.00e-02
 2.21251e+17	9.96e-01	4.29e-03	3.38e-10	0.00e+00	0.00e+00	0.00e+00	0.00e+00	0.00e+00	0.00e+00	8.75e-01	7.06e-02	5.00e-02
 2.21297e+17	9.96e-01	4.19e-03	2.81e-10	0.00e+00	0.00e+00	0.00e+00	0.00e+00	0.00e+00	0.00e+00	8.75e-01	7.06e-02	4.99e-02
 2.21344e+17	9.96e-01	4.10e-03	2.33e-10	0.00e+00	0.00e+00	0.00e+00	0.00e+00	0.00e+00	0.00e+00	8.75e-01	7.05e-02	4.99e-02
 2.21393e+17	9.96e-01	4.02e-03	1.92e-10	0.00e+00	0.00e+00	0.00e+00	0.00e+00	0.00e+00	0.00e+00	8.76e-01	7.05e-02	4.99e-02
 2.21444e+17	9.96e-01	3.95e-03	1.58e-10	0.00e+00	0.00e+00	0.00e+00	0.00e+00	0.00e+00	0.00e+00	8.76e-01	7.04e-02	4.98e-02
 2.21496e+17	9.96e-01	3.88e-03	1.29e-10	0.00e+00	0.00e+00	0.00e+00	0.00e+00	0.00e+00	0.00e+00	8.76e-01	7.04e-02	4.98e-02
 2.21552e+17	9.96e-01	3.82e-03	1.04e-10	0.00e+00	0.00e+00	0.00e+00	0.00e+00	0.00e+00	0.00e+00	8.76e-01	7.03e-02	4.98e-02
 2.21611e+17	9.96e-01	3.76e-03	8.33e-11	0.00e+00	0.00e+00	0.00e+00	0.00e+00	0.00e+00	0.00e+00	8.76e-01	7.03e-02	4.97e-02
 2.21674e+17	9.96e-01	3.70e-03	6.57e-11	0.00e+00	0.00e+00	0.00e+00	0.00e+00	0.00e+00	0.00e+00	8.76e-01	7.03e-02	4.97e-02
 2.21742e+17	9.96e-01	3.65e-03	5.08e-11	0.00e+00	0.00e+00	0.00e+00	0.00e+00	0.00e+00	0.00e+00	8.76e-01	7.02e-02	4.97e-02
 2.21819e+17	9.96e-01	3.60e-03	3.83e-11	0.00e+00	0.00e+00	0.00e+00	0.00e+00	0.00e+00	0.00e+00	8.77e-01	7.02e-02	4.96e-02
 2.21902e+17	9.96e-01	3.56e-03	2.83e-11	0.00e+00	0.00e+00	0.00e+00	0.00e+00	0.00e+00	0.00e+00	8.77e-01	7.01e-02	4.96e-02
 2.21987e+17	9.96e-01	3.51e-03	2.08e-11	0.00e+00	0.00e+00	0.00e+00	0.00e+00	0.00e+00	0.00e+00	8.77e-01	7.01e-02	4.96e-02
 2.22072e+17	9.97e-01	3.48e-03	1.53e-11	0.00e+00	0.00e+00	0.00e+00	0.00e+00	0.00e+00	0.00e+00	8.77e-01	7.01e-02	4.96e-02
 2.22157e+17	9.97e-01	3.45e-03	1.13e-11	0.00e+00	0.00e+00	0.00e+00	0.00e+00	0.00e+00	0.00e+00	8.77e-01	7.01e-02	4.95e-02
 2.22243e+17	9.97e-01	3.42e-03	8.36e-12	0.00e+00	0.00e+00	0.00e+00	0.00e+00	0.00e+00	0.00e+00	8.77e-01	7.00e-02	4.95e-02
 2.22328e+17	9.97e-01	3.40e-03	6.19e-12	0.00e+00	0.00e+00	0.00e+00	0.00e+00	0.00e+00	0.00e+00	8.77e-01	7.00e-02	4.95e-02
 2.22413e+17	9.97e-01	3.38e-03	4.60e-12	0.00e+00	0.00e+00	0.00e+00	0.00e+00	0.00e+00	0.00e+00	8.77e-01	7.00e-02	4.95e-02
 2.22498e+17	9.97e-01	3.36e-03	3.43e-12	0.00e+00	0.00e+00	0.00e+00	0.00e+00	0.00e+00	0.00e+00	8.77e-01	7.00e-02	4.95e-02
 2.22584e+17	9.97e-01	3.34e-03	2.56e-12	0.00e+00	0.00e+00	0.00e+00	0.00e+00	0.00e+00	0.00e+00	8.77e-01	7.00e-02	4.95e-02
 2.22669e+17	9.97e-01	3.32e-03	1.92e-12	0.00e+00	0.00e+00	0.00e+00	0.00e+00	0.00e+00	0.00e+00	8.77e-01	6.99e-02	4.95e-02
 2.22762e+17	9.97e-01	3.30e-03	1.40e-12	0.00e+00	0.00e+00	0.00e+00	0.00e+00	0.00e+00	0.00e+00	8.77e-01	6.99e-02	4.94e-02
 2.22862e+17	9.97e-01	3.28e-03	1.01e-12	0.00e+00	0.00e+00	0.00e+00	0.00e+00	0.00e+00	0.00e+00	8.77e-01	6.99e-02	4.94e-02
 2.22962e+17	9.97e-01	3.26e-03	7.37e-13	0.00e+00	0.00e+00	0.00e+00	0.00e+00	0.00e+00	0.00e+00	8.77e-01	6.99e-02	4.94e-02
 2.23062e+17	9.97e-01	3.24e-03	5.44e-13	0.00e+00	0.00e+00	0.00e+00	0.00e+00	0.00e+00	0.00e+00	8.77e-01	6.99e-02	4.94e-02
 2.23162e+17	9.97e-01	3.23e-03	4.08e-13	0.00e+00	0.00e+00	0.00e+00	0.00e+00	0.00e+00	0.00e+00	8.77e-01	6.99e-02	4.94e-02
 2.23262e+17	9.97e-01	3.21e-03	3.12e-13	0.00e+00	0.00e+00	0.00e+00	0.00e+00	0.00e+00	0.00e+00	8.78e-01	6.99e-02	4.94e-02
 2.23363e+17	9.97e-01	3.19e-03	2.44e-13	0.00e+00	0.00e+00	0.00e+00	0.00e+00	0.00e+00	0.00e+00	8.78e-01	6.98e-02	4.94e-02
 2.23463e+17	9.97e-01	3.18e-03	1.95e-13	0.00e+00	0.00e+00	0.00e+00	0.00e+00	0.00e+00	0.00e+00	8.78e-01	6.98e-02	4.94e-02
 2.23563e+17	9.97e-01	3.16e-03	1.61e-13	0.00e+00	0.00e+00	0.00e+00	0.00e+00	0.00e+00	0.00e+00	8.78e-01	6.98e-02	4.94e-02
 2.23663e+17	9.97e-01	3.14e-03	1.36e-13	0.00e+00	0.00e+00	0.00e+00	0.00e+00	0.00e+00	0.00e+00	8.78e-01	6.98e-02	4.94e-02
 2.23763e+17	9.97e-01	3.13e-03	1.19e-13	0.00e+00	0.00e+00	0.00e+00	0.00e+00	0.00e+00	0.00e+00	8.78e-01	6.98e-02	4.94e-02
 2.23863e+17	9.97e-01	3.11e-03	1.07e-13	0.00e+00	0.00e+00	0.00e+00	0.00e+00	0.00e+00	0.00e+00	8.78e-01	6.98e-02	4.94e-02
 2.23963e+17	9.97e-01	3.10e-03	9.76e-14	0.00e+00	0.00e+00	0.00e+00	0.00e+00	0.00e+00	0.00e+00	8.78e-01	6.98e-02	4.93e-02
 2.24064e+17	9.97e-01	3.09e-03	9.11e-14	0.00e+00	0.00e+00	0.00e+00	0.00e+00	0.00e+00	0.00e+00	8.78e-01	6.98e-02	4.93e-02
 2.24164e+17	9.97e-01	3.07e-03	8.65e-14	0.00e+00	0.00e+00	0.00e+00	0.00e+00	0.00e+00	0.00e+00	8.78e-01	6.97e-02	4.93e-02
 2.24264e+17	9.97e-01	3.06e-03	8.31e-14	0.00e+00	0.00e+00	0.00e+00	0.00e+00	0.00e+00	0.00e+00	8.78e-01	6.97e-02	4.93e-02
 2.24364e+17	9.97e-01	3.05e-03	8.06e-14	0.00e+00	0.00e+00	0.00e+00	0.00e+00	0.00e+00	0.00e+00	8.78e-01	6.97e-02	4.93e-02
 2.24464e+17	9.97e-01	3.04e-03	7.87e-14	0.00e+00	0.00e+00	0.00e+00	0.00e+00	0.00e+00	0.00e+00	8.78e-01	6.97e-02	4.93e-02
 2.24564e+17	9.97e-01	3.03e-03	7.74e-14	0.00e+00	0.00e+00	0.00e+00	0.00e+00	0.00e+00	0.00e+00	8.78e-01	6.97e-02	4.93e-02
 2.24664e+17	9.97e-01	3.01e-03	7.62e-14	0.00e+00	0.00e+00	0.00e+00	0.00e+00	0.00e+00	0.00e+00	8.78e-01	6.97e-02	4.93e-02
 2.24764e+17	9.97e-01	3.00e-03	7.53e-14	0.00e+00	0.00e+00	0.00e+00	0.00e+00	0.00e+00	0.00e+00	8.78e-01	6.97e-02	4.93e-02
 2.24865e+17	9.97e-01	2.99e-03	7.47e-14	0.00e+00	0.00e+00	0.00e+00	0.00e+00	0.00e+00	0.00e+00	8.78e-01	6.97e-02	4.93e-02
 2.24965e+17	9.97e-01	2.97e-03	7.41e-14	0.00e+00	0.00e+00	0.00e+00	0.00e+00	0.00e+00	0.00e+00	8.78e-01	6.97e-02	4.93e-02
 2.25065e+17	9.97e-01	2.96e-03	7.37e-14	0.00e+00	0.00e+00	0.00e+00	0.00e+00	0.00e+00	0.00e+00	8.78e-01	6.97e-02	4.93e-02
 2.25165e+17	9.97e-01	2.95e-03	7.33e-14	0.00e+00	0.00e+00	0.00e+00	0.00e+00	0.00e+00	0.00e+00	8.78e-01	6.96e-02	4.93e-02
 2.25265e+17	9.97e-01	2.94e-03	7.29e-14	0.00e+00	0.00e+00	0.00e+00	0.00e+00	0.00e+00	0.00e+00	8.78e-01	6.96e-02	4.93e-02
 2.25365e+17	9.97e-01	2.93e-03	7.27e-14	0.00e+00	0.00e+00	0.00e+00	0.00e+00	0.00e+00	0.00e+00	8.78e-01	6.96e-02	4.92e-02
 2.25465e+17	9.97e-01	2.92e-03	7.24e-14	0.00e+00	0.00e+00	0.00e+00	0.00e+00	0.00e+00	0.00e+00	8.78e-01	6.96e-02	4.92e-02
 2.25566e+17	9.97e-01	2.91e-03	7.21e-14	0.00e+00	0.00e+00	0.00e+00	0.00e+00	0.00e+00	0.00e+00	8.78e-01	6.96e-02	4.92e-02
 2.25666e+17	9.97e-01	2.90e-03	7.19e-14	0.00e+00	0.00e+00	0.00e+00	0.00e+00	0.00e+00	0.00e+00	8.78e-01	6.96e-02	4.92e-02
 2.25766e+17	9.97e-01	2.89e-03	7.16e-14	0.00e+00	0.00e+00	0.00e+00	0.00e+00	0.00e+00	0.00e+00	8.78e-01	6.96e-02	4.92e-02
 2.25866e+17	9.97e-01	2.88e-03	7.15e-14	0.00e+00	0.00e+00	0.00e+00	0.00e+00	0.00e+00	0.00e+00	8.78e-01	6.96e-02	4.92e-02
 2.25966e+17	9.97e-01	2.87e-03	7.12e-14	0.00e+00	0.00e+00	0.00e+00	0.00e+00	0.00e+00	0.00e+00	8.78e-01	6.96e-02	4.92e-02
 2.26066e+17	9.97e-01	2.86e-03	7.10e-14	0.00e+00	0.00e+00	0.00e+00	0.00e+00	0.00e+00	0.00e+00	8.78e-01	6.95e-02	4.92e-02
 2.26166e+17	9.97e-01	2.85e-03	7.07e-14	0.00e+00	0.00e+00	0.00e+00	0.00e+00	0.00e+00	0.00e+00	8.78e-01	6.95e-02	4.92e-02
 2.26266e+17	9.97e-01	2.84e-03	7.06e-14	0.00e+00	0.00e+00	0.00e+00	0.00e+00	0.00e+00	0.00e+00	8.78e-01	6.95e-02	4.92e-02
 2.26367e+17	9.97e-01	2.83e-03	7.03e-14	0.00e+00	0.00e+00	0.00e+00	0.00e+00	0.00e+00	0.00e+00	8.78e-01	6.95e-02	4.92e-02
 2.26467e+17	9.97e-01	2.82e-03	7.02e-14	0.00e+00	0.00e+00	0.00e+00	0.00e+00	0.00e+00	0.00e+00	8.78e-01	6.95e-02	4.92e-02
 2.26567e+17	9.97e-01	2.81e-03	6.99e-14	0.00e+00	0.00e+00	0.00e+00	0.00e+00	0.00e+00	0.00e+00	8.79e-01	6.95e-02	4.92e-02
 2.26667e+17	9.97e-01	2.80e-03	6.98e-14	0.00e+00	0.00e+00	0.00e+00	0.00e+00	0.00e+00	0.00e+00	8.79e-01	6.95e-02	4.92e-02
 2.26767e+17	9.97e-01	2.79e-03	6.96e-14	0.00e+00	0.00e+00	0.00e+00	0.00e+00	0.00e+00	0.00e+00	8.79e-01	6.95e-02	4.92e-02
 2.26867e+17	9.97e-01	2.79e-03	6.95e-14	0.00e+00	0.00e+00	0.00e+00	0.00e+00	0.00e+00	0.00e+00	8.79e-01	6.95e-02	4.92e-02
 2.26967e+17	9.97e-01	2.78e-03	6.92e-14	0.00e+00	0.00e+00	0.00e+00	0.00e+00	0.00e+00	0.00e+00	8.79e-01	6.95e-02	4.91e-02
 2.27067e+17	9.97e-01	2.77e-03	6.91e-14	0.00e+00	0.00e+00	0.00e+00	0.00e+00	0.00e+00	0.00e+00	8.79e-01	6.94e-02	4.91e-02
 2.27167e+17	9.97e-01	2.76e-03	6.89e-14	0.00e+00	0.00e+00	0.00e+00	0.00e+00	0.00e+00	0.00e+00	8.79e-01	6.94e-02	4.91e-02
 2.27268e+17	9.97e-01	2.75e-03	6.87e-14	0.00e+00	0.00e+00	0.00e+00	0.00e+00	0.00e+00	0.00e+00	8.79e-01	6.94e-02	4.91e-02
 2.27368e+17	9.97e-01	2.74e-03	6.85e-14	0.00e+00	0.00e+00	0.00e+00	0.00e+00	0.00e+00	0.00e+00	8.79e-01	6.94e-02	4.91e-02
 2.27468e+17	9.97e-01	2.74e-03	6.84e-14	0.00e+00	0.00e+00	0.00e+00	0.00e+00	0.00e+00	0.00e+00	8.79e-01	6.94e-02	4.91e-02
 2.27568e+17	9.97e-01	2.73e-03	6.82e-14	0.00e+00	0.00e+00	0.00e+00	0.00e+00	0.00e+00	0.00e+00	8.79e-01	6.94e-02	4.91e-02
 2.27668e+17	9.97e-01	2.72e-03	6.81e-14	0.00e+00	0.00e+00	0.00e+00	0.00e+00	0.00e+00	0.00e+00	8.79e-01	6.94e-02	4.91e-02
 2.27768e+17	9.97e-01	2.71e-03	6.78e-14	0.00e+00	0.00e+00	0.00e+00	0.00e+00	0.00e+00	0.00e+00	8.79e-01	6.94e-02	4.91e-02
 2.27868e+17	9.97e-01	2.70e-03	6.77e-14	0.00e+00	0.00e+00	0.00e+00	0.00e+00	0.00e+00	0.00e+00	8.79e-01	6.94e-02	4.91e-02
 2.27968e+17	9.97e-01	2.69e-03	6.75e-14	0.00e+00	0.00e+00	0.00e+00	0.00e+00	0.00e+00	0.00e+00	8.79e-01	6.94e-02	4.91e-02
 2.28069e+17	9.97e-01	2.69e-03	6.74e-14	0.00e+00	0.00e+00	0.00e+00	0.00e+00	0.00e+00	0.00e+00	8.79e-01	6.93e-02	4.91e-02
 2.28169e+17	9.97e-01	2.68e-03	6.72e-14	0.00e+00	0.00e+00	0.00e+00	0.00e+00	0.00e+00	0.00e+00	8.79e-01	6.93e-02	4.91e-02
 2.28269e+17	9.97e-01	2.67e-03	6.71e-14	0.00e+00	0.00e+00	0.00e+00	0.00e+00	0.00e+00	0.00e+00	8.79e-01	6.93e-02	4.91e-02
 2.28369e+17	9.97e-01	2.66e-03	6.69e-14	0.00e+00	0.00e+00	0.00e+00	0.00e+00	0.00e+00	0.00e+00	8.79e-01	6.93e-02	4.91e-02
 2.28469e+17	9.97e-01	2.66e-03	6.68e-14	0.00e+00	0.00e+00	0.00e+00	0.00e+00	0.00e+00	0.00e+00	8.79e-01	6.93e-02	4.91e-02
 2.28569e+17	9.97e-01	2.65e-03	6.66e-14	0.00e+00	0.00e+00	0.00e+00	0.00e+00	0.00e+00	0.00e+00	8.79e-01	6.93e-02	4.90e-02
 2.28669e+17	9.97e-01	2.64e-03	6.65e-14	0.00e+00	0.00e+00	0.00e+00	0.00e+00	0.00e+00	0.00e+00	8.79e-01	6.93e-02	4.90e-02
 2.28769e+17	9.97e-01	2.64e-03	6.63e-14	0.00e+00	0.00e+00	0.00e+00	0.00e+00	0.00e+00	0.00e+00	8.79e-01	6.93e-02	4.90e-02
 2.28869e+17	9.97e-01	2.63e-03	6.62e-14	0.00e+00	0.00e+00	0.00e+00	0.00e+00	0.00e+00	0.00e+00	8.79e-01	6.93e-02	4.90e-02
 2.28970e+17	9.97e-01	2.62e-03	6.60e-14	0.00e+00	0.00e+00	0.00e+00	0.00e+00	0.00e+00	0.00e+00	8.79e-01	6.93e-02	4.90e-02
 2.29070e+17	9.97e-01	2.62e-03	6.59e-14	0.00e+00	0.00e+00	0.00e+00	0.00e+00	0.00e+00	0.00e+00	8.79e-01	6.93e-02	4.90e-02
 2.29170e+17	9.97e-01	2.61e-03	6.57e-14	0.00e+00	0.00e+00	0.00e+00	0.00e+00	0.00e+00	0.00e+00	8.79e-01	6.92e-02	4.90e-02
 2.29270e+17	9.97e-01	2.60e-03	6.56e-14	0.00e+00	0.00e+00	0.00e+00	0.00e+00	0.00e+00	0.00e+00	8.79e-01	6.92e-02	4.90e-02
 2.29370e+17	9.97e-01	2.59e-03	6.54e-14	0.00e+00	0.00e+00	0.00e+00	0.00e+00	0.00e+00	0.00e+00	8.79e-01	6.92e-02	4.90e-02
 2.29470e+17	9.97e-01	2.59e-03	6.53e-14	0.00e+00	0.00e+00	0.00e+00	0.00e+00	0.00e+00	0.00e+00	8.79e-01	6.92e-02	4.90e-02
 2.29570e+17	9.97e-01	2.58e-03	6.52e-14	0.00e+00	0.00e+00	0.00e+00	0.00e+00	0.00e+00	0.00e+00	8.79e-01	6.92e-02	4.90e-02
 2.29670e+17	9.97e-01	2.58e-03	6.50e-14	0.00e+00	0.00e+00	0.00e+00	0.00e+00	0.00e+00	0.00e+00	8.79e-01	6.92e-02	4.90e-02
 2.29770e+17	9.97e-01	2.57e-03	6.49e-14	0.00e+00	0.00e+00	0.00e+00	0.00e+00	0.00e+00	0.00e+00	8.79e-01	6.92e-02	4.90e-02
 2.29870e+17	9.97e-01	2.56e-03	6.48e-14	0.00e+00	0.00e+00	0.00e+00	0.00e+00	0.00e+00	0.00e+00	8.79e-01	6.92e-02	4.90e-02
 2.29971e+17	9.97e-01	2.56e-03	6.46e-14	0.00e+00	0.00e+00	0.00e+00	0.00e+00	0.00e+00	0.00e+00	8.79e-01	6.92e-02	4.90e-02
 2.30071e+17	9.97e-01	2.55e-03	6.45e-14	0.00e+00	0.00e+00	0.00e+00	0.00e+00	0.00e+00	0.00e+00	8.79e-01	6.92e-02	4.90e-02
 2.30171e+17	9.97e-01	2.54e-03	6.43e-14	0.00e+00	0.00e+00	0.00e+00	0.00e+00	0.00e+00	0.00e+00	8.79e-01	6.91e-02	4.89e-02
 2.30271e+17	9.97e-01	2.54e-03	6.42e-14	0.00e+00	0.00e+00	0.00e+00	0.00e+00	0.00e+00	0.00e+00	8.79e-01	6.91e-02	4.89e-02
 2.30371e+17	9.97e-01	2.53e-03	6.41e-14	0.00e+00	0.00e+00	0.00e+00	0.00e+00	0.00e+00	0.00e+00	8.79e-01	6.91e-02	4.89e-02
 2.30471e+17	9.97e-01	2.53e-03	6.40e-14	0.00e+00	0.00e+00	0.00e+00	0.00e+00	0.00e+00	0.00e+00	8.79e-01	6.91e-02	4.89e-02
 2.30571e+17	9.97e-01	2.52e-03	6.38e-14	0.00e+00	0.00e+00	0.00e+00	0.00e+00	0.00e+00	0.00e+00	8.79e-01	6.91e-02	4.89e-02
 2.30671e+17	9.97e-01	2.51e-03	6.37e-14	0.00e+00	0.00e+00	0.00e+00	0.00e+00	0.00e+00	0.00e+00	8.79e-01	6.91e-02	4.89e-02
 2.30771e+17	9.97e-01	2.51e-03	6.36e-14	0.00e+00	0.00e+00	0.00e+00	0.00e+00	0.00e+00	0.00e+00	8.79e-01	6.91e-02	4.89e-02
