#depth	O	O+	O+2	O+3	O+4	O+5	O+6	O+7	O+8	O[1]	O[2]	O[3]
 3.94253e+14	0.00e+00	1.97e-06	2.74e-02	9.43e-01	3.00e-02	4.77e-07	0.00e+00	0.00e+00	0.00e+00	0.00e+00	0.00e+00	0.00e+00
 1.80434e+15	0.00e+00	2.32e-06	2.96e-02	9.43e-01	2.76e-02	4.15e-07	0.00e+00	0.00e+00	0.00e+00	0.00e+00	0.00e+00	0.00e+00
 3.38795e+15	0.00e+00	2.66e-06	3.17e-02	9.43e-01	2.57e-02	3.64e-07	0.00e+00	0.00e+00	0.00e+00	0.00e+00	0.00e+00	0.00e+00
 5.03170e+15	0.00e+00	3.03e-06	3.38e-02	9.42e-01	2.41e-02	3.20e-07	0.00e+00	0.00e+00	0.00e+00	0.00e+00	0.00e+00	0.00e+00
 7.22989e+15	0.00e+00	3.58e-06	3.68e-02	9.41e-01	2.21e-02	2.71e-07	0.00e+00	0.00e+00	0.00e+00	0.00e+00	0.00e+00	0.00e+00
 9.51923e+15	0.00e+00	4.24e-06	4.00e-02	9.40e-01	2.02e-02	2.29e-07	0.00e+00	0.00e+00	0.00e+00	0.00e+00	0.00e+00	0.00e+00
 1.19001e+16	0.00e+00	5.00e-06	4.35e-02	9.38e-01	1.85e-02	1.93e-07	0.00e+00	0.00e+00	0.00e+00	0.00e+00	0.00e+00	0.00e+00
 1.43763e+16	0.00e+00	5.91e-06	4.73e-02	9.36e-01	1.69e-02	1.63e-07	0.00e+00	0.00e+00	0.00e+00	0.00e+00	0.00e+00	0.00e+00
 1.69515e+16	0.00e+00	6.99e-06	5.15e-02	9.33e-01	1.55e-02	1.37e-07	0.00e+00	0.00e+00	0.00e+00	0.00e+00	0.00e+00	0.00e+00
 1.96297e+16	0.00e+00	8.26e-06	5.61e-02	9.30e-01	1.41e-02	0.00e+00	0.00e+00	0.00e+00	0.00e+00	0.00e+00	0.00e+00	0.00e+00
 2.24150e+16	0.00e+00	9.76e-06	6.10e-02	9.26e-01	1.29e-02	0.00e+00	0.00e+00	0.00e+00	0.00e+00	0.00e+00	0.00e+00	0.00e+00
 2.53117e+16	0.00e+00	1.15e-05	6.65e-02	9.22e-01	1.17e-02	0.00e+00	0.00e+00	0.00e+00	0.00e+00	0.00e+00	0.00e+00	0.00e+00
 2.83243e+16	0.00e+00	1.37e-05	7.24e-02	9.17e-01	1.07e-02	0.00e+00	0.00e+00	0.00e+00	0.00e+00	0.00e+00	0.00e+00	0.00e+00
 3.14574e+16	0.00e+00	1.62e-05	7.90e-02	9.11e-01	9.69e-03	0.00e+00	0.00e+00	0.00e+00	0.00e+00	0.00e+00	0.00e+00	0.00e+00
 3.47159e+16	0.00e+00	1.91e-05	8.62e-02	9.05e-01	8.78e-03	0.00e+00	0.00e+00	0.00e+00	0.00e+00	0.00e+00	0.00e+00	0.00e+00
 3.81047e+16	0.00e+00	2.27e-05	9.42e-02	8.98e-01	7.95e-03	0.00e+00	0.00e+00	0.00e+00	0.00e+00	0.00e+00	0.00e+00	0.00e+00
 4.16290e+16	0.00e+00	2.69e-05	1.03e-01	8.90e-01	7.18e-03	0.00e+00	0.00e+00	0.00e+00	0.00e+00	0.00e+00	0.00e+00	0.00e+00
 4.52943e+16	0.00e+00	3.20e-05	1.13e-01	8.81e-01	6.46e-03	0.00e+00	0.00e+00	0.00e+00	0.00e+00	0.00e+00	0.00e+00	0.00e+00
 4.91062e+16	0.00e+00	3.80e-05	1.24e-01	8.71e-01	5.80e-03	0.00e+00	0.00e+00	0.00e+00	0.00e+00	0.00e+00	0.00e+00	0.00e+00
 5.30706e+16	0.00e+00	4.52e-05	1.36e-01	8.59e-01	5.20e-03	0.00e+00	0.00e+00	0.00e+00	0.00e+00	0.00e+00	0.00e+00	0.00e+00
 5.71935e+16	0.00e+00	5.39e-05	1.49e-01	8.46e-01	4.63e-03	0.00e+00	0.00e+00	0.00e+00	0.00e+00	0.00e+00	0.00e+00	0.00e+00
 6.14814e+16	0.00e+00	6.43e-05	1.65e-01	8.31e-01	4.12e-03	0.00e+00	0.00e+00	0.00e+00	0.00e+00	0.00e+00	0.00e+00	0.00e+00
 6.59408e+16	1.23e-10	7.69e-05	1.82e-01	8.14e-01	3.64e-03	0.00e+00	0.00e+00	0.00e+00	0.00e+00	7.98e-11	3.08e-11	1.25e-11
 7.05786e+16	1.60e-10	9.22e-05	2.02e-01	7.95e-01	3.19e-03	0.00e+00	0.00e+00	0.00e+00	0.00e+00	1.26e-10	2.17e-11	1.30e-11
 7.54019e+16	2.09e-10	1.11e-04	2.25e-01	7.72e-01	2.78e-03	0.00e+00	0.00e+00	0.00e+00	0.00e+00	1.65e-10	2.74e-11	1.67e-11
 8.04181e+16	2.73e-10	1.34e-04	2.51e-01	7.46e-01	2.40e-03	0.00e+00	0.00e+00	0.00e+00	0.00e+00	2.17e-10	3.47e-11	2.16e-11
 8.56349e+16	3.59e-10	1.62e-04	2.82e-01	7.16e-01	2.05e-03	0.00e+00	0.00e+00	0.00e+00	0.00e+00	2.87e-10	4.40e-11	2.78e-11
 9.10605e+16	4.72e-10	1.97e-04	3.17e-01	6.81e-01	1.73e-03	0.00e+00	0.00e+00	0.00e+00	0.00e+00	3.80e-10	5.61e-11	3.61e-11
 9.67030e+16	6.23e-10	2.40e-04	3.59e-01	6.39e-01	1.42e-03	0.00e+00	0.00e+00	0.00e+00	0.00e+00	5.05e-10	7.17e-11	4.70e-11
 1.02204e+17	8.10e-10	2.90e-04	4.06e-01	5.93e-01	1.16e-03	0.00e+00	0.00e+00	0.00e+00	0.00e+00	6.60e-10	9.02e-11	6.02e-11
 1.07282e+17	1.03e-09	3.45e-04	4.55e-01	5.44e-01	9.42e-04	0.00e+00	0.00e+00	0.00e+00	0.00e+00	8.42e-10	1.12e-10	7.55e-11
 1.12057e+17	1.28e-09	4.06e-04	5.06e-01	4.93e-01	7.56e-04	0.00e+00	0.00e+00	0.00e+00	0.00e+00	1.05e-09	1.36e-10	9.30e-11
 1.16544e+17	1.57e-09	4.71e-04	5.58e-01	4.41e-01	5.98e-04	0.00e+00	0.00e+00	0.00e+00	0.00e+00	1.29e-09	1.63e-10	1.13e-10
 1.20863e+17	1.89e-09	5.43e-04	6.13e-01	3.86e-01	4.62e-04	0.00e+00	0.00e+00	0.00e+00	0.00e+00	1.56e-09	1.93e-10	1.35e-10
 1.25064e+17	2.27e-09	6.22e-04	6.69e-01	3.30e-01	3.46e-04	0.00e+00	0.00e+00	0.00e+00	0.00e+00	1.88e-09	2.27e-10	1.60e-10
 1.29040e+17	2.66e-09	7.01e-04	7.24e-01	2.75e-01	2.53e-04	0.00e+00	0.00e+00	0.00e+00	0.00e+00	2.21e-09	2.62e-10	1.86e-10
 1.32878e+17	3.09e-09	7.83e-04	7.76e-01	2.23e-01	1.78e-04	0.00e+00	0.00e+00	0.00e+00	0.00e+00	2.57e-09	2.99e-10	2.15e-10
 1.37271e+17	3.63e-09	8.80e-04	8.31e-01	1.68e-01	1.12e-04	0.00e+00	0.00e+00	0.00e+00	0.00e+00	3.03e-09	3.47e-10	2.51e-10
 1.42176e+17	4.27e-09	9.86e-04	8.84e-01	1.15e-01	6.16e-05	0.00e+00	0.00e+00	0.00e+00	0.00e+00	3.58e-09	3.99e-10	2.92e-10
 1.47747e+17	5.04e-09	1.10e-03	9.29e-01	6.94e-02	2.81e-05	0.00e+00	0.00e+00	0.00e+00	0.00e+00	4.23e-09	4.63e-10	3.41e-10
 1.54913e+17	6.08e-09	1.23e-03	9.65e-01	3.36e-02	9.16e-06	0.00e+00	0.00e+00	0.00e+00	0.00e+00	5.12e-09	5.44e-10	4.07e-10
 1.63110e+17	7.30e-09	1.36e-03	9.85e-01	1.39e-02	2.37e-06	0.00e+00	0.00e+00	0.00e+00	0.00e+00	6.19e-09	6.35e-10	4.81e-10
 1.71634e+17	8.68e-09	1.49e-03	9.93e-01	5.62e-03	5.89e-07	0.00e+00	0.00e+00	0.00e+00	0.00e+00	7.38e-09	7.36e-10	5.65e-10
 1.80500e+17	1.03e-08	1.62e-03	9.96e-01	2.32e-03	1.47e-07	0.00e+00	0.00e+00	0.00e+00	0.00e+00	8.75e-09	8.49e-10	6.59e-10
 1.89720e+17	1.21e-08	1.76e-03	9.97e-01	9.96e-04	0.00e+00	0.00e+00	0.00e+00	0.00e+00	0.00e+00	1.04e-08	9.78e-10	7.69e-10
 1.99309e+17	1.43e-08	1.90e-03	9.98e-01	4.46e-04	0.00e+00	0.00e+00	0.00e+00	0.00e+00	0.00e+00	1.23e-08	1.13e-09	8.95e-10
 2.09282e+17	1.68e-08	2.06e-03	9.98e-01	2.10e-04	0.00e+00	0.00e+00	0.00e+00	0.00e+00	0.00e+00	1.45e-08	1.30e-09	1.04e-09
 2.19653e+17	1.98e-08	2.23e-03	9.98e-01	1.06e-04	0.00e+00	0.00e+00	0.00e+00	0.00e+00	0.00e+00	1.71e-08	1.50e-09	1.22e-09
 2.30439e+17	2.34e-08	2.41e-03	9.98e-01	5.77e-05	0.00e+00	0.00e+00	0.00e+00	0.00e+00	0.00e+00	2.02e-08	1.74e-09	1.42e-09
 2.41657e+17	2.76e-08	2.61e-03	9.97e-01	3.45e-05	0.00e+00	0.00e+00	0.00e+00	0.00e+00	0.00e+00	2.39e-08	2.01e-09	1.66e-09
 2.53323e+17	3.25e-08	2.83e-03	9.97e-01	2.28e-05	0.00e+00	0.00e+00	0.00e+00	0.00e+00	0.00e+00	2.83e-08	2.33e-09	1.94e-09
 2.65456e+17	3.84e-08	3.06e-03	9.97e-01	1.66e-05	0.00e+00	0.00e+00	0.00e+00	0.00e+00	0.00e+00	3.35e-08	2.71e-09	2.27e-09
 2.78075e+17	4.54e-08	3.32e-03	9.97e-01	1.30e-05	0.00e+00	0.00e+00	0.00e+00	0.00e+00	0.00e+00	3.96e-08	3.15e-09	2.66e-09
 2.91198e+17	5.37e-08	3.59e-03	9.96e-01	1.08e-05	0.00e+00	0.00e+00	0.00e+00	0.00e+00	0.00e+00	4.69e-08	3.67e-09	3.11e-09
 3.04846e+17	6.35e-08	3.89e-03	9.96e-01	9.33e-06	0.00e+00	0.00e+00	0.00e+00	0.00e+00	0.00e+00	5.56e-08	4.28e-09	3.65e-09
 3.19040e+17	7.53e-08	4.22e-03	9.96e-01	8.22e-06	0.00e+00	0.00e+00	0.00e+00	0.00e+00	0.00e+00	6.60e-08	4.99e-09	4.29e-09
 3.33802e+17	8.92e-08	4.57e-03	9.95e-01	7.34e-06	0.00e+00	0.00e+00	0.00e+00	0.00e+00	0.00e+00	7.83e-08	5.84e-09	5.04e-09
 3.49154e+17	1.06e-07	4.95e-03	9.95e-01	6.60e-06	0.00e+00	0.00e+00	0.00e+00	0.00e+00	0.00e+00	9.29e-08	6.83e-09	5.93e-09
 3.65120e+17	1.26e-07	5.37e-03	9.95e-01	5.96e-06	0.00e+00	0.00e+00	0.00e+00	0.00e+00	0.00e+00	1.11e-07	8.01e-09	6.99e-09
 3.81725e+17	1.49e-07	5.83e-03	9.94e-01	5.40e-06	0.00e+00	0.00e+00	0.00e+00	0.00e+00	0.00e+00	1.32e-07	9.40e-09	8.24e-09
 3.98994e+17	1.77e-07	6.32e-03	9.94e-01	4.89e-06	0.00e+00	0.00e+00	0.00e+00	0.00e+00	0.00e+00	1.57e-07	1.11e-08	9.73e-09
 4.16954e+17	2.11e-07	6.86e-03	9.93e-01	4.43e-06	0.00e+00	0.00e+00	0.00e+00	0.00e+00	0.00e+00	1.87e-07	1.30e-08	1.15e-08
 4.35632e+17	2.52e-07	7.45e-03	9.93e-01	4.01e-06	0.00e+00	0.00e+00	0.00e+00	0.00e+00	0.00e+00	2.23e-07	1.53e-08	1.36e-08
 4.55058e+17	3.01e-07	8.10e-03	9.92e-01	3.62e-06	0.00e+00	0.00e+00	0.00e+00	0.00e+00	0.00e+00	2.67e-07	1.81e-08	1.61e-08
 4.75260e+17	3.60e-07	8.80e-03	9.91e-01	3.27e-06	0.00e+00	0.00e+00	0.00e+00	0.00e+00	0.00e+00	3.19e-07	2.14e-08	1.91e-08
 4.96271e+17	4.31e-07	9.57e-03	9.90e-01	2.95e-06	0.00e+00	0.00e+00	0.00e+00	0.00e+00	0.00e+00	3.83e-07	2.54e-08	2.28e-08
 5.18122e+17	5.17e-07	1.04e-02	9.90e-01	2.66e-06	0.00e+00	0.00e+00	0.00e+00	0.00e+00	0.00e+00	4.60e-07	3.02e-08	2.71e-08
 5.40847e+17	6.21e-07	1.13e-02	9.89e-01	2.39e-06	0.00e+00	0.00e+00	0.00e+00	0.00e+00	0.00e+00	5.53e-07	3.59e-08	3.23e-08
 5.64481e+17	7.47e-07	1.23e-02	9.88e-01	2.15e-06	0.00e+00	0.00e+00	0.00e+00	0.00e+00	0.00e+00	6.66e-07	4.29e-08	3.86e-08
 5.89060e+17	9.01e-07	1.35e-02	9.87e-01	1.93e-06	0.00e+00	0.00e+00	0.00e+00	0.00e+00	0.00e+00	8.04e-07	5.13e-08	4.63e-08
 6.14623e+17	1.09e-06	1.47e-02	9.85e-01	1.72e-06	0.00e+00	0.00e+00	0.00e+00	0.00e+00	0.00e+00	9.72e-07	6.15e-08	5.56e-08
 6.41208e+17	1.32e-06	1.60e-02	9.84e-01	1.54e-06	0.00e+00	0.00e+00	0.00e+00	0.00e+00	0.00e+00	1.18e-06	7.39e-08	6.70e-08
 6.68856e+17	1.60e-06	1.75e-02	9.82e-01	1.37e-06	0.00e+00	0.00e+00	0.00e+00	0.00e+00	0.00e+00	1.43e-06	8.91e-08	8.09e-08
 6.97611e+17	1.96e-06	1.92e-02	9.81e-01	1.22e-06	0.00e+00	0.00e+00	0.00e+00	0.00e+00	0.00e+00	1.75e-06	1.08e-07	9.81e-08
 7.27515e+17	2.39e-06	2.10e-02	9.79e-01	1.08e-06	0.00e+00	0.00e+00	0.00e+00	0.00e+00	0.00e+00	2.14e-06	1.31e-07	1.19e-07
 7.58616e+17	2.93e-06	2.30e-02	9.77e-01	9.61e-07	0.00e+00	0.00e+00	0.00e+00	0.00e+00	0.00e+00	2.63e-06	1.60e-07	1.46e-07
 7.90961e+17	3.62e-06	2.53e-02	9.75e-01	8.50e-07	0.00e+00	0.00e+00	0.00e+00	0.00e+00	0.00e+00	3.25e-06	1.96e-07	1.79e-07
 8.24599e+17	4.49e-06	2.79e-02	9.72e-01	7.49e-07	0.00e+00	0.00e+00	0.00e+00	0.00e+00	0.00e+00	4.03e-06	2.42e-07	2.21e-07
 8.59583e+17	5.61e-06	3.07e-02	9.69e-01	6.59e-07	0.00e+00	0.00e+00	0.00e+00	0.00e+00	0.00e+00	5.03e-06	3.01e-07	2.75e-07
 8.94838e+17	7.00e-06	3.38e-02	9.66e-01	5.81e-07	0.00e+00	0.00e+00	0.00e+00	0.00e+00	0.00e+00	6.29e-06	3.74e-07	3.42e-07
 9.29471e+17	8.70e-06	3.72e-02	9.63e-01	5.15e-07	0.00e+00	0.00e+00	0.00e+00	0.00e+00	0.00e+00	7.82e-06	4.63e-07	4.25e-07
 9.66619e+17	1.10e-05	4.11e-02	9.59e-01	4.53e-07	0.00e+00	0.00e+00	0.00e+00	0.00e+00	0.00e+00	9.90e-06	5.85e-07	5.36e-07
 1.00567e+18	1.41e-05	4.57e-02	9.54e-01	3.98e-07	0.00e+00	0.00e+00	0.00e+00	0.00e+00	0.00e+00	1.27e-05	7.48e-07	6.86e-07
 1.04234e+18	1.79e-05	5.04e-02	9.50e-01	3.53e-07	0.00e+00	0.00e+00	0.00e+00	0.00e+00	0.00e+00	1.61e-05	9.47e-07	8.70e-07
 1.07489e+18	2.23e-05	5.51e-02	9.45e-01	3.19e-07	0.00e+00	0.00e+00	0.00e+00	0.00e+00	0.00e+00	2.00e-05	1.17e-06	1.08e-06
 1.10432e+18	2.73e-05	5.98e-02	9.40e-01	2.90e-07	0.00e+00	0.00e+00	0.00e+00	0.00e+00	0.00e+00	2.45e-05	1.44e-06	1.32e-06
 1.13748e+18	3.46e-05	6.58e-02	9.34e-01	2.60e-07	0.00e+00	0.00e+00	0.00e+00	0.00e+00	0.00e+00	3.11e-05	1.82e-06	1.67e-06
 1.16942e+18	4.37e-05	7.22e-02	9.28e-01	2.36e-07	0.00e+00	0.00e+00	0.00e+00	0.00e+00	0.00e+00	3.93e-05	2.30e-06	2.12e-06
 1.19194e+18	5.21e-05	7.73e-02	9.23e-01	2.19e-07	0.00e+00	0.00e+00	0.00e+00	0.00e+00	0.00e+00	4.68e-05	2.74e-06	2.52e-06
 1.21041e+18	6.06e-05	8.20e-02	9.18e-01	2.07e-07	0.00e+00	0.00e+00	0.00e+00	0.00e+00	0.00e+00	5.44e-05	3.19e-06	2.93e-06
 1.23140e+18	7.24e-05	8.78e-02	9.12e-01	1.93e-07	0.00e+00	0.00e+00	0.00e+00	0.00e+00	0.00e+00	6.51e-05	3.82e-06	3.51e-06
 1.25439e+18	8.88e-05	9.49e-02	9.05e-01	1.78e-07	0.00e+00	0.00e+00	0.00e+00	0.00e+00	0.00e+00	7.98e-05	4.69e-06	4.30e-06
 1.27449e+18	1.07e-04	1.02e-01	8.98e-01	1.67e-07	0.00e+00	0.00e+00	0.00e+00	0.00e+00	0.00e+00	9.64e-05	5.67e-06	5.20e-06
 1.29129e+18	1.27e-04	1.09e-01	8.91e-01	1.57e-07	0.00e+00	0.00e+00	0.00e+00	0.00e+00	0.00e+00	1.14e-04	6.71e-06	6.15e-06
 1.30929e+18	1.53e-04	1.17e-01	8.83e-01	1.46e-07	0.00e+00	0.00e+00	0.00e+00	0.00e+00	0.00e+00	1.38e-04	8.14e-06	7.45e-06
 1.32818e+18	1.90e-04	1.27e-01	8.73e-01	1.35e-07	0.00e+00	0.00e+00	0.00e+00	0.00e+00	0.00e+00	1.70e-04	1.01e-05	9.23e-06
 1.34353e+18	2.28e-04	1.36e-01	8.64e-01	0.00e+00	0.00e+00	0.00e+00	0.00e+00	0.00e+00	0.00e+00	2.05e-04	1.22e-05	1.11e-05
 1.35608e+18	2.69e-04	1.45e-01	8.55e-01	0.00e+00	0.00e+00	0.00e+00	0.00e+00	0.00e+00	0.00e+00	2.41e-04	1.44e-05	1.31e-05
 1.36970e+18	3.24e-04	1.56e-01	8.44e-01	0.00e+00	0.00e+00	0.00e+00	0.00e+00	0.00e+00	0.00e+00	2.91e-04	1.73e-05	1.58e-05
 1.38426e+18	4.01e-04	1.69e-01	8.30e-01	0.00e+00	0.00e+00	0.00e+00	0.00e+00	0.00e+00	0.00e+00	3.60e-04	2.15e-05	1.96e-05
 1.39637e+18	4.85e-04	1.83e-01	8.17e-01	0.00e+00	0.00e+00	0.00e+00	0.00e+00	0.00e+00	0.00e+00	4.36e-04	2.61e-05	2.37e-05
 1.40624e+18	5.75e-04	1.95e-01	8.04e-01	0.00e+00	0.00e+00	0.00e+00	0.00e+00	0.00e+00	0.00e+00	5.15e-04	3.10e-05	2.81e-05
 1.41688e+18	6.98e-04	2.11e-01	7.89e-01	0.00e+00	0.00e+00	0.00e+00	0.00e+00	0.00e+00	0.00e+00	6.26e-04	3.77e-05	3.42e-05
 1.42815e+18	8.69e-04	2.30e-01	7.69e-01	0.00e+00	0.00e+00	0.00e+00	0.00e+00	0.00e+00	0.00e+00	7.80e-04	4.70e-05	4.26e-05
 1.43749e+18	1.06e-03	2.49e-01	7.50e-01	0.00e+00	0.00e+00	0.00e+00	0.00e+00	0.00e+00	0.00e+00	9.48e-04	5.74e-05	5.19e-05
 1.44521e+18	1.26e-03	2.67e-01	7.31e-01	0.00e+00	0.00e+00	0.00e+00	0.00e+00	0.00e+00	0.00e+00	1.13e-03	6.86e-05	6.20e-05
 1.45357e+18	1.55e-03	2.90e-01	7.08e-01	0.00e+00	0.00e+00	0.00e+00	0.00e+00	0.00e+00	0.00e+00	1.39e-03	8.41e-05	7.60e-05
 1.46243e+18	1.95e-03	3.18e-01	6.80e-01	0.00e+00	0.00e+00	0.00e+00	0.00e+00	0.00e+00	0.00e+00	1.74e-03	1.06e-04	9.58e-05
 1.46972e+18	2.39e-03	3.46e-01	6.52e-01	0.00e+00	0.00e+00	0.00e+00	0.00e+00	0.00e+00	0.00e+00	2.14e-03	1.31e-04	1.18e-04
 1.47564e+18	2.86e-03	3.71e-01	6.26e-01	0.00e+00	0.00e+00	0.00e+00	0.00e+00	0.00e+00	0.00e+00	2.57e-03	1.57e-04	1.41e-04
 1.48201e+18	3.52e-03	4.03e-01	5.94e-01	0.00e+00	0.00e+00	0.00e+00	0.00e+00	0.00e+00	0.00e+00	3.16e-03	1.93e-04	1.73e-04
 1.48873e+18	4.44e-03	4.40e-01	5.55e-01	0.00e+00	0.00e+00	0.00e+00	0.00e+00	0.00e+00	0.00e+00	3.98e-03	2.44e-04	2.19e-04
 1.49425e+18	5.46e-03	4.76e-01	5.19e-01	0.00e+00	0.00e+00	0.00e+00	0.00e+00	0.00e+00	0.00e+00	4.89e-03	3.01e-04	2.69e-04
 1.49874e+18	6.54e-03	5.08e-01	4.86e-01	0.00e+00	0.00e+00	0.00e+00	0.00e+00	0.00e+00	0.00e+00	5.86e-03	3.60e-04	3.22e-04
 1.50353e+18	8.04e-03	5.46e-01	4.46e-01	0.00e+00	0.00e+00	0.00e+00	0.00e+00	0.00e+00	0.00e+00	7.20e-03	4.42e-04	3.95e-04
 1.50860e+18	1.01e-02	5.89e-01	4.01e-01	0.00e+00	0.00e+00	0.00e+00	0.00e+00	0.00e+00	0.00e+00	9.06e-03	5.54e-04	4.96e-04
 1.51280e+18	1.24e-02	6.28e-01	3.59e-01	0.00e+00	0.00e+00	0.00e+00	0.00e+00	0.00e+00	0.00e+00	1.11e-02	6.81e-04	6.09e-04
 1.51623e+18	1.49e-02	6.62e-01	3.23e-01	0.00e+00	0.00e+00	0.00e+00	0.00e+00	0.00e+00	0.00e+00	1.34e-02	8.15e-04	7.28e-04
 1.51989e+18	1.84e-02	6.99e-01	2.82e-01	0.00e+00	0.00e+00	0.00e+00	0.00e+00	0.00e+00	0.00e+00	1.65e-02	1.00e-03	8.95e-04
 1.52375e+18	2.32e-02	7.39e-01	2.38e-01	0.00e+00	0.00e+00	0.00e+00	0.00e+00	0.00e+00	0.00e+00	2.08e-02	1.26e-03	1.13e-03
 1.52689e+18	2.86e-02	7.71e-01	2.01e-01	0.00e+00	0.00e+00	0.00e+00	0.00e+00	0.00e+00	0.00e+00	2.57e-02	1.55e-03	1.39e-03
 1.52942e+18	3.43e-02	7.95e-01	1.71e-01	0.00e+00	0.00e+00	0.00e+00	0.00e+00	0.00e+00	0.00e+00	3.08e-02	1.85e-03	1.66e-03
 1.53174e+18	4.12e-02	8.15e-01	1.43e-01	0.00e+00	0.00e+00	0.00e+00	0.00e+00	0.00e+00	0.00e+00	3.70e-02	2.21e-03	1.98e-03
 1.53401e+18	4.98e-02	8.33e-01	1.18e-01	0.00e+00	0.00e+00	0.00e+00	0.00e+00	0.00e+00	0.00e+00	4.48e-02	2.67e-03	2.39e-03
 1.53594e+18	5.95e-02	8.44e-01	9.67e-02	0.00e+00	0.00e+00	0.00e+00	0.00e+00	0.00e+00	0.00e+00	5.35e-02	3.16e-03	2.84e-03
 1.53742e+18	6.91e-02	8.50e-01	8.12e-02	0.00e+00	0.00e+00	0.00e+00	0.00e+00	0.00e+00	0.00e+00	6.22e-02	3.65e-03	3.28e-03
 1.53869e+18	7.94e-02	8.52e-01	6.85e-02	0.00e+00	0.00e+00	0.00e+00	0.00e+00	0.00e+00	0.00e+00	7.15e-02	4.17e-03	3.76e-03
 1.53989e+18	9.13e-02	8.51e-01	5.73e-02	0.00e+00	0.00e+00	0.00e+00	0.00e+00	0.00e+00	0.00e+00	8.23e-02	4.76e-03	4.30e-03
 1.54104e+18	1.05e-01	8.47e-01	4.74e-02	0.00e+00	0.00e+00	0.00e+00	0.00e+00	0.00e+00	0.00e+00	9.48e-02	5.43e-03	4.91e-03
 1.54212e+18	1.21e-01	8.40e-01	3.89e-02	0.00e+00	0.00e+00	0.00e+00	0.00e+00	0.00e+00	0.00e+00	1.09e-01	6.20e-03	5.61e-03
 1.54308e+18	1.39e-01	8.29e-01	3.18e-02	0.00e+00	0.00e+00	0.00e+00	0.00e+00	0.00e+00	0.00e+00	1.26e-01	7.02e-03	6.38e-03
 1.54394e+18	1.58e-01	8.16e-01	2.61e-02	0.00e+00	0.00e+00	0.00e+00	0.00e+00	0.00e+00	0.00e+00	1.43e-01	7.88e-03	7.18e-03
 1.54473e+18	1.79e-01	7.99e-01	2.14e-02	0.00e+00	0.00e+00	0.00e+00	0.00e+00	0.00e+00	0.00e+00	1.62e-01	8.80e-03	8.04e-03
 1.54546e+18	2.02e-01	7.80e-01	1.75e-02	0.00e+00	0.00e+00	0.00e+00	0.00e+00	0.00e+00	0.00e+00	1.84e-01	9.77e-03	8.96e-03
 1.54615e+18	2.28e-01	7.58e-01	1.42e-02	0.00e+00	0.00e+00	0.00e+00	0.00e+00	0.00e+00	0.00e+00	2.07e-01	1.08e-02	9.93e-03
 1.54679e+18	2.55e-01	7.34e-01	1.15e-02	0.00e+00	0.00e+00	0.00e+00	0.00e+00	0.00e+00	0.00e+00	2.32e-01	1.18e-02	1.09e-02
 1.54739e+18	2.84e-01	7.07e-01	9.36e-03	0.00e+00	0.00e+00	0.00e+00	0.00e+00	0.00e+00	0.00e+00	2.59e-01	1.29e-02	1.19e-02
 1.54795e+18	3.14e-01	6.78e-01	7.57e-03	0.00e+00	0.00e+00	0.00e+00	0.00e+00	0.00e+00	0.00e+00	2.87e-01	1.39e-02	1.29e-02
 1.54849e+18	3.45e-01	6.49e-01	6.13e-03	0.00e+00	0.00e+00	0.00e+00	0.00e+00	0.00e+00	0.00e+00	3.16e-01	1.48e-02	1.39e-02
 1.54900e+18	3.78e-01	6.17e-01	4.93e-03	0.00e+00	0.00e+00	0.00e+00	0.00e+00	0.00e+00	0.00e+00	3.48e-01	1.57e-02	1.49e-02
 1.54950e+18	4.12e-01	5.84e-01	3.97e-03	0.00e+00	0.00e+00	0.00e+00	0.00e+00	0.00e+00	0.00e+00	3.79e-01	1.66e-02	1.57e-02
 1.54995e+18	4.44e-01	5.53e-01	3.22e-03	0.00e+00	0.00e+00	0.00e+00	0.00e+00	0.00e+00	0.00e+00	4.10e-01	1.72e-02	1.64e-02
 1.55035e+18	4.73e-01	5.25e-01	2.67e-03	0.00e+00	0.00e+00	0.00e+00	0.00e+00	0.00e+00	0.00e+00	4.38e-01	1.77e-02	1.70e-02
 1.55071e+18	4.99e-01	4.98e-01	2.24e-03	0.00e+00	0.00e+00	0.00e+00	0.00e+00	0.00e+00	0.00e+00	4.64e-01	1.81e-02	1.75e-02
 1.55105e+18	5.23e-01	4.75e-01	1.90e-03	0.00e+00	0.00e+00	0.00e+00	0.00e+00	0.00e+00	0.00e+00	4.87e-01	1.84e-02	1.78e-02
 1.55137e+18	5.47e-01	4.52e-01	1.62e-03	0.00e+00	0.00e+00	0.00e+00	0.00e+00	0.00e+00	0.00e+00	5.10e-01	1.86e-02	1.81e-02
 1.55168e+18	5.68e-01	4.30e-01	1.38e-03	0.00e+00	0.00e+00	0.00e+00	0.00e+00	0.00e+00	0.00e+00	5.31e-01	1.87e-02	1.83e-02
 1.55198e+18	5.90e-01	4.09e-01	1.18e-03	0.00e+00	0.00e+00	0.00e+00	0.00e+00	0.00e+00	0.00e+00	5.53e-01	1.88e-02	1.85e-02
 1.55222e+18	6.05e-01	3.94e-01	1.05e-03	0.00e+00	0.00e+00	0.00e+00	0.00e+00	0.00e+00	0.00e+00	5.68e-01	1.88e-02	1.85e-02
 1.55238e+18	6.15e-01	3.84e-01	9.70e-04	0.00e+00	0.00e+00	0.00e+00	0.00e+00	0.00e+00	0.00e+00	5.78e-01	1.88e-02	1.86e-02
 1.55254e+18	6.26e-01	3.73e-01	8.92e-04	0.00e+00	0.00e+00	0.00e+00	0.00e+00	0.00e+00	0.00e+00	5.88e-01	1.88e-02	1.86e-02
 1.55272e+18	6.38e-01	3.61e-01	8.09e-04	0.00e+00	0.00e+00	0.00e+00	0.00e+00	0.00e+00	0.00e+00	6.01e-01	1.88e-02	1.86e-02
 1.55292e+18	6.50e-01	3.49e-01	7.30e-04	0.00e+00	0.00e+00	0.00e+00	0.00e+00	0.00e+00	0.00e+00	6.13e-01	1.87e-02	1.86e-02
 1.55311e+18	6.62e-01	3.38e-01	6.59e-04	0.00e+00	0.00e+00	0.00e+00	0.00e+00	0.00e+00	0.00e+00	6.25e-01	1.86e-02	1.86e-02
 1.55330e+18	6.73e-01	3.26e-01	5.96e-04	0.00e+00	0.00e+00	0.00e+00	0.00e+00	0.00e+00	0.00e+00	6.36e-01	1.86e-02	1.85e-02
 1.55349e+18	6.84e-01	3.15e-01	5.39e-04	0.00e+00	0.00e+00	0.00e+00	0.00e+00	0.00e+00	0.00e+00	6.47e-01	1.85e-02	1.85e-02
 1.55369e+18	6.95e-01	3.05e-01	4.86e-04	0.00e+00	0.00e+00	0.00e+00	0.00e+00	0.00e+00	0.00e+00	6.58e-01	1.83e-02	1.84e-02
 1.55389e+18	7.06e-01	2.94e-01	4.37e-04	0.00e+00	0.00e+00	0.00e+00	0.00e+00	0.00e+00	0.00e+00	6.69e-01	1.82e-02	1.83e-02
 1.55408e+18	7.16e-01	2.83e-01	3.93e-04	0.00e+00	0.00e+00	0.00e+00	0.00e+00	0.00e+00	0.00e+00	6.80e-01	1.81e-02	1.82e-02
 1.55428e+18	7.27e-01	2.73e-01	3.53e-04	0.00e+00	0.00e+00	0.00e+00	0.00e+00	0.00e+00	0.00e+00	6.91e-01	1.79e-02	1.80e-02
 1.55449e+18	7.36e-01	2.63e-01	3.16e-04	0.00e+00	0.00e+00	0.00e+00	0.00e+00	0.00e+00	0.00e+00	7.01e-01	1.77e-02	1.79e-02
 1.55469e+18	7.47e-01	2.53e-01	2.83e-04	0.00e+00	0.00e+00	0.00e+00	0.00e+00	0.00e+00	0.00e+00	7.11e-01	1.75e-02	1.78e-02
 1.55490e+18	7.56e-01	2.44e-01	2.53e-04	0.00e+00	0.00e+00	0.00e+00	0.00e+00	0.00e+00	0.00e+00	7.21e-01	1.74e-02	1.76e-02
 1.55511e+18	7.65e-01	2.35e-01	2.26e-04	0.00e+00	0.00e+00	0.00e+00	0.00e+00	0.00e+00	0.00e+00	7.31e-01	1.72e-02	1.74e-02
 1.55532e+18	7.74e-01	2.25e-01	2.01e-04	0.00e+00	0.00e+00	0.00e+00	0.00e+00	0.00e+00	0.00e+00	7.40e-01	1.69e-02	1.73e-02
 1.55553e+18	7.83e-01	2.17e-01	1.79e-04	0.00e+00	0.00e+00	0.00e+00	0.00e+00	0.00e+00	0.00e+00	7.49e-01	1.67e-02	1.71e-02
 1.55574e+18	7.92e-01	2.08e-01	1.60e-04	0.00e+00	0.00e+00	0.00e+00	0.00e+00	0.00e+00	0.00e+00	7.58e-01	1.65e-02	1.69e-02
 1.55595e+18	8.00e-01	2.00e-01	1.42e-04	0.00e+00	0.00e+00	0.00e+00	0.00e+00	0.00e+00	0.00e+00	7.67e-01	1.63e-02	1.67e-02
 1.55617e+18	8.08e-01	1.92e-01	1.26e-04	0.00e+00	0.00e+00	0.00e+00	0.00e+00	0.00e+00	0.00e+00	7.75e-01	1.61e-02	1.65e-02
 1.55639e+18	8.16e-01	1.84e-01	1.11e-04	0.00e+00	0.00e+00	0.00e+00	0.00e+00	0.00e+00	0.00e+00	7.84e-01	1.58e-02	1.63e-02
 1.55660e+18	8.24e-01	1.76e-01	9.85e-05	0.00e+00	0.00e+00	0.00e+00	0.00e+00	0.00e+00	0.00e+00	7.92e-01	1.56e-02	1.60e-02
 1.55682e+18	8.31e-01	1.69e-01	8.71e-05	0.00e+00	0.00e+00	0.00e+00	0.00e+00	0.00e+00	0.00e+00	8.00e-01	1.54e-02	1.58e-02
 1.55704e+18	8.38e-01	1.62e-01	7.71e-05	0.00e+00	0.00e+00	0.00e+00	0.00e+00	0.00e+00	0.00e+00	8.07e-01	1.51e-02	1.56e-02
 1.55726e+18	8.45e-01	1.55e-01	6.79e-05	0.00e+00	0.00e+00	0.00e+00	0.00e+00	0.00e+00	0.00e+00	8.15e-01	1.49e-02	1.54e-02
 1.55748e+18	8.51e-01	1.49e-01	5.99e-05	0.00e+00	0.00e+00	0.00e+00	0.00e+00	0.00e+00	0.00e+00	8.22e-01	1.47e-02	1.51e-02
 1.55770e+18	8.58e-01	1.42e-01	5.29e-05	0.00e+00	0.00e+00	0.00e+00	0.00e+00	0.00e+00	0.00e+00	8.28e-01	1.44e-02	1.49e-02
 1.55792e+18	8.64e-01	1.36e-01	4.66e-05	0.00e+00	0.00e+00	0.00e+00	0.00e+00	0.00e+00	0.00e+00	8.35e-01	1.42e-02	1.47e-02
 1.55814e+18	8.70e-01	1.30e-01	4.10e-05	0.00e+00	0.00e+00	0.00e+00	0.00e+00	0.00e+00	0.00e+00	8.41e-01	1.40e-02	1.45e-02
 1.55836e+18	8.75e-01	1.24e-01	3.61e-05	0.00e+00	0.00e+00	0.00e+00	0.00e+00	0.00e+00	0.00e+00	8.48e-01	1.37e-02	1.42e-02
 1.55858e+18	8.81e-01	1.19e-01	3.18e-05	0.00e+00	0.00e+00	0.00e+00	0.00e+00	0.00e+00	0.00e+00	8.53e-01	1.35e-02	1.40e-02
 1.55880e+18	8.86e-01	1.14e-01	2.80e-05	0.00e+00	0.00e+00	0.00e+00	0.00e+00	0.00e+00	0.00e+00	8.59e-01	1.33e-02	1.38e-02
 1.55902e+18	8.91e-01	1.09e-01	2.47e-05	0.00e+00	0.00e+00	0.00e+00	0.00e+00	0.00e+00	0.00e+00	8.64e-01	1.31e-02	1.36e-02
 1.55923e+18	8.96e-01	1.04e-01	2.17e-05	0.00e+00	0.00e+00	0.00e+00	0.00e+00	0.00e+00	0.00e+00	8.70e-01	1.29e-02	1.34e-02
 1.55944e+18	9.00e-01	9.98e-02	1.92e-05	0.00e+00	0.00e+00	0.00e+00	0.00e+00	0.00e+00	0.00e+00	8.74e-01	1.27e-02	1.32e-02
 1.55965e+18	9.04e-01	9.55e-02	1.70e-05	0.00e+00	0.00e+00	0.00e+00	0.00e+00	0.00e+00	0.00e+00	8.79e-01	1.25e-02	1.30e-02
 1.55986e+18	9.09e-01	9.14e-02	1.50e-05	0.00e+00	0.00e+00	0.00e+00	0.00e+00	0.00e+00	0.00e+00	8.83e-01	1.23e-02	1.28e-02
 1.56007e+18	9.12e-01	8.75e-02	1.33e-05	0.00e+00	0.00e+00	0.00e+00	0.00e+00	0.00e+00	0.00e+00	8.88e-01	1.21e-02	1.26e-02
 1.56028e+18	9.16e-01	8.37e-02	1.17e-05	0.00e+00	0.00e+00	0.00e+00	0.00e+00	0.00e+00	0.00e+00	8.92e-01	1.19e-02	1.24e-02
 1.56048e+18	9.20e-01	8.02e-02	1.04e-05	0.00e+00	0.00e+00	0.00e+00	0.00e+00	0.00e+00	0.00e+00	8.96e-01	1.18e-02	1.23e-02
 1.56069e+18	9.23e-01	7.68e-02	9.20e-06	0.00e+00	0.00e+00	0.00e+00	0.00e+00	0.00e+00	0.00e+00	8.99e-01	1.16e-02	1.21e-02
 1.56089e+18	9.26e-01	7.35e-02	8.15e-06	0.00e+00	0.00e+00	0.00e+00	0.00e+00	0.00e+00	0.00e+00	9.03e-01	1.14e-02	1.19e-02
 1.56109e+18	9.30e-01	7.04e-02	7.24e-06	0.00e+00	0.00e+00	0.00e+00	0.00e+00	0.00e+00	0.00e+00	9.07e-01	1.13e-02	1.18e-02
 1.56129e+18	9.33e-01	6.74e-02	6.43e-06	0.00e+00	0.00e+00	0.00e+00	0.00e+00	0.00e+00	0.00e+00	9.10e-01	1.11e-02	1.16e-02
 1.56148e+18	9.35e-01	6.46e-02	5.72e-06	0.00e+00	0.00e+00	0.00e+00	0.00e+00	0.00e+00	0.00e+00	9.13e-01	1.10e-02	1.14e-02
 1.56168e+18	9.38e-01	6.18e-02	5.08e-06	0.00e+00	0.00e+00	0.00e+00	0.00e+00	0.00e+00	0.00e+00	9.16e-01	1.08e-02	1.13e-02
 1.56188e+18	9.41e-01	5.92e-02	4.52e-06	0.00e+00	0.00e+00	0.00e+00	0.00e+00	0.00e+00	0.00e+00	9.19e-01	1.07e-02	1.11e-02
 1.56207e+18	9.43e-01	5.67e-02	4.02e-06	0.00e+00	0.00e+00	0.00e+00	0.00e+00	0.00e+00	0.00e+00	9.22e-01	1.05e-02	1.09e-02
 1.56226e+18	9.46e-01	5.43e-02	3.58e-06	0.00e+00	0.00e+00	0.00e+00	0.00e+00	0.00e+00	0.00e+00	9.24e-01	1.04e-02	1.08e-02
 1.56245e+18	9.48e-01	5.20e-02	3.19e-06	0.00e+00	0.00e+00	0.00e+00	0.00e+00	0.00e+00	0.00e+00	9.27e-01	1.03e-02	1.06e-02
 1.56264e+18	9.50e-01	4.98e-02	2.85e-06	0.00e+00	0.00e+00	0.00e+00	0.00e+00	0.00e+00	0.00e+00	9.30e-01	1.01e-02	1.05e-02
 1.56283e+18	9.52e-01	4.76e-02	2.54e-06	0.00e+00	0.00e+00	0.00e+00	0.00e+00	0.00e+00	0.00e+00	9.32e-01	1.00e-02	1.03e-02
 1.56302e+18	9.54e-01	4.56e-02	2.27e-06	0.00e+00	0.00e+00	0.00e+00	0.00e+00	0.00e+00	0.00e+00	9.34e-01	9.90e-03	1.02e-02
 1.56321e+18	9.56e-01	4.36e-02	2.03e-06	0.00e+00	0.00e+00	0.00e+00	0.00e+00	0.00e+00	0.00e+00	9.37e-01	9.78e-03	1.00e-02
 1.56339e+18	9.58e-01	4.17e-02	1.82e-06	0.00e+00	0.00e+00	0.00e+00	0.00e+00	0.00e+00	0.00e+00	9.39e-01	9.67e-03	9.91e-03
 1.56357e+18	9.60e-01	4.00e-02	1.63e-06	0.00e+00	0.00e+00	0.00e+00	0.00e+00	0.00e+00	0.00e+00	9.41e-01	9.56e-03	9.78e-03
 1.56375e+18	9.62e-01	3.83e-02	1.47e-06	0.00e+00	0.00e+00	0.00e+00	0.00e+00	0.00e+00	0.00e+00	9.43e-01	9.45e-03	9.66e-03
 1.56393e+18	9.63e-01	3.66e-02	1.32e-06	0.00e+00	0.00e+00	0.00e+00	0.00e+00	0.00e+00	0.00e+00	9.45e-01	9.35e-03	9.53e-03
 1.56411e+18	9.65e-01	3.50e-02	1.18e-06	0.00e+00	0.00e+00	0.00e+00	0.00e+00	0.00e+00	0.00e+00	9.46e-01	9.25e-03	9.42e-03
 1.56429e+18	9.67e-01	3.34e-02	1.06e-06	0.00e+00	0.00e+00	0.00e+00	0.00e+00	0.00e+00	0.00e+00	9.48e-01	9.15e-03	9.30e-03
 1.56446e+18	9.68e-01	3.20e-02	9.59e-07	0.00e+00	0.00e+00	0.00e+00	0.00e+00	0.00e+00	0.00e+00	9.50e-01	9.06e-03	9.19e-03
 1.56463e+18	9.69e-01	3.06e-02	8.65e-07	0.00e+00	0.00e+00	0.00e+00	0.00e+00	0.00e+00	0.00e+00	9.51e-01	8.97e-03	9.09e-03
 1.56480e+18	9.71e-01	2.92e-02	7.82e-07	0.00e+00	0.00e+00	0.00e+00	0.00e+00	0.00e+00	0.00e+00	9.53e-01	8.88e-03	8.98e-03
 1.56497e+18	9.72e-01	2.79e-02	7.07e-07	0.00e+00	0.00e+00	0.00e+00	0.00e+00	0.00e+00	0.00e+00	9.54e-01	8.80e-03	8.88e-03
 1.56513e+18	9.73e-01	2.66e-02	6.41e-07	0.00e+00	0.00e+00	0.00e+00	0.00e+00	0.00e+00	0.00e+00	9.56e-01	8.71e-03	8.78e-03
 1.56529e+18	9.75e-01	2.54e-02	5.81e-07	0.00e+00	0.00e+00	0.00e+00	0.00e+00	0.00e+00	0.00e+00	9.57e-01	8.63e-03	8.68e-03
 1.56545e+18	9.76e-01	2.42e-02	5.28e-07	0.00e+00	0.00e+00	0.00e+00	0.00e+00	0.00e+00	0.00e+00	9.59e-01	8.55e-03	8.58e-03
 1.56560e+18	9.77e-01	2.31e-02	4.84e-07	0.00e+00	0.00e+00	0.00e+00	0.00e+00	0.00e+00	0.00e+00	9.60e-01	8.46e-03	8.49e-03
 1.56573e+18	9.78e-01	2.22e-02	4.47e-07	0.00e+00	0.00e+00	0.00e+00	0.00e+00	0.00e+00	0.00e+00	9.61e-01	8.39e-03	8.41e-03
 1.56585e+18	9.79e-01	2.13e-02	4.17e-07	0.00e+00	0.00e+00	0.00e+00	0.00e+00	0.00e+00	0.00e+00	9.62e-01	8.32e-03	8.33e-03
 1.56595e+18	9.79e-01	2.05e-02	3.91e-07	0.00e+00	0.00e+00	0.00e+00	0.00e+00	0.00e+00	0.00e+00	9.63e-01	8.26e-03	8.26e-03
 1.56605e+18	9.80e-01	1.98e-02	3.68e-07	0.00e+00	0.00e+00	0.00e+00	0.00e+00	0.00e+00	0.00e+00	9.64e-01	8.20e-03	8.19e-03
 1.56614e+18	9.81e-01	1.91e-02	3.48e-07	0.00e+00	0.00e+00	0.00e+00	0.00e+00	0.00e+00	0.00e+00	9.65e-01	8.15e-03	8.12e-03
 1.56622e+18	9.82e-01	1.84e-02	3.29e-07	0.00e+00	0.00e+00	0.00e+00	0.00e+00	0.00e+00	0.00e+00	9.65e-01	8.09e-03	8.06e-03
