#depth	He	He+	He+2
 3.94253e+14	2.39e-08	1.36e-02	9.86e-01
 1.80434e+15	2.86e-08	1.48e-02	9.85e-01
 3.38795e+15	3.28e-08	1.58e-02	9.84e-01
 5.03170e+15	3.74e-08	1.69e-02	9.83e-01
 7.22989e+15	4.43e-08	1.83e-02	9.82e-01
 9.51923e+15	5.24e-08	1.98e-02	9.80e-01
 1.19001e+16	6.19e-08	2.14e-02	9.79e-01
 1.43763e+16	7.32e-08	2.32e-02	9.77e-01
 1.69515e+16	8.66e-08	2.51e-02	9.75e-01
 1.96297e+16	1.02e-07	2.72e-02	9.73e-01
 2.24150e+16	1.21e-07	2.95e-02	9.70e-01
 2.53117e+16	1.44e-07	3.20e-02	9.68e-01
 2.83243e+16	1.70e-07	3.47e-02	9.65e-01
 3.14574e+16	2.02e-07	3.77e-02	9.62e-01
 3.47159e+16	2.39e-07	4.10e-02	9.59e-01
 3.81047e+16	2.84e-07	4.46e-02	9.55e-01
 4.16290e+16	3.38e-07	4.85e-02	9.51e-01
 4.52943e+16	4.03e-07	5.29e-02	9.47e-01
 4.91062e+16	4.81e-07	5.78e-02	9.42e-01
 5.30706e+16	5.75e-07	6.33e-02	9.37e-01
 5.71935e+16	6.89e-07	6.95e-02	9.30e-01
 6.14814e+16	8.28e-07	7.65e-02	9.23e-01
 6.59408e+16	9.98e-07	8.45e-02	9.15e-01
 7.05786e+16	1.21e-06	9.38e-02	9.06e-01
 7.54019e+16	1.47e-06	1.05e-01	8.95e-01
 8.04181e+16	1.80e-06	1.18e-01	8.82e-01
 8.56349e+16	2.21e-06	1.33e-01	8.67e-01
 9.10605e+16	2.74e-06	1.52e-01	8.48e-01
 9.67030e+16	3.43e-06	1.76e-01	8.24e-01
 1.02204e+17	4.28e-06	2.04e-01	7.96e-01
 1.07282e+17	5.29e-06	2.37e-01	7.63e-01
 1.12057e+17	6.47e-06	2.74e-01	7.26e-01
 1.16544e+17	7.86e-06	3.17e-01	6.83e-01
 1.20863e+17	9.53e-06	3.67e-01	6.33e-01
 1.25064e+17	1.15e-05	4.25e-01	5.75e-01
 1.29040e+17	1.38e-05	4.90e-01	5.10e-01
 1.32878e+17	1.63e-05	5.60e-01	4.40e-01
 1.37271e+17	1.97e-05	6.46e-01	3.54e-01
 1.42176e+17	2.36e-05	7.42e-01	2.58e-01
 1.47747e+17	2.81e-05	8.36e-01	1.64e-01
 1.54913e+17	3.31e-05	9.19e-01	8.14e-02
 1.63110e+17	3.78e-05	9.67e-01	3.32e-02
 1.71634e+17	4.19e-05	9.87e-01	1.30e-02
 1.80500e+17	4.60e-05	9.95e-01	5.13e-03
 1.89720e+17	5.03e-05	9.98e-01	2.09e-03
 1.99309e+17	5.48e-05	9.99e-01	8.82e-04
 2.09282e+17	5.98e-05	1.00e+00	3.86e-04
 2.19653e+17	6.53e-05	1.00e+00	1.75e-04
 2.30439e+17	7.12e-05	1.00e+00	8.13e-05
 2.41657e+17	7.77e-05	1.00e+00	3.89e-05
 2.53323e+17	8.47e-05	1.00e+00	1.90e-05
 2.65456e+17	9.24e-05	1.00e+00	9.44e-06
 2.78075e+17	1.01e-04	1.00e+00	4.77e-06
 2.91198e+17	1.10e-04	1.00e+00	2.44e-06
 3.04846e+17	1.20e-04	1.00e+00	1.27e-06
 3.19040e+17	1.31e-04	1.00e+00	6.65e-07
 3.33802e+17	1.42e-04	1.00e+00	3.52e-07
 3.49154e+17	1.55e-04	1.00e+00	1.88e-07
 3.65120e+17	1.69e-04	1.00e+00	1.01e-07
 3.81725e+17	1.84e-04	1.00e+00	5.49e-08
 3.98994e+17	2.00e-04	1.00e+00	2.99e-08
 4.16954e+17	2.18e-04	1.00e+00	1.65e-08
 4.35632e+17	2.37e-04	1.00e+00	9.12e-09
 4.55058e+17	2.58e-04	1.00e+00	5.12e-09
 4.75260e+17	2.81e-04	1.00e+00	2.92e-09
 4.96271e+17	3.05e-04	1.00e+00	1.72e-09
 5.18122e+17	3.32e-04	1.00e+00	1.05e-09
 5.40847e+17	3.61e-04	1.00e+00	6.82e-10
 5.64481e+17	3.93e-04	1.00e+00	4.77e-10
 5.89060e+17	4.28e-04	1.00e+00	3.63e-10
 6.14623e+17	4.66e-04	1.00e+00	3.00e-10
 6.41208e+17	5.08e-04	9.99e-01	2.64e-10
 6.68856e+17	5.54e-04	9.99e-01	2.44e-10
 6.97611e+17	6.05e-04	9.99e-01	2.33e-10
 7.27515e+17	6.60e-04	9.99e-01	2.26e-10
 7.58616e+17	7.22e-04	9.99e-01	2.23e-10
 7.90961e+17	7.91e-04	9.99e-01	2.20e-10
 8.24599e+17	8.68e-04	9.99e-01	2.19e-10
 8.59583e+17	9.54e-04	9.99e-01	2.18e-10
 8.94838e+17	1.05e-03	9.99e-01	2.18e-10
 9.29471e+17	1.15e-03	9.99e-01	2.17e-10
 9.66619e+17	1.27e-03	9.99e-01	2.17e-10
 1.00567e+18	1.41e-03	9.99e-01	2.18e-10
 1.04234e+18	1.56e-03	9.98e-01	2.18e-10
 1.07489e+18	1.71e-03	9.98e-01	2.19e-10
 1.10432e+18	1.86e-03	9.98e-01	2.19e-10
 1.13748e+18	2.05e-03	9.98e-01	2.20e-10
 1.16942e+18	2.26e-03	9.98e-01	2.22e-10
 1.19194e+18	2.42e-03	9.98e-01	2.23e-10
 1.21041e+18	2.57e-03	9.97e-01	2.24e-10
 1.23140e+18	2.77e-03	9.97e-01	2.25e-10
 1.25439e+18	3.00e-03	9.97e-01	2.27e-10
 1.27449e+18	3.24e-03	9.97e-01	2.29e-10
 1.29129e+18	3.45e-03	9.97e-01	2.30e-10
 1.30929e+18	3.72e-03	9.96e-01	2.32e-10
 1.32818e+18	4.05e-03	9.96e-01	2.35e-10
 1.34353e+18	4.34e-03	9.96e-01	2.37e-10
 1.35608e+18	4.63e-03	9.95e-01	2.39e-10
 1.36970e+18	4.97e-03	9.95e-01	2.41e-10
 1.38426e+18	5.40e-03	9.95e-01	2.44e-10
 1.39637e+18	5.80e-03	9.94e-01	2.47e-10
 1.40624e+18	6.19e-03	9.94e-01	2.50e-10
 1.41688e+18	6.66e-03	9.93e-01	2.53e-10
 1.42815e+18	7.23e-03	9.93e-01	2.57e-10
 1.43749e+18	7.77e-03	9.92e-01	2.61e-10
 1.44521e+18	8.31e-03	9.92e-01	2.64e-10
 1.45357e+18	8.97e-03	9.91e-01	2.68e-10
 1.46243e+18	9.79e-03	9.90e-01	2.74e-10
 1.46972e+18	1.06e-02	9.89e-01	2.80e-10
 1.47564e+18	1.14e-02	9.89e-01	2.85e-10
 1.48201e+18	1.23e-02	9.88e-01	2.91e-10
 1.48873e+18	1.35e-02	9.86e-01	2.98e-10
 1.49425e+18	1.47e-02	9.85e-01	3.07e-10
 1.49874e+18	1.59e-02	9.84e-01	3.15e-10
 1.50353e+18	1.73e-02	9.83e-01	3.23e-10
 1.50860e+18	1.92e-02	9.81e-01	3.37e-10
 1.51280e+18	2.11e-02	9.79e-01	3.50e-10
 1.51623e+18	2.29e-02	9.77e-01	3.65e-10
 1.51989e+18	2.53e-02	9.75e-01	3.82e-10
 1.52375e+18	2.84e-02	9.72e-01	3.99e-10
 1.52689e+18	3.16e-02	9.68e-01	4.24e-10
 1.52942e+18	3.48e-02	9.65e-01	4.54e-10
 1.53174e+18	3.86e-02	9.61e-01	5.03e-10
 1.53401e+18	4.30e-02	9.57e-01	5.55e-10
 1.53594e+18	4.76e-02	9.52e-01	6.12e-10
 1.53742e+18	5.19e-02	9.48e-01	6.68e-10
 1.53869e+18	5.62e-02	9.44e-01	7.18e-10
 1.53989e+18	6.11e-02	9.39e-01	7.87e-10
 1.54104e+18	6.65e-02	9.34e-01	8.99e-10
 1.54212e+18	7.24e-02	9.28e-01	1.02e-09
 1.54308e+18	7.87e-02	9.21e-01	1.17e-09
 1.54394e+18	8.52e-02	9.15e-01	1.34e-09
 1.54473e+18	9.21e-02	9.08e-01	1.54e-09
 1.54546e+18	9.94e-02	9.01e-01	1.79e-09
 1.54615e+18	1.07e-01	8.93e-01	2.09e-09
 1.54679e+18	1.15e-01	8.85e-01	2.45e-09
 1.54739e+18	1.24e-01	8.76e-01	2.88e-09
 1.54795e+18	1.33e-01	8.67e-01	3.39e-09
 1.54849e+18	1.42e-01	8.58e-01	4.05e-09
 1.54900e+18	1.52e-01	8.48e-01	4.76e-09
 1.54950e+18	1.62e-01	8.38e-01	5.64e-09
 1.54995e+18	1.73e-01	8.27e-01	6.51e-09
 1.55035e+18	1.82e-01	8.18e-01	7.54e-09
 1.55071e+18	1.92e-01	8.08e-01	8.51e-09
 1.55105e+18	2.01e-01	7.99e-01	9.59e-09
 1.55137e+18	2.10e-01	7.90e-01	1.06e-08
 1.55168e+18	2.20e-01	7.80e-01	1.18e-08
 1.55198e+18	2.30e-01	7.70e-01	1.30e-08
 1.55222e+18	2.37e-01	7.63e-01	1.40e-08
 1.55238e+18	2.43e-01	7.57e-01	1.48e-08
 1.55254e+18	2.49e-01	7.51e-01	1.55e-08
 1.55272e+18	2.56e-01	7.44e-01	1.64e-08
 1.55292e+18	2.63e-01	7.37e-01	1.74e-08
 1.55311e+18	2.71e-01	7.29e-01	1.84e-08
 1.55330e+18	2.79e-01	7.21e-01	1.94e-08
 1.55349e+18	2.86e-01	7.14e-01	2.05e-08
 1.55369e+18	2.95e-01	7.05e-01	2.16e-08
 1.55389e+18	3.04e-01	6.96e-01	2.28e-08
 1.55408e+18	3.12e-01	6.88e-01	2.40e-08
 1.55428e+18	3.22e-01	6.78e-01	2.52e-08
 1.55449e+18	3.31e-01	6.69e-01	2.65e-08
 1.55469e+18	3.41e-01	6.59e-01	2.78e-08
 1.55490e+18	3.51e-01	6.49e-01	2.92e-08
 1.55511e+18	3.62e-01	6.38e-01	3.06e-08
 1.55532e+18	3.73e-01	6.27e-01	3.20e-08
 1.55553e+18	3.84e-01	6.16e-01	3.35e-08
 1.55574e+18	3.95e-01	6.05e-01	3.50e-08
 1.55595e+18	4.07e-01	5.93e-01	3.65e-08
 1.55617e+18	4.18e-01	5.82e-01	3.81e-08
 1.55639e+18	4.31e-01	5.69e-01	3.97e-08
 1.55660e+18	4.43e-01	5.57e-01	4.13e-08
 1.55682e+18	4.55e-01	5.45e-01	4.29e-08
 1.55704e+18	4.67e-01	5.33e-01	4.46e-08
 1.55726e+18	4.80e-01	5.20e-01	4.62e-08
 1.55748e+18	4.93e-01	5.07e-01	4.79e-08
 1.55770e+18	5.06e-01	4.94e-01	4.96e-08
 1.55792e+18	5.18e-01	4.82e-01	5.12e-08
 1.55814e+18	5.31e-01	4.69e-01	5.29e-08
 1.55836e+18	5.44e-01	4.56e-01	5.46e-08
 1.55858e+18	5.56e-01	4.44e-01	5.62e-08
 1.55880e+18	5.69e-01	4.31e-01	5.79e-08
 1.55902e+18	5.81e-01	4.19e-01	5.95e-08
 1.55923e+18	5.93e-01	4.07e-01	6.10e-08
 1.55944e+18	6.05e-01	3.95e-01	6.27e-08
 1.55965e+18	6.16e-01	3.84e-01	6.42e-08
 1.55986e+18	6.28e-01	3.72e-01	6.56e-08
 1.56007e+18	6.39e-01	3.61e-01	6.71e-08
 1.56028e+18	6.50e-01	3.50e-01	6.86e-08
 1.56048e+18	6.61e-01	3.39e-01	7.00e-08
 1.56069e+18	6.71e-01	3.29e-01	7.13e-08
 1.56089e+18	6.81e-01	3.19e-01	7.26e-08
 1.56109e+18	6.91e-01	3.09e-01	7.40e-08
 1.56129e+18	7.01e-01	2.99e-01	7.52e-08
 1.56148e+18	7.10e-01	2.90e-01	7.64e-08
 1.56168e+18	7.19e-01	2.81e-01	7.76e-08
 1.56188e+18	7.28e-01	2.72e-01	7.87e-08
 1.56207e+18	7.37e-01	2.63e-01	7.98e-08
 1.56226e+18	7.45e-01	2.55e-01	8.10e-08
 1.56245e+18	7.53e-01	2.47e-01	8.18e-08
 1.56264e+18	7.61e-01	2.39e-01	8.28e-08
 1.56283e+18	7.69e-01	2.31e-01	8.37e-08
 1.56302e+18	7.76e-01	2.24e-01	8.45e-08
 1.56321e+18	7.83e-01	2.17e-01	8.54e-08
 1.56339e+18	7.90e-01	2.10e-01	8.63e-08
 1.56357e+18	7.96e-01	2.04e-01	8.69e-08
 1.56375e+18	8.02e-01	1.98e-01	8.77e-08
 1.56393e+18	8.08e-01	1.92e-01	8.84e-08
 1.56411e+18	8.14e-01	1.86e-01	8.89e-08
 1.56429e+18	8.20e-01	1.80e-01	8.95e-08
 1.56446e+18	8.25e-01	1.75e-01	9.01e-08
 1.56463e+18	8.30e-01	1.70e-01	9.05e-08
 1.56480e+18	8.35e-01	1.65e-01	9.08e-08
 1.56497e+18	8.40e-01	1.60e-01	9.11e-08
 1.56513e+18	8.45e-01	1.55e-01	9.13e-08
 1.56529e+18	8.49e-01	1.51e-01	9.15e-08
 1.56545e+18	8.53e-01	1.47e-01	9.16e-08
 1.56560e+18	8.57e-01	1.43e-01	9.16e-08
 1.56573e+18	8.60e-01	1.40e-01	9.15e-08
 1.56585e+18	8.62e-01	1.38e-01	9.14e-08
 1.56595e+18	8.65e-01	1.35e-01	9.13e-08
 1.56605e+18	8.67e-01	1.33e-01	9.11e-08
 1.56614e+18	8.69e-01	1.31e-01	9.09e-08
 1.56622e+18	8.71e-01	1.29e-01	9.08e-08
