#depth	He	He+	He+2
 7.43180e+13	4.69e-05	6.57e-02	9.34e-01
 4.45908e+14	4.83e-05	6.67e-02	9.33e-01
 1.75811e+15	5.35e-05	7.03e-02	9.30e-01
 3.82857e+15	6.11e-05	7.52e-02	9.25e-01
 5.70858e+15	6.90e-05	7.99e-02	9.20e-01
 7.23870e+15	7.62e-05	8.39e-02	9.16e-01
 8.86170e+15	8.50e-05	8.87e-02	9.11e-01
 1.06875e+16	9.56e-05	9.41e-02	9.06e-01
 1.24439e+16	1.06e-04	9.94e-02	9.00e-01
 1.43944e+16	1.21e-04	1.06e-01	8.94e-01
 1.64853e+16	1.36e-04	1.13e-01	8.87e-01
 1.83765e+16	1.52e-04	1.20e-01	8.80e-01
 2.04531e+16	1.72e-04	1.28e-01	8.72e-01
 2.27186e+16	1.95e-04	1.37e-01	8.63e-01
 2.48257e+16	2.19e-04	1.46e-01	8.54e-01
 2.71611e+16	2.50e-04	1.57e-01	8.42e-01
 2.96715e+16	2.86e-04	1.70e-01	8.30e-01
 3.19644e+16	3.23e-04	1.82e-01	8.18e-01
 3.45001e+16	3.71e-04	1.97e-01	8.02e-01
 3.72244e+16	4.28e-04	2.15e-01	7.85e-01
 3.96943e+16	4.87e-04	2.32e-01	7.67e-01
 4.24057e+16	5.65e-04	2.54e-01	7.46e-01
 4.52991e+16	6.57e-04	2.78e-01	7.21e-01
 4.79038e+16	7.54e-04	3.03e-01	6.96e-01
 5.07647e+16	8.84e-04	3.33e-01	6.66e-01
 5.37939e+16	1.04e-03	3.68e-01	6.31e-01
 5.60189e+16	1.16e-03	3.96e-01	6.03e-01
 5.75698e+16	1.26e-03	4.17e-01	5.82e-01
 5.92670e+16	1.39e-03	4.41e-01	5.57e-01
 6.14733e+16	1.56e-03	4.74e-01	5.25e-01
 6.36761e+16	1.76e-03	5.08e-01	4.91e-01
 6.54544e+16	1.93e-03	5.36e-01	4.62e-01
 6.73464e+16	2.13e-03	5.67e-01	4.31e-01
 6.93896e+16	2.36e-03	6.00e-01	3.97e-01
 7.12147e+16	2.58e-03	6.30e-01	3.67e-01
 7.31723e+16	2.84e-03	6.62e-01	3.35e-01
 7.52572e+16	3.12e-03	6.94e-01	3.02e-01
 7.71382e+16	3.39e-03	7.23e-01	2.74e-01
 7.92142e+16	3.71e-03	7.52e-01	2.44e-01
 8.14672e+16	4.05e-03	7.81e-01	2.15e-01
 8.34873e+16	4.37e-03	8.05e-01	1.91e-01
 8.56503e+16	4.73e-03	8.28e-01	1.67e-01
 8.80538e+16	5.12e-03	8.50e-01	1.45e-01
 9.02894e+16	5.49e-03	8.68e-01	1.27e-01
 9.23953e+16	5.84e-03	8.83e-01	1.11e-01
 9.48135e+16	6.26e-03	8.98e-01	9.61e-02
 9.74868e+16	6.73e-03	9.11e-01	8.22e-02
 9.99538e+16	7.17e-03	9.21e-01	7.15e-02
 1.02262e+17	7.59e-03	9.29e-01	6.30e-02
 1.04901e+17	8.11e-03	9.37e-01	5.44e-02
 1.07770e+17	8.68e-03	9.44e-01	4.70e-02
 1.10274e+17	9.21e-03	9.49e-01	4.16e-02
 1.12441e+17	9.70e-03	9.53e-01	3.75e-02
 1.14833e+17	1.03e-02	9.56e-01	3.35e-02
 1.17438e+17	1.09e-02	9.59e-01	2.99e-02
 1.19700e+17	1.16e-02	9.61e-01	2.71e-02
 1.21606e+17	1.22e-02	9.63e-01	2.51e-02
 1.23669e+17	1.29e-02	9.64e-01	2.30e-02
 1.25941e+17	1.37e-02	9.65e-01	2.11e-02
 1.27959e+17	1.45e-02	9.66e-01	1.95e-02
 1.29673e+17	1.53e-02	9.66e-01	1.83e-02
 1.31521e+17	1.62e-02	9.67e-01	1.71e-02
 1.33559e+17	1.74e-02	9.67e-01	1.59e-02
 1.35372e+17	1.86e-02	9.66e-01	1.49e-02
 1.36930e+17	1.98e-02	9.66e-01	1.42e-02
 1.38626e+17	2.13e-02	9.65e-01	1.33e-02
 1.40506e+17	2.32e-02	9.64e-01	1.25e-02
 1.42193e+17	2.52e-02	9.63e-01	1.19e-02
 1.43627e+17	2.73e-02	9.61e-01	1.13e-02
 1.44925e+17	2.94e-02	9.60e-01	1.08e-02
 1.46168e+17	3.17e-02	9.58e-01	1.04e-02
 1.47362e+17	3.43e-02	9.56e-01	1.01e-02
 1.48480e+17	3.71e-02	9.53e-01	9.72e-03
 1.49524e+17	4.01e-02	9.50e-01	9.41e-03
 1.50499e+17	4.32e-02	9.48e-01	9.17e-03
 1.51435e+17	4.66e-02	9.44e-01	8.94e-03
 1.52361e+17	5.04e-02	9.41e-01	8.72e-03
 1.53248e+17	5.45e-02	9.37e-01	8.53e-03
 1.54080e+17	5.88e-02	9.33e-01	8.36e-03
 1.54881e+17	6.35e-02	9.28e-01	8.21e-03
 1.55673e+17	6.86e-02	9.23e-01	8.07e-03
 1.56456e+17	7.42e-02	9.18e-01	7.95e-03
 1.57226e+17	8.03e-02	9.12e-01	7.84e-03
 1.57982e+17	8.70e-02	9.05e-01	7.74e-03
 1.58732e+17	9.42e-02	8.98e-01	7.65e-03
 1.59583e+17	1.03e-01	8.89e-01	7.56e-03
 1.60488e+17	1.14e-01	8.79e-01	7.49e-03
 1.61275e+17	1.25e-01	8.68e-01	7.41e-03
 1.61976e+17	1.35e-01	8.58e-01	7.39e-03
 1.62652e+17	1.46e-01	8.47e-01	7.35e-03
 1.63320e+17	1.57e-01	8.35e-01	7.32e-03
 1.63977e+17	1.70e-01	8.23e-01	7.28e-03
 1.64609e+17	1.82e-01	8.10e-01	7.28e-03
 1.65103e+17	1.93e-01	7.99e-01	7.27e-03
 1.65423e+17	2.01e-01	7.92e-01	7.27e-03
 1.65709e+17	2.07e-01	7.85e-01	7.26e-03
 1.66053e+17	2.16e-01	7.77e-01	7.25e-03
 1.66449e+17	2.25e-01	7.67e-01	7.23e-03
 1.66840e+17	2.36e-01	7.57e-01	7.22e-03
 1.67197e+17	2.45e-01	7.48e-01	7.22e-03
 1.67543e+17	2.55e-01	7.38e-01	7.21e-03
 1.67899e+17	2.65e-01	7.28e-01	7.20e-03
 1.68265e+17	2.76e-01	7.16e-01	7.18e-03
 1.68629e+17	2.87e-01	7.05e-01	7.18e-03
 1.68986e+17	2.99e-01	6.94e-01	7.17e-03
 1.69345e+17	3.11e-01	6.82e-01	7.16e-03
 1.69708e+17	3.23e-01	6.70e-01	7.13e-03
 1.70069e+17	3.35e-01	6.57e-01	7.13e-03
 1.70427e+17	3.48e-01	6.45e-01	7.10e-03
 1.70787e+17	3.61e-01	6.32e-01	7.09e-03
 1.71152e+17	3.75e-01	6.18e-01	7.05e-03
 1.71515e+17	3.89e-01	6.04e-01	7.04e-03
 1.71878e+17	4.03e-01	5.90e-01	7.01e-03
 1.72245e+17	4.17e-01	5.76e-01	6.97e-03
 1.72608e+17	4.32e-01	5.61e-01	6.93e-03
 1.72970e+17	4.47e-01	5.47e-01	6.89e-03
 1.73339e+17	4.62e-01	5.31e-01	6.84e-03
 1.73710e+17	4.77e-01	5.16e-01	6.79e-03
 1.74080e+17	4.93e-01	5.01e-01	6.73e-03
 1.74451e+17	5.08e-01	4.85e-01	6.67e-03
 1.74821e+17	5.24e-01	4.70e-01	6.60e-03
 1.75193e+17	5.39e-01	4.54e-01	6.53e-03
 1.75566e+17	5.55e-01	4.38e-01	6.44e-03
 1.75937e+17	5.70e-01	4.23e-01	6.37e-03
 1.76307e+17	5.86e-01	4.08e-01	6.27e-03
 1.76677e+17	6.01e-01	3.93e-01	6.18e-03
 1.77050e+17	6.16e-01	3.78e-01	6.08e-03
 1.77421e+17	6.30e-01	3.64e-01	5.97e-03
 1.77797e+17	6.45e-01	3.49e-01	5.86e-03
 1.78179e+17	6.59e-01	3.35e-01	5.74e-03
 1.78565e+17	6.74e-01	3.21e-01	5.62e-03
 1.78955e+17	6.88e-01	3.07e-01	5.49e-03
 1.79351e+17	7.01e-01	2.93e-01	5.36e-03
 1.79758e+17	7.15e-01	2.80e-01	5.22e-03
 1.80172e+17	7.28e-01	2.67e-01	5.07e-03
 1.80597e+17	7.41e-01	2.54e-01	4.92e-03
 1.81038e+17	7.54e-01	2.42e-01	4.76e-03
 1.81492e+17	7.66e-01	2.29e-01	4.60e-03
 1.81964e+17	7.78e-01	2.18e-01	4.43e-03
 1.82460e+17	7.90e-01	2.06e-01	4.26e-03
 1.82980e+17	8.01e-01	1.95e-01	4.08e-03
 1.83530e+17	8.12e-01	1.84e-01	3.90e-03
 1.84115e+17	8.23e-01	1.74e-01	3.72e-03
 1.84745e+17	8.33e-01	1.64e-01	3.54e-03
 1.85426e+17	8.42e-01	1.54e-01	3.35e-03
 1.86166e+17	8.51e-01	1.46e-01	3.17e-03
 1.86982e+17	8.60e-01	1.37e-01	2.99e-03
 1.87895e+17	8.68e-01	1.29e-01	2.81e-03
 1.88923e+17	8.75e-01	1.22e-01	2.63e-03
 1.90037e+17	8.82e-01	1.16e-01	2.47e-03
 1.91174e+17	8.87e-01	1.11e-01	2.32e-03
 1.92305e+17	8.91e-01	1.07e-01	2.19e-03
 1.93604e+17	8.95e-01	1.03e-01	2.06e-03
 1.95292e+17	9.00e-01	9.81e-02	1.91e-03
 1.97391e+17	9.05e-01	9.36e-02	1.76e-03
 1.99725e+17	9.09e-01	8.94e-02	1.61e-03
 2.02099e+17	9.13e-01	8.57e-02	1.48e-03
 2.04424e+17	9.16e-01	8.23e-02	1.36e-03
 2.06650e+17	9.19e-01	7.93e-02	1.26e-03
 2.08761e+17	9.22e-01	7.66e-02	1.17e-03
 2.10752e+17	9.25e-01	7.42e-02	1.09e-03
 2.12625e+17	9.27e-01	7.20e-02	1.02e-03
 2.14385e+17	9.29e-01	7.00e-02	9.60e-04
 2.16031e+17	9.31e-01	6.83e-02	9.08e-04
 2.17564e+17	9.32e-01	6.66e-02	8.60e-04
 2.18995e+17	9.34e-01	6.52e-02	8.19e-04
 2.20332e+17	9.35e-01	6.38e-02	7.81e-04
 2.21575e+17	9.37e-01	6.26e-02	7.48e-04
 2.22724e+17	9.38e-01	6.15e-02	7.18e-04
 2.23786e+17	9.39e-01	6.05e-02	6.91e-04
