#depth	O	O+	O+2	O+3	O+4	O+5	O+6	O+7	O+8	O[1]	O[2]	O[3]
 5.68646e+12	7.45e-10	1.85e-03	9.30e-01	6.84e-02	0.00e+00	0.00e+00	0.00e+00	0.00e+00	0.00e+00	4.40e-10	2.25e-10	8.01e-11
 3.41188e+13	7.49e-10	1.86e-03	9.30e-01	6.80e-02	0.00e+00	0.00e+00	0.00e+00	0.00e+00	0.00e+00	4.43e-10	2.26e-10	8.05e-11
 1.47848e+14	7.62e-10	1.88e-03	9.31e-01	6.67e-02	0.00e+00	0.00e+00	0.00e+00	0.00e+00	0.00e+00	4.51e-10	2.30e-10	8.20e-11
 6.02765e+14	8.12e-10	1.95e-03	9.36e-01	6.19e-02	0.00e+00	0.00e+00	0.00e+00	0.00e+00	0.00e+00	4.80e-10	2.45e-10	8.74e-11
 1.43981e+15	9.09e-10	2.07e-03	9.43e-01	5.50e-02	0.00e+00	0.00e+00	0.00e+00	0.00e+00	0.00e+00	5.38e-10	2.73e-10	9.77e-11
 2.33561e+15	1.00e-09	2.18e-03	9.49e-01	4.88e-02	0.00e+00	0.00e+00	0.00e+00	0.00e+00	0.00e+00	5.94e-10	2.99e-10	1.07e-10
 3.30778e+15	1.09e-09	2.29e-03	9.55e-01	4.24e-02	0.00e+00	0.00e+00	0.00e+00	0.00e+00	0.00e+00	6.50e-10	3.26e-10	1.17e-10
 4.57160e+15	1.22e-09	2.42e-03	9.62e-01	3.52e-02	0.00e+00	0.00e+00	0.00e+00	0.00e+00	0.00e+00	7.26e-10	3.61e-10	1.31e-10
 6.21456e+15	1.38e-09	2.59e-03	9.70e-01	2.75e-02	0.00e+00	0.00e+00	0.00e+00	0.00e+00	0.00e+00	8.28e-10	4.08e-10	1.48e-10
 8.28613e+15	1.61e-09	2.81e-03	9.77e-01	2.00e-02	0.00e+00	0.00e+00	0.00e+00	0.00e+00	0.00e+00	9.69e-10	4.72e-10	1.73e-10
 1.06177e+16	1.89e-09	3.05e-03	9.83e-01	1.40e-02	0.00e+00	0.00e+00	0.00e+00	0.00e+00	0.00e+00	1.14e-09	5.49e-10	2.02e-10
 1.30426e+16	2.22e-09	3.31e-03	9.87e-01	9.55e-03	0.00e+00	0.00e+00	0.00e+00	0.00e+00	0.00e+00	1.35e-09	6.38e-10	2.37e-10
 1.55644e+16	2.60e-09	3.59e-03	9.90e-01	6.41e-03	0.00e+00	0.00e+00	0.00e+00	0.00e+00	0.00e+00	1.59e-09	7.39e-10	2.76e-10
 1.81871e+16	3.04e-09	3.88e-03	9.92e-01	4.23e-03	0.00e+00	0.00e+00	0.00e+00	0.00e+00	0.00e+00	1.87e-09	8.56e-10	3.23e-10
 2.09147e+16	3.56e-09	4.20e-03	9.93e-01	2.75e-03	0.00e+00	0.00e+00	0.00e+00	0.00e+00	0.00e+00	2.19e-09	9.89e-10	3.77e-10
 2.37515e+16	4.16e-09	4.55e-03	9.94e-01	1.76e-03	0.00e+00	0.00e+00	0.00e+00	0.00e+00	0.00e+00	2.58e-09	1.14e-09	4.40e-10
 2.67017e+16	4.87e-09	4.92e-03	9.94e-01	1.11e-03	0.00e+00	0.00e+00	0.00e+00	0.00e+00	0.00e+00	3.03e-09	1.32e-09	5.13e-10
 2.97699e+16	5.69e-09	5.31e-03	9.94e-01	6.95e-04	0.00e+00	0.00e+00	0.00e+00	0.00e+00	0.00e+00	3.57e-09	1.52e-09	5.98e-10
 3.29608e+16	6.65e-09	5.74e-03	9.94e-01	4.28e-04	0.00e+00	0.00e+00	0.00e+00	0.00e+00	0.00e+00	4.19e-09	1.76e-09	6.98e-10
 3.62794e+16	7.76e-09	6.20e-03	9.94e-01	2.60e-04	0.00e+00	0.00e+00	0.00e+00	0.00e+00	0.00e+00	4.93e-09	2.02e-09	8.13e-10
 3.97307e+16	9.07e-09	6.70e-03	9.93e-01	1.56e-04	0.00e+00	0.00e+00	0.00e+00	0.00e+00	0.00e+00	5.79e-09	2.33e-09	9.49e-10
 4.33200e+16	1.06e-08	7.24e-03	9.93e-01	9.25e-05	0.00e+00	0.00e+00	0.00e+00	0.00e+00	0.00e+00	6.81e-09	2.67e-09	1.11e-09
 4.70530e+16	1.24e-08	7.82e-03	9.92e-01	5.43e-05	0.00e+00	0.00e+00	0.00e+00	0.00e+00	0.00e+00	8.01e-09	3.07e-09	1.29e-09
 5.09352e+16	1.44e-08	8.44e-03	9.92e-01	3.15e-05	0.00e+00	0.00e+00	0.00e+00	0.00e+00	0.00e+00	9.41e-09	3.53e-09	1.50e-09
 5.49728e+16	1.69e-08	9.11e-03	9.91e-01	1.81e-05	0.00e+00	0.00e+00	0.00e+00	0.00e+00	0.00e+00	1.11e-08	4.05e-09	1.76e-09
 5.91718e+16	1.97e-08	9.84e-03	9.90e-01	1.03e-05	0.00e+00	0.00e+00	0.00e+00	0.00e+00	0.00e+00	1.30e-08	4.65e-09	2.05e-09
 6.35388e+16	2.30e-08	1.06e-02	9.89e-01	5.88e-06	0.00e+00	0.00e+00	0.00e+00	0.00e+00	0.00e+00	1.53e-08	5.33e-09	2.39e-09
 6.80805e+16	2.69e-08	1.15e-02	9.89e-01	3.34e-06	0.00e+00	0.00e+00	0.00e+00	0.00e+00	0.00e+00	1.80e-08	6.11e-09	2.79e-09
 7.28039e+16	3.14e-08	1.24e-02	9.88e-01	1.91e-06	0.00e+00	0.00e+00	0.00e+00	0.00e+00	0.00e+00	2.11e-08	7.00e-09	3.25e-09
 7.77162e+16	3.66e-08	1.34e-02	9.87e-01	1.11e-06	0.00e+00	0.00e+00	0.00e+00	0.00e+00	0.00e+00	2.48e-08	8.01e-09	3.80e-09
 8.28250e+16	4.28e-08	1.44e-02	9.86e-01	6.62e-07	0.00e+00	0.00e+00	0.00e+00	0.00e+00	0.00e+00	2.92e-08	9.16e-09	4.43e-09
 8.81381e+16	4.99e-08	1.56e-02	9.84e-01	4.12e-07	0.00e+00	0.00e+00	0.00e+00	0.00e+00	0.00e+00	3.43e-08	1.05e-08	5.17e-09
 9.36638e+16	5.83e-08	1.68e-02	9.83e-01	2.72e-07	0.00e+00	0.00e+00	0.00e+00	0.00e+00	0.00e+00	4.03e-08	1.20e-08	6.03e-09
 9.94105e+16	6.81e-08	1.81e-02	9.82e-01	1.93e-07	0.00e+00	0.00e+00	0.00e+00	0.00e+00	0.00e+00	4.74e-08	1.36e-08	7.03e-09
 1.05387e+17	7.96e-08	1.96e-02	9.80e-01	1.46e-07	0.00e+00	0.00e+00	0.00e+00	0.00e+00	0.00e+00	5.58e-08	1.56e-08	8.19e-09
 1.11603e+17	9.29e-08	2.11e-02	9.79e-01	0.00e+00	0.00e+00	0.00e+00	0.00e+00	0.00e+00	0.00e+00	6.57e-08	1.77e-08	9.53e-09
 1.18067e+17	1.09e-07	2.28e-02	9.77e-01	0.00e+00	0.00e+00	0.00e+00	0.00e+00	0.00e+00	0.00e+00	7.73e-08	2.02e-08	1.11e-08
 1.24790e+17	1.27e-07	2.46e-02	9.75e-01	0.00e+00	0.00e+00	0.00e+00	0.00e+00	0.00e+00	0.00e+00	9.10e-08	2.29e-08	1.29e-08
 1.31781e+17	1.48e-07	2.66e-02	9.73e-01	0.00e+00	0.00e+00	0.00e+00	0.00e+00	0.00e+00	0.00e+00	1.07e-07	2.60e-08	1.49e-08
 1.39053e+17	1.73e-07	2.87e-02	9.71e-01	0.00e+00	0.00e+00	0.00e+00	0.00e+00	0.00e+00	0.00e+00	1.26e-07	2.95e-08	1.73e-08
 1.46615e+17	2.02e-07	3.09e-02	9.69e-01	0.00e+00	0.00e+00	0.00e+00	0.00e+00	0.00e+00	0.00e+00	1.49e-07	3.35e-08	2.00e-08
 1.54480e+17	2.36e-07	3.34e-02	9.67e-01	0.00e+00	0.00e+00	0.00e+00	0.00e+00	0.00e+00	0.00e+00	1.75e-07	3.79e-08	2.31e-08
 1.62659e+17	2.76e-07	3.60e-02	9.64e-01	0.00e+00	0.00e+00	0.00e+00	0.00e+00	0.00e+00	0.00e+00	2.07e-07	4.29e-08	2.66e-08
 1.71166e+17	3.23e-07	3.88e-02	9.61e-01	0.00e+00	0.00e+00	0.00e+00	0.00e+00	0.00e+00	0.00e+00	2.44e-07	4.85e-08	3.07e-08
 1.80012e+17	3.77e-07	4.19e-02	9.58e-01	0.00e+00	0.00e+00	0.00e+00	0.00e+00	0.00e+00	0.00e+00	2.87e-07	5.47e-08	3.53e-08
 1.89213e+17	4.41e-07	4.52e-02	9.55e-01	0.00e+00	0.00e+00	0.00e+00	0.00e+00	0.00e+00	0.00e+00	3.39e-07	6.18e-08	4.05e-08
 1.98782e+17	5.16e-07	4.87e-02	9.51e-01	0.00e+00	0.00e+00	0.00e+00	0.00e+00	0.00e+00	0.00e+00	4.00e-07	6.97e-08	4.65e-08
 2.08733e+17	6.03e-07	5.25e-02	9.47e-01	0.00e+00	0.00e+00	0.00e+00	0.00e+00	0.00e+00	0.00e+00	4.71e-07	7.86e-08	5.33e-08
 2.19083e+17	7.05e-07	5.66e-02	9.43e-01	0.00e+00	0.00e+00	0.00e+00	0.00e+00	0.00e+00	0.00e+00	5.56e-07	8.86e-08	6.10e-08
 2.29846e+17	8.25e-07	6.11e-02	9.39e-01	0.00e+00	0.00e+00	0.00e+00	0.00e+00	0.00e+00	0.00e+00	6.55e-07	1.00e-07	6.98e-08
 2.41040e+17	9.65e-07	6.58e-02	9.34e-01	0.00e+00	0.00e+00	0.00e+00	0.00e+00	0.00e+00	0.00e+00	7.72e-07	1.13e-07	7.98e-08
 2.52682e+17	1.13e-06	7.10e-02	9.29e-01	0.00e+00	0.00e+00	0.00e+00	0.00e+00	0.00e+00	0.00e+00	9.11e-07	1.27e-07	9.14e-08
 2.64789e+17	1.32e-06	7.64e-02	9.24e-01	0.00e+00	0.00e+00	0.00e+00	0.00e+00	0.00e+00	0.00e+00	1.07e-06	1.44e-07	1.04e-07
 2.77381e+17	1.55e-06	8.24e-02	9.18e-01	0.00e+00	0.00e+00	0.00e+00	0.00e+00	0.00e+00	0.00e+00	1.26e-06	1.62e-07	1.19e-07
 2.90476e+17	1.81e-06	8.87e-02	9.11e-01	0.00e+00	0.00e+00	0.00e+00	0.00e+00	0.00e+00	0.00e+00	1.49e-06	1.83e-07	1.36e-07
 3.04095e+17	2.12e-06	9.56e-02	9.04e-01	0.00e+00	0.00e+00	0.00e+00	0.00e+00	0.00e+00	0.00e+00	1.75e-06	2.07e-07	1.56e-07
 3.18259e+17	2.48e-06	1.03e-01	8.97e-01	0.00e+00	0.00e+00	0.00e+00	0.00e+00	0.00e+00	0.00e+00	2.06e-06	2.35e-07	1.79e-07
 3.32990e+17	2.90e-06	1.11e-01	8.89e-01	0.00e+00	0.00e+00	0.00e+00	0.00e+00	0.00e+00	0.00e+00	2.43e-06	2.66e-07	2.05e-07
 3.48310e+17	3.39e-06	1.19e-01	8.81e-01	0.00e+00	0.00e+00	0.00e+00	0.00e+00	0.00e+00	0.00e+00	2.86e-06	3.02e-07	2.34e-07
 3.64242e+17	3.98e-06	1.29e-01	8.71e-01	0.00e+00	0.00e+00	0.00e+00	0.00e+00	0.00e+00	0.00e+00	3.37e-06	3.43e-07	2.69e-07
 3.80812e+17	4.66e-06	1.38e-01	8.62e-01	0.00e+00	0.00e+00	0.00e+00	0.00e+00	0.00e+00	0.00e+00	3.97e-06	3.90e-07	3.09e-07
 3.98045e+17	5.47e-06	1.49e-01	8.51e-01	0.00e+00	0.00e+00	0.00e+00	0.00e+00	0.00e+00	0.00e+00	4.67e-06	4.44e-07	3.55e-07
 4.15966e+17	6.42e-06	1.60e-01	8.40e-01	0.00e+00	0.00e+00	0.00e+00	0.00e+00	0.00e+00	0.00e+00	5.50e-06	5.07e-07	4.09e-07
 4.34605e+17	7.54e-06	1.73e-01	8.27e-01	0.00e+00	0.00e+00	0.00e+00	0.00e+00	0.00e+00	0.00e+00	6.49e-06	5.80e-07	4.71e-07
 4.53990e+17	8.85e-06	1.86e-01	8.14e-01	0.00e+00	0.00e+00	0.00e+00	0.00e+00	0.00e+00	0.00e+00	7.65e-06	6.64e-07	5.44e-07
 4.74149e+17	1.04e-05	2.00e-01	8.00e-01	0.00e+00	0.00e+00	0.00e+00	0.00e+00	0.00e+00	0.00e+00	9.03e-06	7.62e-07	6.29e-07
 4.95115e+17	1.23e-05	2.15e-01	7.85e-01	0.00e+00	0.00e+00	0.00e+00	0.00e+00	0.00e+00	0.00e+00	1.07e-05	8.76e-07	7.28e-07
 5.16920e+17	1.45e-05	2.32e-01	7.68e-01	0.00e+00	0.00e+00	0.00e+00	0.00e+00	0.00e+00	0.00e+00	1.26e-05	1.01e-06	8.47e-07
 5.39597e+17	1.71e-05	2.50e-01	7.50e-01	0.00e+00	0.00e+00	0.00e+00	0.00e+00	0.00e+00	0.00e+00	1.49e-05	1.17e-06	9.85e-07
 5.63181e+17	2.02e-05	2.69e-01	7.31e-01	0.00e+00	0.00e+00	0.00e+00	0.00e+00	0.00e+00	0.00e+00	1.77e-05	1.36e-06	1.15e-06
 5.87709e+17	2.40e-05	2.90e-01	7.10e-01	0.00e+00	0.00e+00	0.00e+00	0.00e+00	0.00e+00	0.00e+00	2.10e-05	1.57e-06	1.34e-06
 6.13217e+17	2.84e-05	3.13e-01	6.87e-01	0.00e+00	0.00e+00	0.00e+00	0.00e+00	0.00e+00	0.00e+00	2.50e-05	1.83e-06	1.57e-06
 6.39746e+17	3.38e-05	3.38e-01	6.62e-01	0.00e+00	0.00e+00	0.00e+00	0.00e+00	0.00e+00	0.00e+00	2.99e-05	2.15e-06	1.85e-06
 6.67336e+17	4.03e-05	3.65e-01	6.35e-01	0.00e+00	0.00e+00	0.00e+00	0.00e+00	0.00e+00	0.00e+00	3.56e-05	2.52e-06	2.18e-06
 6.96029e+17	4.82e-05	3.95e-01	6.05e-01	0.00e+00	0.00e+00	0.00e+00	0.00e+00	0.00e+00	0.00e+00	4.27e-05	2.97e-06	2.58e-06
 7.25871e+17	5.78e-05	4.27e-01	5.73e-01	0.00e+00	0.00e+00	0.00e+00	0.00e+00	0.00e+00	0.00e+00	5.12e-05	3.50e-06	3.07e-06
 7.56906e+17	6.95e-05	4.63e-01	5.37e-01	0.00e+00	0.00e+00	0.00e+00	0.00e+00	0.00e+00	0.00e+00	6.17e-05	4.16e-06	3.66e-06
 7.89182e+17	8.39e-05	5.02e-01	4.98e-01	0.00e+00	0.00e+00	0.00e+00	0.00e+00	0.00e+00	0.00e+00	7.46e-05	4.96e-06	4.38e-06
 8.21741e+17	1.01e-04	5.44e-01	4.56e-01	0.00e+00	0.00e+00	0.00e+00	0.00e+00	0.00e+00	0.00e+00	9.01e-05	5.91e-06	5.24e-06
 8.53538e+17	1.21e-04	5.87e-01	4.13e-01	0.00e+00	0.00e+00	0.00e+00	0.00e+00	0.00e+00	0.00e+00	1.08e-04	7.01e-06	6.23e-06
 8.84101e+17	1.44e-04	6.29e-01	3.70e-01	0.00e+00	0.00e+00	0.00e+00	0.00e+00	0.00e+00	0.00e+00	1.28e-04	8.24e-06	7.35e-06
 9.12429e+17	1.68e-04	6.71e-01	3.29e-01	0.00e+00	0.00e+00	0.00e+00	0.00e+00	0.00e+00	0.00e+00	1.50e-04	9.56e-06	8.55e-06
 9.37828e+17	1.93e-04	7.09e-01	2.91e-01	0.00e+00	0.00e+00	0.00e+00	0.00e+00	0.00e+00	0.00e+00	1.73e-04	1.09e-05	9.79e-06
 9.60536e+17	2.19e-04	7.43e-01	2.56e-01	0.00e+00	0.00e+00	0.00e+00	0.00e+00	0.00e+00	0.00e+00	1.95e-04	1.23e-05	1.10e-05
 9.80901e+17	2.45e-04	7.75e-01	2.25e-01	0.00e+00	0.00e+00	0.00e+00	0.00e+00	0.00e+00	0.00e+00	2.19e-04	1.37e-05	1.23e-05
 9.98988e+17	2.70e-04	8.02e-01	1.97e-01	0.00e+00	0.00e+00	0.00e+00	0.00e+00	0.00e+00	0.00e+00	2.41e-04	1.50e-05	1.35e-05
 1.01498e+18	2.95e-04	8.27e-01	1.73e-01	0.00e+00	0.00e+00	0.00e+00	0.00e+00	0.00e+00	0.00e+00	2.64e-04	1.63e-05	1.47e-05
 1.02909e+18	3.18e-04	8.48e-01	1.51e-01	0.00e+00	0.00e+00	0.00e+00	0.00e+00	0.00e+00	0.00e+00	2.85e-04	1.76e-05	1.58e-05
 1.04153e+18	3.41e-04	8.67e-01	1.32e-01	0.00e+00	0.00e+00	0.00e+00	0.00e+00	0.00e+00	0.00e+00	3.05e-04	1.87e-05	1.69e-05
 1.05240e+18	3.61e-04	8.84e-01	1.16e-01	0.00e+00	0.00e+00	0.00e+00	0.00e+00	0.00e+00	0.00e+00	3.23e-04	1.98e-05	1.79e-05
 1.06186e+18	3.82e-04	8.98e-01	1.02e-01	0.00e+00	0.00e+00	0.00e+00	0.00e+00	0.00e+00	0.00e+00	3.42e-04	2.09e-05	1.88e-05
 1.07011e+18	3.99e-04	9.11e-01	8.91e-02	0.00e+00	0.00e+00	0.00e+00	0.00e+00	0.00e+00	0.00e+00	3.57e-04	2.17e-05	1.97e-05
 1.07734e+18	4.16e-04	9.22e-01	7.80e-02	0.00e+00	0.00e+00	0.00e+00	0.00e+00	0.00e+00	0.00e+00	3.73e-04	2.26e-05	2.05e-05
 1.08367e+18	4.32e-04	9.31e-01	6.82e-02	0.00e+00	0.00e+00	0.00e+00	0.00e+00	0.00e+00	0.00e+00	3.87e-04	2.34e-05	2.12e-05
 1.08917e+18	4.46e-04	9.40e-01	5.96e-02	0.00e+00	0.00e+00	0.00e+00	0.00e+00	0.00e+00	0.00e+00	4.00e-04	2.41e-05	2.18e-05
 1.09396e+18	4.58e-04	9.48e-01	5.20e-02	0.00e+00	0.00e+00	0.00e+00	0.00e+00	0.00e+00	0.00e+00	4.11e-04	2.48e-05	2.24e-05
 1.09816e+18	4.71e-04	9.54e-01	4.53e-02	0.00e+00	0.00e+00	0.00e+00	0.00e+00	0.00e+00	0.00e+00	4.23e-04	2.54e-05	2.30e-05
 1.10184e+18	4.81e-04	9.60e-01	3.92e-02	0.00e+00	0.00e+00	0.00e+00	0.00e+00	0.00e+00	0.00e+00	4.32e-04	2.59e-05	2.35e-05
 1.10506e+18	4.92e-04	9.66e-01	3.39e-02	0.00e+00	0.00e+00	0.00e+00	0.00e+00	0.00e+00	0.00e+00	4.42e-04	2.65e-05	2.39e-05
 1.10786e+18	5.00e-04	9.70e-01	2.91e-02	0.00e+00	0.00e+00	0.00e+00	0.00e+00	0.00e+00	0.00e+00	4.49e-04	2.69e-05	2.43e-05
 1.11033e+18	5.07e-04	9.75e-01	2.49e-02	0.00e+00	0.00e+00	0.00e+00	0.00e+00	0.00e+00	0.00e+00	4.55e-04	2.72e-05	2.46e-05
 1.11251e+18	5.15e-04	9.78e-01	2.12e-02	0.00e+00	0.00e+00	0.00e+00	0.00e+00	0.00e+00	0.00e+00	4.62e-04	2.76e-05	2.50e-05
 1.11443e+18	5.20e-04	9.82e-01	1.78e-02	0.00e+00	0.00e+00	0.00e+00	0.00e+00	0.00e+00	0.00e+00	4.67e-04	2.79e-05	2.52e-05
 1.11613e+18	5.26e-04	9.85e-01	1.50e-02	0.00e+00	0.00e+00	0.00e+00	0.00e+00	0.00e+00	0.00e+00	4.72e-04	2.81e-05	2.54e-05
 1.11766e+18	5.30e-04	9.87e-01	1.24e-02	0.00e+00	0.00e+00	0.00e+00	0.00e+00	0.00e+00	0.00e+00	4.76e-04	2.83e-05	2.56e-05
 1.11904e+18	5.33e-04	9.89e-01	1.02e-02	0.00e+00	0.00e+00	0.00e+00	0.00e+00	0.00e+00	0.00e+00	4.79e-04	2.85e-05	2.58e-05
 1.12030e+18	5.36e-04	9.91e-01	8.29e-03	0.00e+00	0.00e+00	0.00e+00	0.00e+00	0.00e+00	0.00e+00	4.82e-04	2.86e-05	2.59e-05
 1.12147e+18	5.39e-04	9.93e-01	6.65e-03	0.00e+00	0.00e+00	0.00e+00	0.00e+00	0.00e+00	0.00e+00	4.84e-04	2.88e-05	2.60e-05
 1.12255e+18	5.40e-04	9.94e-01	5.26e-03	0.00e+00	0.00e+00	0.00e+00	0.00e+00	0.00e+00	0.00e+00	4.86e-04	2.88e-05	2.60e-05
 1.12359e+18	5.42e-04	9.95e-01	4.10e-03	0.00e+00	0.00e+00	0.00e+00	0.00e+00	0.00e+00	0.00e+00	4.87e-04	2.89e-05	2.61e-05
 1.12461e+18	5.43e-04	9.96e-01	3.12e-03	0.00e+00	0.00e+00	0.00e+00	0.00e+00	0.00e+00	0.00e+00	4.88e-04	2.89e-05	2.61e-05
 1.12578e+18	5.44e-04	9.97e-01	2.25e-03	0.00e+00	0.00e+00	0.00e+00	0.00e+00	0.00e+00	0.00e+00	4.89e-04	2.89e-05	2.61e-05
 1.12709e+18	5.45e-04	9.98e-01	1.49e-03	0.00e+00	0.00e+00	0.00e+00	0.00e+00	0.00e+00	0.00e+00	4.90e-04	2.89e-05	2.61e-05
 1.12859e+18	5.47e-04	9.99e-01	9.30e-04	0.00e+00	0.00e+00	0.00e+00	0.00e+00	0.00e+00	0.00e+00	4.92e-04	2.89e-05	2.61e-05
 1.13054e+18	5.49e-04	9.99e-01	5.00e-04	0.00e+00	0.00e+00	0.00e+00	0.00e+00	0.00e+00	0.00e+00	4.93e-04	2.90e-05	2.61e-05
 1.13307e+18	5.53e-04	9.99e-01	2.23e-04	0.00e+00	0.00e+00	0.00e+00	0.00e+00	0.00e+00	0.00e+00	4.98e-04	2.92e-05	2.63e-05
 1.13636e+18	5.60e-04	9.99e-01	8.00e-05	0.00e+00	0.00e+00	0.00e+00	0.00e+00	0.00e+00	0.00e+00	5.04e-04	2.95e-05	2.66e-05
 1.14065e+18	5.70e-04	9.99e-01	2.20e-05	0.00e+00	0.00e+00	0.00e+00	0.00e+00	0.00e+00	0.00e+00	5.13e-04	3.00e-05	2.70e-05
 1.14621e+18	5.83e-04	9.99e-01	4.42e-06	0.00e+00	0.00e+00	0.00e+00	0.00e+00	0.00e+00	0.00e+00	5.25e-04	3.06e-05	2.76e-05
 1.15345e+18	6.01e-04	9.99e-01	6.31e-07	0.00e+00	0.00e+00	0.00e+00	0.00e+00	0.00e+00	0.00e+00	5.41e-04	3.15e-05	2.84e-05
 1.16286e+18	6.25e-04	9.99e-01	6.29e-08	0.00e+00	0.00e+00	0.00e+00	0.00e+00	0.00e+00	0.00e+00	5.63e-04	3.27e-05	2.95e-05
 1.17509e+18	6.59e-04	9.99e-01	4.37e-09	0.00e+00	0.00e+00	0.00e+00	0.00e+00	0.00e+00	0.00e+00	5.93e-04	3.43e-05	3.10e-05
 1.19099e+18	7.06e-04	9.99e-01	2.69e-10	0.00e+00	0.00e+00	0.00e+00	0.00e+00	0.00e+00	0.00e+00	6.36e-04	3.67e-05	3.31e-05
 1.21166e+18	7.76e-04	9.99e-01	8.82e-11	0.00e+00	0.00e+00	0.00e+00	0.00e+00	0.00e+00	0.00e+00	6.99e-04	4.01e-05	3.63e-05
 1.23853e+18	8.82e-04	9.99e-01	8.31e-11	0.00e+00	0.00e+00	0.00e+00	0.00e+00	0.00e+00	0.00e+00	7.96e-04	4.55e-05	4.12e-05
 1.27346e+18	1.06e-03	9.99e-01	8.19e-11	0.00e+00	0.00e+00	0.00e+00	0.00e+00	0.00e+00	0.00e+00	9.54e-04	5.42e-05	4.93e-05
 1.31215e+18	1.32e-03	9.99e-01	8.03e-11	0.00e+00	0.00e+00	0.00e+00	0.00e+00	0.00e+00	0.00e+00	1.19e-03	6.78e-05	6.18e-05
 1.34499e+18	1.66e-03	9.98e-01	7.87e-11	0.00e+00	0.00e+00	0.00e+00	0.00e+00	0.00e+00	0.00e+00	1.49e-03	8.49e-05	7.77e-05
 1.36883e+18	2.00e-03	9.98e-01	7.73e-11	0.00e+00	0.00e+00	0.00e+00	0.00e+00	0.00e+00	0.00e+00	1.81e-03	1.03e-04	9.43e-05
 1.38704e+18	2.36e-03	9.98e-01	7.59e-11	0.00e+00	0.00e+00	0.00e+00	0.00e+00	0.00e+00	0.00e+00	2.13e-03	1.21e-04	1.11e-04
 1.40317e+18	2.78e-03	9.97e-01	7.45e-11	0.00e+00	0.00e+00	0.00e+00	0.00e+00	0.00e+00	0.00e+00	2.51e-03	1.43e-04	1.31e-04
 1.41837e+18	3.30e-03	9.97e-01	7.30e-11	0.00e+00	0.00e+00	0.00e+00	0.00e+00	0.00e+00	0.00e+00	2.97e-03	1.70e-04	1.56e-04
 1.43205e+18	3.93e-03	9.96e-01	7.13e-11	0.00e+00	0.00e+00	0.00e+00	0.00e+00	0.00e+00	0.00e+00	3.54e-03	2.03e-04	1.86e-04
 1.44359e+18	4.66e-03	9.95e-01	6.95e-11	0.00e+00	0.00e+00	0.00e+00	0.00e+00	0.00e+00	0.00e+00	4.20e-03	2.41e-04	2.20e-04
 1.45326e+18	5.46e-03	9.95e-01	6.77e-11	0.00e+00	0.00e+00	0.00e+00	0.00e+00	0.00e+00	0.00e+00	4.92e-03	2.84e-04	2.59e-04
 1.46168e+18	6.39e-03	9.94e-01	6.59e-11	0.00e+00	0.00e+00	0.00e+00	0.00e+00	0.00e+00	0.00e+00	5.76e-03	3.32e-04	3.03e-04
 1.46933e+18	7.49e-03	9.93e-01	6.40e-11	0.00e+00	0.00e+00	0.00e+00	0.00e+00	0.00e+00	0.00e+00	6.75e-03	3.90e-04	3.55e-04
 1.47630e+18	8.83e-03	9.91e-01	6.19e-11	0.00e+00	0.00e+00	0.00e+00	0.00e+00	0.00e+00	0.00e+00	7.95e-03	4.61e-04	4.19e-04
 1.48259e+18	1.04e-02	9.90e-01	5.97e-11	0.00e+00	0.00e+00	0.00e+00	0.00e+00	0.00e+00	0.00e+00	9.39e-03	5.46e-04	4.96e-04
 1.48824e+18	1.24e-02	9.88e-01	5.73e-11	0.00e+00	0.00e+00	0.00e+00	0.00e+00	0.00e+00	0.00e+00	1.11e-02	6.48e-04	5.89e-04
 1.49339e+18	1.48e-02	9.85e-01	5.47e-11	0.00e+00	0.00e+00	0.00e+00	0.00e+00	0.00e+00	0.00e+00	1.33e-02	7.75e-04	7.03e-04
 1.49821e+18	1.79e-02	9.82e-01	5.19e-11	0.00e+00	0.00e+00	0.00e+00	0.00e+00	0.00e+00	0.00e+00	1.61e-02	9.38e-04	8.51e-04
 1.50279e+18	2.20e-02	9.78e-01	4.87e-11	0.00e+00	0.00e+00	0.00e+00	0.00e+00	0.00e+00	0.00e+00	1.98e-02	1.16e-03	1.05e-03
 1.50696e+18	2.75e-02	9.72e-01	4.49e-11	0.00e+00	0.00e+00	0.00e+00	0.00e+00	0.00e+00	0.00e+00	2.48e-02	1.45e-03	1.31e-03
 1.51043e+18	3.44e-02	9.66e-01	4.14e-11	0.00e+00	0.00e+00	0.00e+00	0.00e+00	0.00e+00	0.00e+00	3.09e-02	1.80e-03	1.63e-03
 1.51320e+18	4.23e-02	9.58e-01	3.92e-11	0.00e+00	0.00e+00	0.00e+00	0.00e+00	0.00e+00	0.00e+00	3.81e-02	2.21e-03	2.00e-03
 1.51551e+18	5.18e-02	9.48e-01	3.65e-11	0.00e+00	0.00e+00	0.00e+00	0.00e+00	0.00e+00	0.00e+00	4.66e-02	2.70e-03	2.45e-03
 1.51754e+18	6.36e-02	9.36e-01	3.40e-11	0.00e+00	0.00e+00	0.00e+00	0.00e+00	0.00e+00	0.00e+00	5.73e-02	3.30e-03	2.99e-03
 1.51934e+18	7.87e-02	9.21e-01	3.17e-11	0.00e+00	0.00e+00	0.00e+00	0.00e+00	0.00e+00	0.00e+00	7.10e-02	4.04e-03	3.68e-03
 1.52071e+18	9.48e-02	9.05e-01	2.98e-11	0.00e+00	0.00e+00	0.00e+00	0.00e+00	0.00e+00	0.00e+00	8.55e-02	4.82e-03	4.39e-03
 1.52162e+18	1.09e-01	8.91e-01	2.86e-11	0.00e+00	0.00e+00	0.00e+00	0.00e+00	0.00e+00	0.00e+00	9.86e-02	5.50e-03	5.02e-03
 1.52238e+18	1.25e-01	8.75e-01	2.70e-11	0.00e+00	0.00e+00	0.00e+00	0.00e+00	0.00e+00	0.00e+00	1.13e-01	6.21e-03	5.69e-03
 1.52324e+18	1.46e-01	8.54e-01	2.64e-11	0.00e+00	0.00e+00	0.00e+00	0.00e+00	0.00e+00	0.00e+00	1.32e-01	7.17e-03	6.58e-03
 1.52415e+18	1.75e-01	8.25e-01	2.54e-11	0.00e+00	0.00e+00	0.00e+00	0.00e+00	0.00e+00	0.00e+00	1.59e-01	8.42e-03	7.78e-03
 1.52497e+18	2.12e-01	7.88e-01	2.45e-11	0.00e+00	0.00e+00	0.00e+00	0.00e+00	0.00e+00	0.00e+00	1.92e-01	9.88e-03	9.17e-03
 1.52573e+18	2.56e-01	7.44e-01	2.38e-11	0.00e+00	0.00e+00	0.00e+00	0.00e+00	0.00e+00	0.00e+00	2.34e-01	1.15e-02	1.08e-02
 1.52638e+18	3.05e-01	6.95e-01	2.32e-11	0.00e+00	0.00e+00	0.00e+00	0.00e+00	0.00e+00	0.00e+00	2.80e-01	1.31e-02	1.24e-02
 1.52687e+18	3.50e-01	6.50e-01	2.29e-11	0.00e+00	0.00e+00	0.00e+00	0.00e+00	0.00e+00	0.00e+00	3.22e-01	1.44e-02	1.37e-02
 1.52719e+18	3.84e-01	6.16e-01	2.26e-11	0.00e+00	0.00e+00	0.00e+00	0.00e+00	0.00e+00	0.00e+00	3.54e-01	1.53e-02	1.46e-02
 1.52744e+18	4.13e-01	5.87e-01	2.24e-11	0.00e+00	0.00e+00	0.00e+00	0.00e+00	0.00e+00	0.00e+00	3.81e-01	1.59e-02	1.53e-02
 1.52766e+18	4.40e-01	5.60e-01	2.22e-11	0.00e+00	0.00e+00	0.00e+00	0.00e+00	0.00e+00	0.00e+00	4.07e-01	1.64e-02	1.59e-02
 1.52786e+18	4.67e-01	5.33e-01	2.19e-11	0.00e+00	0.00e+00	0.00e+00	0.00e+00	0.00e+00	0.00e+00	4.34e-01	1.69e-02	1.64e-02
 1.52806e+18	4.94e-01	5.06e-01	2.17e-11	0.00e+00	0.00e+00	0.00e+00	0.00e+00	0.00e+00	0.00e+00	4.60e-01	1.73e-02	1.69e-02
 1.52824e+18	5.18e-01	4.82e-01	2.17e-11	0.00e+00	0.00e+00	0.00e+00	0.00e+00	0.00e+00	0.00e+00	4.83e-01	1.75e-02	1.72e-02
 1.52839e+18	5.39e-01	4.61e-01	2.14e-11	0.00e+00	0.00e+00	0.00e+00	0.00e+00	0.00e+00	0.00e+00	5.04e-01	1.77e-02	1.75e-02
 1.52852e+18	5.60e-01	4.40e-01	2.12e-11	0.00e+00	0.00e+00	0.00e+00	0.00e+00	0.00e+00	0.00e+00	5.24e-01	1.79e-02	1.76e-02
 1.52866e+18	5.80e-01	4.20e-01	2.09e-11	0.00e+00	0.00e+00	0.00e+00	0.00e+00	0.00e+00	0.00e+00	5.44e-01	1.79e-02	1.78e-02
 1.52879e+18	5.99e-01	4.01e-01	2.07e-11	0.00e+00	0.00e+00	0.00e+00	0.00e+00	0.00e+00	0.00e+00	5.63e-01	1.80e-02	1.79e-02
 1.52889e+18	6.14e-01	3.86e-01	2.06e-11	0.00e+00	0.00e+00	0.00e+00	0.00e+00	0.00e+00	0.00e+00	5.78e-01	1.80e-02	1.79e-02
 1.52897e+18	6.25e-01	3.75e-01	2.04e-11	0.00e+00	0.00e+00	0.00e+00	0.00e+00	0.00e+00	0.00e+00	5.89e-01	1.79e-02	1.80e-02
 1.52904e+18	6.36e-01	3.64e-01	2.02e-11	0.00e+00	0.00e+00	0.00e+00	0.00e+00	0.00e+00	0.00e+00	6.00e-01	1.79e-02	1.80e-02
 1.52912e+18	6.48e-01	3.52e-01	2.00e-11	0.00e+00	0.00e+00	0.00e+00	0.00e+00	0.00e+00	0.00e+00	6.13e-01	1.78e-02	1.79e-02
 1.52920e+18	6.60e-01	3.40e-01	1.98e-11	0.00e+00	0.00e+00	0.00e+00	0.00e+00	0.00e+00	0.00e+00	6.24e-01	1.78e-02	1.79e-02
 1.52927e+18	6.72e-01	3.28e-01	1.96e-11	0.00e+00	0.00e+00	0.00e+00	0.00e+00	0.00e+00	0.00e+00	6.37e-01	1.77e-02	1.78e-02
 1.52935e+18	6.83e-01	3.17e-01	1.94e-11	0.00e+00	0.00e+00	0.00e+00	0.00e+00	0.00e+00	0.00e+00	6.48e-01	1.76e-02	1.78e-02
 1.52943e+18	6.94e-01	3.06e-01	1.92e-11	0.00e+00	0.00e+00	0.00e+00	0.00e+00	0.00e+00	0.00e+00	6.59e-01	1.74e-02	1.77e-02
 1.52950e+18	7.05e-01	2.95e-01	1.90e-11	0.00e+00	0.00e+00	0.00e+00	0.00e+00	0.00e+00	0.00e+00	6.71e-01	1.73e-02	1.76e-02
 1.52958e+18	7.16e-01	2.84e-01	1.87e-11	0.00e+00	0.00e+00	0.00e+00	0.00e+00	0.00e+00	0.00e+00	6.81e-01	1.72e-02	1.75e-02
 1.52965e+18	7.26e-01	2.74e-01	1.85e-11	0.00e+00	0.00e+00	0.00e+00	0.00e+00	0.00e+00	0.00e+00	6.92e-01	1.70e-02	1.73e-02
 1.52972e+18	7.37e-01	2.63e-01	1.82e-11	0.00e+00	0.00e+00	0.00e+00	0.00e+00	0.00e+00	0.00e+00	7.03e-01	1.68e-02	1.72e-02
 1.52980e+18	7.47e-01	2.53e-01	1.80e-11	0.00e+00	0.00e+00	0.00e+00	0.00e+00	0.00e+00	0.00e+00	7.13e-01	1.66e-02	1.71e-02
 1.52987e+18	7.57e-01	2.43e-01	1.77e-11	0.00e+00	0.00e+00	0.00e+00	0.00e+00	0.00e+00	0.00e+00	7.23e-01	1.64e-02	1.69e-02
 1.52994e+18	7.66e-01	2.34e-01	1.75e-11	0.00e+00	0.00e+00	0.00e+00	0.00e+00	0.00e+00	0.00e+00	7.33e-01	1.62e-02	1.66e-02
 1.53001e+18	7.75e-01	2.25e-01	1.72e-11	0.00e+00	0.00e+00	0.00e+00	0.00e+00	0.00e+00	0.00e+00	7.43e-01	1.60e-02	1.64e-02
 1.53008e+18	7.84e-01	2.16e-01	1.70e-11	0.00e+00	0.00e+00	0.00e+00	0.00e+00	0.00e+00	0.00e+00	7.52e-01	1.58e-02	1.61e-02
 1.53015e+18	7.93e-01	2.07e-01	1.67e-11	0.00e+00	0.00e+00	0.00e+00	0.00e+00	0.00e+00	0.00e+00	7.61e-01	1.55e-02	1.59e-02
 1.53022e+18	8.01e-01	1.99e-01	1.64e-11	0.00e+00	0.00e+00	0.00e+00	0.00e+00	0.00e+00	0.00e+00	7.70e-01	1.53e-02	1.56e-02
 1.53029e+18	8.09e-01	1.91e-01	1.61e-11	0.00e+00	0.00e+00	0.00e+00	0.00e+00	0.00e+00	0.00e+00	7.79e-01	1.51e-02	1.54e-02
 1.53036e+18	8.17e-01	1.83e-01	1.58e-11	0.00e+00	0.00e+00	0.00e+00	0.00e+00	0.00e+00	0.00e+00	7.87e-01	1.48e-02	1.51e-02
 1.53042e+18	8.25e-01	1.75e-01	1.56e-11	0.00e+00	0.00e+00	0.00e+00	0.00e+00	0.00e+00	0.00e+00	7.95e-01	1.46e-02	1.48e-02
 1.53049e+18	8.32e-01	1.68e-01	1.53e-11	0.00e+00	0.00e+00	0.00e+00	0.00e+00	0.00e+00	0.00e+00	8.03e-01	1.43e-02	1.46e-02
 1.53056e+18	8.38e-01	1.62e-01	1.50e-11	0.00e+00	0.00e+00	0.00e+00	0.00e+00	0.00e+00	0.00e+00	8.10e-01	1.41e-02	1.43e-02
 1.53062e+18	8.45e-01	1.55e-01	1.47e-11	0.00e+00	0.00e+00	0.00e+00	0.00e+00	0.00e+00	0.00e+00	8.17e-01	1.39e-02	1.40e-02
 1.53068e+18	8.52e-01	1.48e-01	1.45e-11	0.00e+00	0.00e+00	0.00e+00	0.00e+00	0.00e+00	0.00e+00	8.24e-01	1.36e-02	1.38e-02
 1.53074e+18	8.58e-01	1.42e-01	1.42e-11	0.00e+00	0.00e+00	0.00e+00	0.00e+00	0.00e+00	0.00e+00	8.31e-01	1.34e-02	1.35e-02
 1.53080e+18	8.64e-01	1.36e-01	1.40e-11	0.00e+00	0.00e+00	0.00e+00	0.00e+00	0.00e+00	0.00e+00	8.37e-01	1.32e-02	1.33e-02
 1.53086e+18	8.69e-01	1.31e-01	1.37e-11	0.00e+00	0.00e+00	0.00e+00	0.00e+00	0.00e+00	0.00e+00	8.43e-01	1.30e-02	1.30e-02
 1.53092e+18	8.74e-01	1.26e-01	1.34e-11	0.00e+00	0.00e+00	0.00e+00	0.00e+00	0.00e+00	0.00e+00	8.49e-01	1.28e-02	1.28e-02
 1.53098e+18	8.80e-01	1.20e-01	1.32e-11	0.00e+00	0.00e+00	0.00e+00	0.00e+00	0.00e+00	0.00e+00	8.55e-01	1.25e-02	1.26e-02
 1.53104e+18	8.85e-01	1.15e-01	1.29e-11	0.00e+00	0.00e+00	0.00e+00	0.00e+00	0.00e+00	0.00e+00	8.60e-01	1.23e-02	1.23e-02
 1.53110e+18	8.89e-01	1.11e-01	1.27e-11	0.00e+00	0.00e+00	0.00e+00	0.00e+00	0.00e+00	0.00e+00	8.65e-01	1.21e-02	1.21e-02
 1.53115e+18	8.94e-01	1.06e-01	1.25e-11	0.00e+00	0.00e+00	0.00e+00	0.00e+00	0.00e+00	0.00e+00	8.70e-01	1.19e-02	1.19e-02
 1.53121e+18	8.98e-01	1.02e-01	1.22e-11	0.00e+00	0.00e+00	0.00e+00	0.00e+00	0.00e+00	0.00e+00	8.75e-01	1.18e-02	1.17e-02
 1.53126e+18	9.02e-01	9.78e-02	1.20e-11	0.00e+00	0.00e+00	0.00e+00	0.00e+00	0.00e+00	0.00e+00	8.79e-01	1.16e-02	1.15e-02
 1.53132e+18	9.06e-01	9.39e-02	1.18e-11	0.00e+00	0.00e+00	0.00e+00	0.00e+00	0.00e+00	0.00e+00	8.83e-01	1.14e-02	1.13e-02
 1.53137e+18	9.10e-01	9.01e-02	1.16e-11	0.00e+00	0.00e+00	0.00e+00	0.00e+00	0.00e+00	0.00e+00	8.88e-01	1.12e-02	1.11e-02
 1.53142e+18	9.14e-01	8.64e-02	1.13e-11	0.00e+00	0.00e+00	0.00e+00	0.00e+00	0.00e+00	0.00e+00	8.92e-01	1.10e-02	1.09e-02
 1.53147e+18	9.17e-01	8.30e-02	1.11e-11	0.00e+00	0.00e+00	0.00e+00	0.00e+00	0.00e+00	0.00e+00	8.95e-01	1.09e-02	1.07e-02
 1.53153e+18	9.20e-01	7.96e-02	1.09e-11	0.00e+00	0.00e+00	0.00e+00	0.00e+00	0.00e+00	0.00e+00	8.99e-01	1.07e-02	1.05e-02
 1.53158e+18	9.24e-01	7.64e-02	1.07e-11	0.00e+00	0.00e+00	0.00e+00	0.00e+00	0.00e+00	0.00e+00	9.03e-01	1.06e-02	1.03e-02
 1.53163e+18	9.27e-01	7.33e-02	1.06e-11	0.00e+00	0.00e+00	0.00e+00	0.00e+00	0.00e+00	0.00e+00	9.06e-01	1.04e-02	1.02e-02
 1.53167e+18	9.30e-01	7.03e-02	1.04e-11	0.00e+00	0.00e+00	0.00e+00	0.00e+00	0.00e+00	0.00e+00	9.10e-01	1.02e-02	9.99e-03
 1.53172e+18	9.33e-01	6.74e-02	1.02e-11	0.00e+00	0.00e+00	0.00e+00	0.00e+00	0.00e+00	0.00e+00	9.13e-01	1.01e-02	9.82e-03
 1.53177e+18	9.35e-01	6.46e-02	1.00e-11	0.00e+00	0.00e+00	0.00e+00	0.00e+00	0.00e+00	0.00e+00	9.16e-01	9.93e-03	9.65e-03
 1.53182e+18	9.38e-01	6.19e-02	9.84e-12	0.00e+00	0.00e+00	0.00e+00	0.00e+00	0.00e+00	0.00e+00	9.19e-01	9.78e-03	9.49e-03
 1.53186e+18	9.41e-01	5.93e-02	9.67e-12	0.00e+00	0.00e+00	0.00e+00	0.00e+00	0.00e+00	0.00e+00	9.22e-01	9.63e-03	9.33e-03
 1.53190e+18	9.43e-01	5.69e-02	9.52e-12	0.00e+00	0.00e+00	0.00e+00	0.00e+00	0.00e+00	0.00e+00	9.24e-01	9.49e-03	9.17e-03
 1.53194e+18	9.45e-01	5.47e-02	9.38e-12	0.00e+00	0.00e+00	0.00e+00	0.00e+00	0.00e+00	0.00e+00	9.27e-01	9.36e-03	9.02e-03
