#depth	O	O+	O+2	O+3	O+4	O+5	O+6	O+7	O+8	O[1]	O[2]	O[3]
 3.13032e+13	2.67e-11	7.96e-05	3.23e-01	6.76e-01	1.86e-04	0.00e+00	0.00e+00	0.00e+00	0.00e+00	1.63e-11	7.59e-12	2.82e-12
 1.87819e+14	2.71e-11	8.05e-05	3.26e-01	6.74e-01	1.84e-04	0.00e+00	0.00e+00	0.00e+00	0.00e+00	1.66e-11	7.69e-12	2.86e-12
 8.13884e+14	2.91e-11	8.46e-05	3.34e-01	6.66e-01	1.76e-04	0.00e+00	0.00e+00	0.00e+00	0.00e+00	1.78e-11	8.25e-12	3.07e-12
 2.34110e+15	3.45e-11	9.48e-05	3.54e-01	6.46e-01	1.58e-04	0.00e+00	0.00e+00	0.00e+00	0.00e+00	2.12e-11	9.70e-12	3.62e-12
 4.43488e+15	4.28e-11	1.10e-04	3.80e-01	6.20e-01	1.38e-04	0.00e+00	0.00e+00	0.00e+00	0.00e+00	2.65e-11	1.19e-11	4.48e-12
 6.61242e+15	5.32e-11	1.27e-04	4.08e-01	5.91e-01	1.19e-04	0.00e+00	0.00e+00	0.00e+00	0.00e+00	3.31e-11	1.46e-11	5.54e-12
 8.87705e+15	6.62e-11	1.47e-04	4.39e-01	5.61e-01	1.02e-04	0.00e+00	0.00e+00	0.00e+00	0.00e+00	4.15e-11	1.78e-11	6.86e-12
 1.12323e+16	8.24e-11	1.71e-04	4.71e-01	5.29e-01	8.65e-05	0.00e+00	0.00e+00	0.00e+00	0.00e+00	5.20e-11	2.19e-11	8.50e-12
 1.36817e+16	1.02e-10	1.98e-04	5.06e-01	4.94e-01	7.25e-05	0.00e+00	0.00e+00	0.00e+00	0.00e+00	6.51e-11	2.68e-11	1.05e-11
 1.62291e+16	1.27e-10	2.29e-04	5.43e-01	4.57e-01	6.00e-05	0.00e+00	0.00e+00	0.00e+00	0.00e+00	8.14e-11	3.28e-11	1.30e-11
 1.88784e+16	1.58e-10	2.64e-04	5.82e-01	4.18e-01	4.89e-05	0.00e+00	0.00e+00	0.00e+00	0.00e+00	1.02e-10	4.00e-11	1.60e-11
 2.16337e+16	1.96e-10	3.05e-04	6.24e-01	3.76e-01	3.90e-05	0.00e+00	0.00e+00	0.00e+00	0.00e+00	1.27e-10	4.87e-11	1.97e-11
 2.44992e+16	2.42e-10	3.52e-04	6.67e-01	3.32e-01	3.03e-05	0.00e+00	0.00e+00	0.00e+00	0.00e+00	1.59e-10	5.92e-11	2.43e-11
 2.74793e+16	2.98e-10	4.04e-04	7.12e-01	2.87e-01	2.28e-05	0.00e+00	0.00e+00	0.00e+00	0.00e+00	1.97e-10	7.15e-11	2.97e-11
 3.05786e+16	3.67e-10	4.63e-04	7.59e-01	2.41e-01	1.65e-05	0.00e+00	0.00e+00	0.00e+00	0.00e+00	2.44e-10	8.61e-11	3.63e-11
 3.38019e+16	4.48e-10	5.29e-04	8.04e-01	1.95e-01	1.14e-05	0.00e+00	0.00e+00	0.00e+00	0.00e+00	3.01e-10	1.03e-10	4.40e-11
 3.71541e+16	5.42e-10	6.00e-04	8.48e-01	1.51e-01	7.46e-06	0.00e+00	0.00e+00	0.00e+00	0.00e+00	3.67e-10	1.22e-10	5.29e-11
 4.06404e+16	6.51e-10	6.75e-04	8.88e-01	1.12e-01	4.55e-06	0.00e+00	0.00e+00	0.00e+00	0.00e+00	4.45e-10	1.43e-10	6.30e-11
 4.42661e+16	7.74e-10	7.54e-04	9.21e-01	7.79e-02	2.57e-06	0.00e+00	0.00e+00	0.00e+00	0.00e+00	5.34e-10	1.66e-10	7.43e-11
 4.80369e+16	9.13e-10	8.34e-04	9.48e-01	5.13e-02	1.34e-06	0.00e+00	0.00e+00	0.00e+00	0.00e+00	6.35e-10	1.91e-10	8.68e-11
 5.19585e+16	1.07e-09	9.17e-04	9.67e-01	3.19e-02	6.50e-07	0.00e+00	0.00e+00	0.00e+00	0.00e+00	7.51e-10	2.18e-10	1.01e-10
 5.60370e+16	1.25e-09	1.00e-03	9.80e-01	1.90e-02	2.96e-07	0.00e+00	0.00e+00	0.00e+00	0.00e+00	8.84e-10	2.48e-10	1.17e-10
 6.02786e+16	1.46e-09	1.09e-03	9.88e-01	1.09e-02	1.28e-07	0.00e+00	0.00e+00	0.00e+00	0.00e+00	1.04e-09	2.82e-10	1.35e-10
 6.46899e+16	1.70e-09	1.18e-03	9.93e-01	6.12e-03	0.00e+00	0.00e+00	0.00e+00	0.00e+00	0.00e+00	1.23e-09	3.20e-10	1.56e-10
 6.92776e+16	1.99e-09	1.28e-03	9.95e-01	3.37e-03	0.00e+00	0.00e+00	0.00e+00	0.00e+00	0.00e+00	1.44e-09	3.63e-10	1.80e-10
 7.40489e+16	2.32e-09	1.39e-03	9.97e-01	1.83e-03	0.00e+00	0.00e+00	0.00e+00	0.00e+00	0.00e+00	1.70e-09	4.12e-10	2.08e-10
 7.90110e+16	2.71e-09	1.50e-03	9.98e-01	9.96e-04	0.00e+00	0.00e+00	0.00e+00	0.00e+00	0.00e+00	2.01e-09	4.67e-10	2.40e-10
 8.41716e+16	3.17e-09	1.63e-03	9.98e-01	5.44e-04	0.00e+00	0.00e+00	0.00e+00	0.00e+00	0.00e+00	2.36e-09	5.29e-10	2.77e-10
 8.95386e+16	3.70e-09	1.76e-03	9.98e-01	3.02e-04	0.00e+00	0.00e+00	0.00e+00	0.00e+00	0.00e+00	2.78e-09	5.99e-10	3.19e-10
 9.51202e+16	4.32e-09	1.90e-03	9.98e-01	1.73e-04	0.00e+00	0.00e+00	0.00e+00	0.00e+00	0.00e+00	3.28e-09	6.78e-10	3.68e-10
 1.00925e+17	5.05e-09	2.06e-03	9.98e-01	1.04e-04	0.00e+00	0.00e+00	0.00e+00	0.00e+00	0.00e+00	3.86e-09	7.68e-10	4.24e-10
 1.06962e+17	5.89e-09	2.22e-03	9.98e-01	6.66e-05	0.00e+00	0.00e+00	0.00e+00	0.00e+00	0.00e+00	4.54e-09	8.68e-10	4.88e-10
 1.13241e+17	6.88e-09	2.40e-03	9.98e-01	4.62e-05	0.00e+00	0.00e+00	0.00e+00	0.00e+00	0.00e+00	5.34e-09	9.82e-10	5.62e-10
 1.19771e+17	8.04e-09	2.60e-03	9.97e-01	3.47e-05	0.00e+00	0.00e+00	0.00e+00	0.00e+00	0.00e+00	6.28e-09	1.11e-09	6.47e-10
 1.26562e+17	9.38e-09	2.81e-03	9.97e-01	2.78e-05	0.00e+00	0.00e+00	0.00e+00	0.00e+00	0.00e+00	7.38e-09	1.26e-09	7.44e-10
 1.33624e+17	1.10e-08	3.04e-03	9.97e-01	2.35e-05	0.00e+00	0.00e+00	0.00e+00	0.00e+00	0.00e+00	8.68e-09	1.42e-09	8.56e-10
 1.40969e+17	1.28e-08	3.29e-03	9.97e-01	2.04e-05	0.00e+00	0.00e+00	0.00e+00	0.00e+00	0.00e+00	1.02e-08	1.61e-09	9.85e-10
 1.48608e+17	1.49e-08	3.56e-03	9.96e-01	1.82e-05	0.00e+00	0.00e+00	0.00e+00	0.00e+00	0.00e+00	1.20e-08	1.82e-09	1.13e-09
 1.56553e+17	1.74e-08	3.85e-03	9.96e-01	1.64e-05	0.00e+00	0.00e+00	0.00e+00	0.00e+00	0.00e+00	1.41e-08	2.06e-09	1.30e-09
 1.64815e+17	2.04e-08	4.17e-03	9.96e-01	1.49e-05	0.00e+00	0.00e+00	0.00e+00	0.00e+00	0.00e+00	1.65e-08	2.33e-09	1.50e-09
 1.73408e+17	2.38e-08	4.51e-03	9.95e-01	1.37e-05	0.00e+00	0.00e+00	0.00e+00	0.00e+00	0.00e+00	1.94e-08	2.64e-09	1.72e-09
 1.82344e+17	2.78e-08	4.88e-03	9.95e-01	1.25e-05	0.00e+00	0.00e+00	0.00e+00	0.00e+00	0.00e+00	2.28e-08	2.99e-09	1.98e-09
 1.91638e+17	3.24e-08	5.28e-03	9.95e-01	1.15e-05	0.00e+00	0.00e+00	0.00e+00	0.00e+00	0.00e+00	2.68e-08	3.39e-09	2.28e-09
 2.01304e+17	3.79e-08	5.71e-03	9.94e-01	1.05e-05	0.00e+00	0.00e+00	0.00e+00	0.00e+00	0.00e+00	3.14e-08	3.85e-09	2.62e-09
 2.11356e+17	4.43e-08	6.18e-03	9.94e-01	9.66e-06	0.00e+00	0.00e+00	0.00e+00	0.00e+00	0.00e+00	3.69e-08	4.37e-09	3.01e-09
 2.21811e+17	5.18e-08	6.69e-03	9.93e-01	8.87e-06	0.00e+00	0.00e+00	0.00e+00	0.00e+00	0.00e+00	4.34e-08	4.98e-09	3.47e-09
 2.32683e+17	6.06e-08	7.25e-03	9.93e-01	8.15e-06	0.00e+00	0.00e+00	0.00e+00	0.00e+00	0.00e+00	5.09e-08	5.67e-09	4.00e-09
 2.43991e+17	7.09e-08	7.85e-03	9.92e-01	7.48e-06	0.00e+00	0.00e+00	0.00e+00	0.00e+00	0.00e+00	5.98e-08	6.46e-09	4.61e-09
 2.55750e+17	8.30e-08	8.50e-03	9.91e-01	6.87e-06	0.00e+00	0.00e+00	0.00e+00	0.00e+00	0.00e+00	7.03e-08	7.38e-09	5.32e-09
 2.67980e+17	9.73e-08	9.20e-03	9.91e-01	6.30e-06	0.00e+00	0.00e+00	0.00e+00	0.00e+00	0.00e+00	8.27e-08	8.43e-09	6.15e-09
 2.80700e+17	1.14e-07	9.97e-03	9.90e-01	5.79e-06	0.00e+00	0.00e+00	0.00e+00	0.00e+00	0.00e+00	9.72e-08	9.65e-09	7.10e-09
 2.93928e+17	1.34e-07	1.08e-02	9.89e-01	5.31e-06	0.00e+00	0.00e+00	0.00e+00	0.00e+00	0.00e+00	1.14e-07	1.11e-08	8.22e-09
 3.07685e+17	1.57e-07	1.17e-02	9.88e-01	4.87e-06	0.00e+00	0.00e+00	0.00e+00	0.00e+00	0.00e+00	1.34e-07	1.27e-08	9.51e-09
 3.21993e+17	1.84e-07	1.27e-02	9.87e-01	4.46e-06	0.00e+00	0.00e+00	0.00e+00	0.00e+00	0.00e+00	1.58e-07	1.46e-08	1.10e-08
 3.36873e+17	2.16e-07	1.38e-02	9.86e-01	4.09e-06	0.00e+00	0.00e+00	0.00e+00	0.00e+00	0.00e+00	1.86e-07	1.68e-08	1.28e-08
 3.52348e+17	2.54e-07	1.49e-02	9.85e-01	3.75e-06	0.00e+00	0.00e+00	0.00e+00	0.00e+00	0.00e+00	2.20e-07	1.94e-08	1.49e-08
 3.68442e+17	2.99e-07	1.62e-02	9.84e-01	3.43e-06	0.00e+00	0.00e+00	0.00e+00	0.00e+00	0.00e+00	2.59e-07	2.24e-08	1.73e-08
 3.85179e+17	3.51e-07	1.75e-02	9.82e-01	3.14e-06	0.00e+00	0.00e+00	0.00e+00	0.00e+00	0.00e+00	3.05e-07	2.59e-08	2.01e-08
 4.02587e+17	4.14e-07	1.90e-02	9.81e-01	2.87e-06	0.00e+00	0.00e+00	0.00e+00	0.00e+00	0.00e+00	3.60e-07	3.00e-08	2.35e-08
 4.20690e+17	4.88e-07	2.07e-02	9.79e-01	2.63e-06	0.00e+00	0.00e+00	0.00e+00	0.00e+00	0.00e+00	4.25e-07	3.49e-08	2.74e-08
 4.39518e+17	5.75e-07	2.24e-02	9.78e-01	2.40e-06	0.00e+00	0.00e+00	0.00e+00	0.00e+00	0.00e+00	5.03e-07	4.05e-08	3.20e-08
 4.59099e+17	6.79e-07	2.44e-02	9.76e-01	2.19e-06	0.00e+00	0.00e+00	0.00e+00	0.00e+00	0.00e+00	5.94e-07	4.72e-08	3.74e-08
 4.79463e+17	8.02e-07	2.65e-02	9.74e-01	2.00e-06	0.00e+00	0.00e+00	0.00e+00	0.00e+00	0.00e+00	7.03e-07	5.50e-08	4.38e-08
 5.00642e+17	9.49e-07	2.88e-02	9.71e-01	1.83e-06	0.00e+00	0.00e+00	0.00e+00	0.00e+00	0.00e+00	8.33e-07	6.42e-08	5.14e-08
 5.22668e+17	1.12e-06	3.13e-02	9.69e-01	1.67e-06	0.00e+00	0.00e+00	0.00e+00	0.00e+00	0.00e+00	9.87e-07	7.52e-08	6.04e-08
 5.45574e+17	1.33e-06	3.40e-02	9.66e-01	1.52e-06	0.00e+00	0.00e+00	0.00e+00	0.00e+00	0.00e+00	1.17e-06	8.81e-08	7.11e-08
 5.69398e+17	1.58e-06	3.70e-02	9.63e-01	1.38e-06	0.00e+00	0.00e+00	0.00e+00	0.00e+00	0.00e+00	1.39e-06	1.03e-07	8.38e-08
 5.94174e+17	1.87e-06	4.03e-02	9.60e-01	1.25e-06	0.00e+00	0.00e+00	0.00e+00	0.00e+00	0.00e+00	1.65e-06	1.22e-07	9.89e-08
 6.19941e+17	2.23e-06	4.39e-02	9.56e-01	1.14e-06	0.00e+00	0.00e+00	0.00e+00	0.00e+00	0.00e+00	1.97e-06	1.43e-07	1.17e-07
 6.46738e+17	2.65e-06	4.79e-02	9.52e-01	1.03e-06	0.00e+00	0.00e+00	0.00e+00	0.00e+00	0.00e+00	2.34e-06	1.69e-07	1.38e-07
 6.74608e+17	3.16e-06	5.22e-02	9.48e-01	9.35e-07	0.00e+00	0.00e+00	0.00e+00	0.00e+00	0.00e+00	2.79e-06	2.00e-07	1.64e-07
 7.03593e+17	3.77e-06	5.70e-02	9.43e-01	8.45e-07	0.00e+00	0.00e+00	0.00e+00	0.00e+00	0.00e+00	3.34e-06	2.37e-07	1.95e-07
 7.33736e+17	4.51e-06	6.22e-02	9.38e-01	7.63e-07	0.00e+00	0.00e+00	0.00e+00	0.00e+00	0.00e+00	4.00e-06	2.82e-07	2.32e-07
 7.65086e+17	5.41e-06	6.80e-02	9.32e-01	6.88e-07	0.00e+00	0.00e+00	0.00e+00	0.00e+00	0.00e+00	4.79e-06	3.35e-07	2.78e-07
 7.97690e+17	6.49e-06	7.44e-02	9.26e-01	6.18e-07	0.00e+00	0.00e+00	0.00e+00	0.00e+00	0.00e+00	5.76e-06	4.00e-07	3.32e-07
 8.31597e+17	7.82e-06	8.16e-02	9.18e-01	5.54e-07	0.00e+00	0.00e+00	0.00e+00	0.00e+00	0.00e+00	6.94e-06	4.79e-07	3.99e-07
 8.66861e+17	9.43e-06	8.94e-02	9.11e-01	4.97e-07	0.00e+00	0.00e+00	0.00e+00	0.00e+00	0.00e+00	8.38e-06	5.75e-07	4.80e-07
 9.03536e+17	1.14e-05	9.82e-02	9.02e-01	4.43e-07	0.00e+00	0.00e+00	0.00e+00	0.00e+00	0.00e+00	1.01e-05	6.93e-07	5.80e-07
 9.41677e+17	1.39e-05	1.08e-01	8.92e-01	3.94e-07	0.00e+00	0.00e+00	0.00e+00	0.00e+00	0.00e+00	1.23e-05	8.38e-07	7.02e-07
 9.81345e+17	1.69e-05	1.19e-01	8.81e-01	3.49e-07	0.00e+00	0.00e+00	0.00e+00	0.00e+00	0.00e+00	1.51e-05	1.02e-06	8.56e-07
 1.02260e+18	2.08e-05	1.31e-01	8.69e-01	3.08e-07	0.00e+00	0.00e+00	0.00e+00	0.00e+00	0.00e+00	1.85e-05	1.24e-06	1.05e-06
 1.06550e+18	2.57e-05	1.45e-01	8.55e-01	2.70e-07	0.00e+00	0.00e+00	0.00e+00	0.00e+00	0.00e+00	2.28e-05	1.53e-06	1.29e-06
 1.11012e+18	3.19e-05	1.61e-01	8.39e-01	2.35e-07	0.00e+00	0.00e+00	0.00e+00	0.00e+00	0.00e+00	2.84e-05	1.89e-06	1.60e-06
 1.15653e+18	4.00e-05	1.80e-01	8.20e-01	2.04e-07	0.00e+00	0.00e+00	0.00e+00	0.00e+00	0.00e+00	3.56e-05	2.36e-06	2.00e-06
 1.20479e+18	5.06e-05	2.01e-01	7.99e-01	1.74e-07	0.00e+00	0.00e+00	0.00e+00	0.00e+00	0.00e+00	4.51e-05	2.98e-06	2.53e-06
 1.25498e+18	6.49e-05	2.26e-01	7.74e-01	1.48e-07	0.00e+00	0.00e+00	0.00e+00	0.00e+00	0.00e+00	5.78e-05	3.81e-06	3.24e-06
 1.30512e+18	8.35e-05	2.54e-01	7.46e-01	1.24e-07	0.00e+00	0.00e+00	0.00e+00	0.00e+00	0.00e+00	7.45e-05	4.89e-06	4.16e-06
 1.35310e+18	1.07e-04	2.85e-01	7.15e-01	0.00e+00	0.00e+00	0.00e+00	0.00e+00	0.00e+00	0.00e+00	9.57e-05	6.26e-06	5.34e-06
 1.39932e+18	1.38e-04	3.19e-01	6.81e-01	0.00e+00	0.00e+00	0.00e+00	0.00e+00	0.00e+00	0.00e+00	1.23e-04	8.03e-06	6.86e-06
 1.44455e+18	1.79e-04	3.58e-01	6.42e-01	0.00e+00	0.00e+00	0.00e+00	0.00e+00	0.00e+00	0.00e+00	1.60e-04	1.04e-05	8.90e-06
 1.48840e+18	2.34e-04	4.03e-01	5.97e-01	0.00e+00	0.00e+00	0.00e+00	0.00e+00	0.00e+00	0.00e+00	2.09e-04	1.36e-05	1.16e-05
 1.52347e+18	2.95e-04	4.46e-01	5.54e-01	0.00e+00	0.00e+00	0.00e+00	0.00e+00	0.00e+00	0.00e+00	2.63e-04	1.71e-05	1.46e-05
 1.54648e+18	3.47e-04	4.78e-01	5.21e-01	0.00e+00	0.00e+00	0.00e+00	0.00e+00	0.00e+00	0.00e+00	3.10e-04	2.00e-05	1.72e-05
 1.56463e+18	3.98e-04	5.07e-01	4.93e-01	0.00e+00	0.00e+00	0.00e+00	0.00e+00	0.00e+00	0.00e+00	3.55e-04	2.29e-05	1.97e-05
 1.58487e+18	4.66e-04	5.43e-01	4.57e-01	0.00e+00	0.00e+00	0.00e+00	0.00e+00	0.00e+00	0.00e+00	4.16e-04	2.69e-05	2.31e-05
 1.60601e+18	5.55e-04	5.84e-01	4.15e-01	0.00e+00	0.00e+00	0.00e+00	0.00e+00	0.00e+00	0.00e+00	4.96e-04	3.19e-05	2.75e-05
 1.62247e+18	6.41e-04	6.22e-01	3.78e-01	0.00e+00	0.00e+00	0.00e+00	0.00e+00	0.00e+00	0.00e+00	5.72e-04	3.69e-05	3.18e-05
 1.63435e+18	7.16e-04	6.52e-01	3.48e-01	0.00e+00	0.00e+00	0.00e+00	0.00e+00	0.00e+00	0.00e+00	6.40e-04	4.12e-05	3.55e-05
 1.64426e+18	7.89e-04	6.79e-01	3.20e-01	0.00e+00	0.00e+00	0.00e+00	0.00e+00	0.00e+00	0.00e+00	7.05e-04	4.53e-05	3.91e-05
 1.65524e+18	8.82e-04	7.13e-01	2.86e-01	0.00e+00	0.00e+00	0.00e+00	0.00e+00	0.00e+00	0.00e+00	7.88e-04	5.07e-05	4.37e-05
 1.66636e+18	9.90e-04	7.50e-01	2.49e-01	0.00e+00	0.00e+00	0.00e+00	0.00e+00	0.00e+00	0.00e+00	8.84e-04	5.68e-05	4.90e-05
 1.67448e+18	1.08e-03	7.80e-01	2.19e-01	0.00e+00	0.00e+00	0.00e+00	0.00e+00	0.00e+00	0.00e+00	9.68e-04	6.22e-05	5.37e-05
 1.68007e+18	1.16e-03	8.02e-01	1.97e-01	0.00e+00	0.00e+00	0.00e+00	0.00e+00	0.00e+00	0.00e+00	1.04e-03	6.65e-05	5.74e-05
 1.68479e+18	1.23e-03	8.22e-01	1.76e-01	0.00e+00	0.00e+00	0.00e+00	0.00e+00	0.00e+00	0.00e+00	1.10e-03	7.03e-05	6.07e-05
 1.69017e+18	1.31e-03	8.47e-01	1.52e-01	0.00e+00	0.00e+00	0.00e+00	0.00e+00	0.00e+00	0.00e+00	1.17e-03	7.50e-05	6.48e-05
 1.69564e+18	1.40e-03	8.72e-01	1.26e-01	0.00e+00	0.00e+00	0.00e+00	0.00e+00	0.00e+00	0.00e+00	1.25e-03	8.03e-05	6.93e-05
 1.69968e+18	1.48e-03	8.92e-01	1.06e-01	0.00e+00	0.00e+00	0.00e+00	0.00e+00	0.00e+00	0.00e+00	1.32e-03	8.46e-05	7.31e-05
 1.70252e+18	1.53e-03	9.07e-01	9.15e-02	0.00e+00	0.00e+00	0.00e+00	0.00e+00	0.00e+00	0.00e+00	1.37e-03	8.78e-05	7.59e-05
 1.70494e+18	1.58e-03	9.20e-01	7.89e-02	0.00e+00	0.00e+00	0.00e+00	0.00e+00	0.00e+00	0.00e+00	1.41e-03	9.06e-05	7.83e-05
 1.70770e+18	1.64e-03	9.34e-01	6.46e-02	0.00e+00	0.00e+00	0.00e+00	0.00e+00	0.00e+00	0.00e+00	1.47e-03	9.40e-05	8.13e-05
 1.71053e+18	1.70e-03	9.48e-01	5.04e-02	0.00e+00	0.00e+00	0.00e+00	0.00e+00	0.00e+00	0.00e+00	1.52e-03	9.73e-05	8.41e-05
 1.71266e+18	1.75e-03	9.58e-01	4.01e-02	0.00e+00	0.00e+00	0.00e+00	0.00e+00	0.00e+00	0.00e+00	1.56e-03	1.00e-04	8.65e-05
 1.71423e+18	1.78e-03	9.65e-01	3.29e-02	0.00e+00	0.00e+00	0.00e+00	0.00e+00	0.00e+00	0.00e+00	1.59e-03	1.02e-04	8.80e-05
 1.71584e+18	1.81e-03	9.72e-01	2.60e-02	0.00e+00	0.00e+00	0.00e+00	0.00e+00	0.00e+00	0.00e+00	1.62e-03	1.04e-04	8.98e-05
 1.71757e+18	1.85e-03	9.79e-01	1.95e-02	0.00e+00	0.00e+00	0.00e+00	0.00e+00	0.00e+00	0.00e+00	1.65e-03	1.06e-04	9.14e-05
 1.71905e+18	1.87e-03	9.83e-01	1.46e-02	0.00e+00	0.00e+00	0.00e+00	0.00e+00	0.00e+00	0.00e+00	1.67e-03	1.07e-04	9.28e-05
 1.72027e+18	1.89e-03	9.87e-01	1.12e-02	0.00e+00	0.00e+00	0.00e+00	0.00e+00	0.00e+00	0.00e+00	1.69e-03	1.08e-04	9.35e-05
 1.72159e+18	1.91e-03	9.90e-01	8.21e-03	0.00e+00	0.00e+00	0.00e+00	0.00e+00	0.00e+00	0.00e+00	1.71e-03	1.09e-04	9.47e-05
 1.72306e+18	1.92e-03	9.92e-01	5.64e-03	0.00e+00	0.00e+00	0.00e+00	0.00e+00	0.00e+00	0.00e+00	1.72e-03	1.10e-04	9.53e-05
 1.72450e+18	1.94e-03	9.94e-01	3.81e-03	0.00e+00	0.00e+00	0.00e+00	0.00e+00	0.00e+00	0.00e+00	1.74e-03	1.11e-04	9.63e-05
 1.72613e+18	1.96e-03	9.96e-01	2.40e-03	0.00e+00	0.00e+00	0.00e+00	0.00e+00	0.00e+00	0.00e+00	1.75e-03	1.12e-04	9.74e-05
 1.72824e+18	1.99e-03	9.97e-01	1.31e-03	0.00e+00	0.00e+00	0.00e+00	0.00e+00	0.00e+00	0.00e+00	1.78e-03	1.14e-04	9.87e-05
 1.73098e+18	2.04e-03	9.97e-01	6.08e-04	0.00e+00	0.00e+00	0.00e+00	0.00e+00	0.00e+00	0.00e+00	1.82e-03	1.16e-04	1.01e-04
 1.73455e+18	2.09e-03	9.98e-01	2.32e-04	0.00e+00	0.00e+00	0.00e+00	0.00e+00	0.00e+00	0.00e+00	1.87e-03	1.19e-04	1.04e-04
 1.73919e+18	2.18e-03	9.98e-01	7.07e-05	0.00e+00	0.00e+00	0.00e+00	0.00e+00	0.00e+00	0.00e+00	1.94e-03	1.24e-04	1.08e-04
 1.74522e+18	2.29e-03	9.98e-01	1.67e-05	0.00e+00	0.00e+00	0.00e+00	0.00e+00	0.00e+00	0.00e+00	2.05e-03	1.31e-04	1.14e-04
 1.75306e+18	2.46e-03	9.98e-01	2.95e-06	0.00e+00	0.00e+00	0.00e+00	0.00e+00	0.00e+00	0.00e+00	2.20e-03	1.40e-04	1.22e-04
 1.76326e+18	2.72e-03	9.97e-01	3.64e-07	0.00e+00	0.00e+00	0.00e+00	0.00e+00	0.00e+00	0.00e+00	2.43e-03	1.55e-04	1.35e-04
 1.77651e+18	3.12e-03	9.97e-01	2.93e-08	0.00e+00	0.00e+00	0.00e+00	0.00e+00	0.00e+00	0.00e+00	2.79e-03	1.78e-04	1.55e-04
 1.79374e+18	3.82e-03	9.96e-01	1.67e-09	0.00e+00	0.00e+00	0.00e+00	0.00e+00	0.00e+00	0.00e+00	3.41e-03	2.17e-04	1.89e-04
 1.81218e+18	4.95e-03	9.95e-01	2.87e-10	0.00e+00	0.00e+00	0.00e+00	0.00e+00	0.00e+00	0.00e+00	4.43e-03	2.81e-04	2.45e-04
 1.82677e+18	6.41e-03	9.94e-01	1.71e-10	0.00e+00	0.00e+00	0.00e+00	0.00e+00	0.00e+00	0.00e+00	5.73e-03	3.63e-04	3.18e-04
 1.83665e+18	7.93e-03	9.92e-01	1.25e-10	0.00e+00	0.00e+00	0.00e+00	0.00e+00	0.00e+00	0.00e+00	7.09e-03	4.48e-04	3.93e-04
 1.84402e+18	9.53e-03	9.90e-01	9.73e-11	0.00e+00	0.00e+00	0.00e+00	0.00e+00	0.00e+00	0.00e+00	8.52e-03	5.38e-04	4.72e-04
 1.85072e+18	1.15e-02	9.88e-01	7.71e-11	0.00e+00	0.00e+00	0.00e+00	0.00e+00	0.00e+00	0.00e+00	1.03e-02	6.49e-04	5.71e-04
 1.85724e+18	1.43e-02	9.86e-01	6.16e-11	0.00e+00	0.00e+00	0.00e+00	0.00e+00	0.00e+00	0.00e+00	1.28e-02	8.03e-04	7.07e-04
 1.86308e+18	1.80e-02	9.82e-01	5.07e-11	0.00e+00	0.00e+00	0.00e+00	0.00e+00	0.00e+00	0.00e+00	1.61e-02	1.01e-03	8.87e-04
 1.86779e+18	2.24e-02	9.78e-01	4.37e-11	0.00e+00	0.00e+00	0.00e+00	0.00e+00	0.00e+00	0.00e+00	2.00e-02	1.25e-03	1.10e-03
 1.87147e+18	2.74e-02	9.73e-01	3.91e-11	0.00e+00	0.00e+00	0.00e+00	0.00e+00	0.00e+00	0.00e+00	2.45e-02	1.53e-03	1.35e-03
 1.87454e+18	3.34e-02	9.67e-01	3.58e-11	0.00e+00	0.00e+00	0.00e+00	0.00e+00	0.00e+00	0.00e+00	2.99e-02	1.85e-03	1.64e-03
 1.87728e+18	4.09e-02	9.59e-01	3.31e-11	0.00e+00	0.00e+00	0.00e+00	0.00e+00	0.00e+00	0.00e+00	3.66e-02	2.25e-03	2.00e-03
 1.87976e+18	5.07e-02	9.49e-01	3.08e-11	0.00e+00	0.00e+00	0.00e+00	0.00e+00	0.00e+00	0.00e+00	4.54e-02	2.77e-03	2.47e-03
 1.88191e+18	6.29e-02	9.37e-01	2.88e-11	0.00e+00	0.00e+00	0.00e+00	0.00e+00	0.00e+00	0.00e+00	5.65e-02	3.42e-03	3.06e-03
 1.88369e+18	7.78e-02	9.22e-01	2.71e-11	0.00e+00	0.00e+00	0.00e+00	0.00e+00	0.00e+00	0.00e+00	6.98e-02	4.19e-03	3.75e-03
 1.88501e+18	9.31e-02	9.07e-01	2.58e-11	0.00e+00	0.00e+00	0.00e+00	0.00e+00	0.00e+00	0.00e+00	8.37e-02	4.96e-03	4.46e-03
 1.88590e+18	1.07e-01	8.93e-01	2.49e-11	0.00e+00	0.00e+00	0.00e+00	0.00e+00	0.00e+00	0.00e+00	9.61e-02	5.65e-03	5.09e-03
 1.88679e+18	1.24e-01	8.76e-01	2.41e-11	0.00e+00	0.00e+00	0.00e+00	0.00e+00	0.00e+00	0.00e+00	1.12e-01	6.49e-03	5.87e-03
 1.88775e+18	1.48e-01	8.52e-01	2.32e-11	0.00e+00	0.00e+00	0.00e+00	0.00e+00	0.00e+00	0.00e+00	1.34e-01	7.61e-03	6.91e-03
 1.88856e+18	1.74e-01	8.26e-01	2.25e-11	0.00e+00	0.00e+00	0.00e+00	0.00e+00	0.00e+00	0.00e+00	1.58e-01	8.80e-03	8.03e-03
 1.88919e+18	2.01e-01	7.99e-01	2.21e-11	0.00e+00	0.00e+00	0.00e+00	0.00e+00	0.00e+00	0.00e+00	1.82e-01	9.96e-03	9.13e-03
 1.88975e+18	2.30e-01	7.70e-01	2.17e-11	0.00e+00	0.00e+00	0.00e+00	0.00e+00	0.00e+00	0.00e+00	2.08e-01	1.11e-02	1.03e-02
 1.89037e+18	2.69e-01	7.31e-01	2.14e-11	0.00e+00	0.00e+00	0.00e+00	0.00e+00	0.00e+00	0.00e+00	2.45e-01	1.26e-02	1.17e-02
 1.89101e+18	3.19e-01	6.81e-01	2.11e-11	0.00e+00	0.00e+00	0.00e+00	0.00e+00	0.00e+00	0.00e+00	2.91e-01	1.44e-02	1.34e-02
 1.89149e+18	3.64e-01	6.36e-01	2.08e-11	0.00e+00	0.00e+00	0.00e+00	0.00e+00	0.00e+00	0.00e+00	3.33e-01	1.58e-02	1.48e-02
 1.89181e+18	3.97e-01	6.03e-01	2.06e-11	0.00e+00	0.00e+00	0.00e+00	0.00e+00	0.00e+00	0.00e+00	3.65e-01	1.67e-02	1.58e-02
 1.89203e+18	4.23e-01	5.77e-01	2.05e-11	0.00e+00	0.00e+00	0.00e+00	0.00e+00	0.00e+00	0.00e+00	3.90e-01	1.73e-02	1.65e-02
 1.89224e+18	4.49e-01	5.51e-01	2.04e-11	0.00e+00	0.00e+00	0.00e+00	0.00e+00	0.00e+00	0.00e+00	4.14e-01	1.79e-02	1.71e-02
 1.89245e+18	4.76e-01	5.24e-01	2.01e-11	0.00e+00	0.00e+00	0.00e+00	0.00e+00	0.00e+00	0.00e+00	4.40e-01	1.84e-02	1.77e-02
 1.89265e+18	5.02e-01	4.98e-01	2.00e-11	0.00e+00	0.00e+00	0.00e+00	0.00e+00	0.00e+00	0.00e+00	4.65e-01	1.88e-02	1.81e-02
 1.89283e+18	5.25e-01	4.75e-01	1.98e-11	0.00e+00	0.00e+00	0.00e+00	0.00e+00	0.00e+00	0.00e+00	4.88e-01	1.91e-02	1.85e-02
 1.89298e+18	5.46e-01	4.54e-01	1.96e-11	0.00e+00	0.00e+00	0.00e+00	0.00e+00	0.00e+00	0.00e+00	5.08e-01	1.93e-02	1.88e-02
 1.89312e+18	5.67e-01	4.33e-01	1.94e-11	0.00e+00	0.00e+00	0.00e+00	0.00e+00	0.00e+00	0.00e+00	5.28e-01	1.94e-02	1.90e-02
 1.89326e+18	5.86e-01	4.14e-01	1.92e-11	0.00e+00	0.00e+00	0.00e+00	0.00e+00	0.00e+00	0.00e+00	5.47e-01	1.95e-02	1.92e-02
 1.89337e+18	6.01e-01	3.99e-01	1.90e-11	0.00e+00	0.00e+00	0.00e+00	0.00e+00	0.00e+00	0.00e+00	5.62e-01	1.95e-02	1.93e-02
 1.89346e+18	6.13e-01	3.87e-01	1.88e-11	0.00e+00	0.00e+00	0.00e+00	0.00e+00	0.00e+00	0.00e+00	5.74e-01	1.96e-02	1.93e-02
 1.89353e+18	6.23e-01	3.77e-01	1.87e-11	0.00e+00	0.00e+00	0.00e+00	0.00e+00	0.00e+00	0.00e+00	5.85e-01	1.96e-02	1.94e-02
 1.89361e+18	6.36e-01	3.64e-01	1.85e-11	0.00e+00	0.00e+00	0.00e+00	0.00e+00	0.00e+00	0.00e+00	5.97e-01	1.95e-02	1.94e-02
 1.89370e+18	6.48e-01	3.52e-01	1.83e-11	0.00e+00	0.00e+00	0.00e+00	0.00e+00	0.00e+00	0.00e+00	6.09e-01	1.95e-02	1.94e-02
 1.89379e+18	6.60e-01	3.40e-01	1.81e-11	0.00e+00	0.00e+00	0.00e+00	0.00e+00	0.00e+00	0.00e+00	6.21e-01	1.94e-02	1.94e-02
 1.89387e+18	6.71e-01	3.29e-01	1.79e-11	0.00e+00	0.00e+00	0.00e+00	0.00e+00	0.00e+00	0.00e+00	6.33e-01	1.94e-02	1.94e-02
 1.89395e+18	6.82e-01	3.18e-01	1.77e-11	0.00e+00	0.00e+00	0.00e+00	0.00e+00	0.00e+00	0.00e+00	6.44e-01	1.93e-02	1.93e-02
 1.89403e+18	6.94e-01	3.06e-01	1.74e-11	0.00e+00	0.00e+00	0.00e+00	0.00e+00	0.00e+00	0.00e+00	6.55e-01	1.92e-02	1.93e-02
 1.89411e+18	7.04e-01	2.96e-01	1.72e-11	0.00e+00	0.00e+00	0.00e+00	0.00e+00	0.00e+00	0.00e+00	6.66e-01	1.91e-02	1.92e-02
 1.89419e+18	7.15e-01	2.85e-01	1.70e-11	0.00e+00	0.00e+00	0.00e+00	0.00e+00	0.00e+00	0.00e+00	6.77e-01	1.89e-02	1.91e-02
 1.89427e+18	7.26e-01	2.74e-01	1.67e-11	0.00e+00	0.00e+00	0.00e+00	0.00e+00	0.00e+00	0.00e+00	6.88e-01	1.88e-02	1.90e-02
 1.89435e+18	7.36e-01	2.64e-01	1.65e-11	0.00e+00	0.00e+00	0.00e+00	0.00e+00	0.00e+00	0.00e+00	6.98e-01	1.86e-02	1.89e-02
 1.89443e+18	7.46e-01	2.54e-01	1.62e-11	0.00e+00	0.00e+00	0.00e+00	0.00e+00	0.00e+00	0.00e+00	7.08e-01	1.85e-02	1.88e-02
 1.89451e+18	7.56e-01	2.44e-01	1.59e-11	0.00e+00	0.00e+00	0.00e+00	0.00e+00	0.00e+00	0.00e+00	7.19e-01	1.83e-02	1.86e-02
 1.89459e+18	7.65e-01	2.35e-01	1.57e-11	0.00e+00	0.00e+00	0.00e+00	0.00e+00	0.00e+00	0.00e+00	7.28e-01	1.81e-02	1.85e-02
 1.89466e+18	7.74e-01	2.26e-01	1.54e-11	0.00e+00	0.00e+00	0.00e+00	0.00e+00	0.00e+00	0.00e+00	7.38e-01	1.79e-02	1.83e-02
 1.89474e+18	7.83e-01	2.17e-01	1.51e-11	0.00e+00	0.00e+00	0.00e+00	0.00e+00	0.00e+00	0.00e+00	7.47e-01	1.77e-02	1.81e-02
 1.89482e+18	7.92e-01	2.08e-01	1.48e-11	0.00e+00	0.00e+00	0.00e+00	0.00e+00	0.00e+00	0.00e+00	7.56e-01	1.75e-02	1.79e-02
 1.89489e+18	8.00e-01	2.00e-01	1.45e-11	0.00e+00	0.00e+00	0.00e+00	0.00e+00	0.00e+00	0.00e+00	7.65e-01	1.73e-02	1.78e-02
 1.89497e+18	8.08e-01	1.92e-01	1.42e-11	0.00e+00	0.00e+00	0.00e+00	0.00e+00	0.00e+00	0.00e+00	7.73e-01	1.71e-02	1.76e-02
 1.89505e+18	8.16e-01	1.84e-01	1.39e-11	0.00e+00	0.00e+00	0.00e+00	0.00e+00	0.00e+00	0.00e+00	7.82e-01	1.69e-02	1.74e-02
 1.89512e+18	8.23e-01	1.77e-01	1.36e-11	0.00e+00	0.00e+00	0.00e+00	0.00e+00	0.00e+00	0.00e+00	7.90e-01	1.67e-02	1.72e-02
 1.89519e+18	8.31e-01	1.69e-01	1.33e-11	0.00e+00	0.00e+00	0.00e+00	0.00e+00	0.00e+00	0.00e+00	7.97e-01	1.65e-02	1.70e-02
 1.89527e+18	8.38e-01	1.62e-01	1.30e-11	0.00e+00	0.00e+00	0.00e+00	0.00e+00	0.00e+00	0.00e+00	8.05e-01	1.63e-02	1.68e-02
 1.89534e+18	8.44e-01	1.56e-01	1.28e-11	0.00e+00	0.00e+00	0.00e+00	0.00e+00	0.00e+00	0.00e+00	8.11e-01	1.60e-02	1.66e-02
 1.89541e+18	8.50e-01	1.50e-01	1.25e-11	0.00e+00	0.00e+00	0.00e+00	0.00e+00	0.00e+00	0.00e+00	8.18e-01	1.58e-02	1.64e-02
 1.89548e+18	8.56e-01	1.44e-01	1.22e-11	0.00e+00	0.00e+00	0.00e+00	0.00e+00	0.00e+00	0.00e+00	8.25e-01	1.56e-02	1.62e-02
 1.89554e+18	8.62e-01	1.38e-01	1.19e-11	0.00e+00	0.00e+00	0.00e+00	0.00e+00	0.00e+00	0.00e+00	8.31e-01	1.54e-02	1.60e-02
 1.89561e+18	8.68e-01	1.32e-01	1.17e-11	0.00e+00	0.00e+00	0.00e+00	0.00e+00	0.00e+00	0.00e+00	8.37e-01	1.52e-02	1.58e-02
 1.89568e+18	8.73e-01	1.27e-01	1.14e-11	0.00e+00	0.00e+00	0.00e+00	0.00e+00	0.00e+00	0.00e+00	8.42e-01	1.50e-02	1.56e-02
 1.89575e+18	8.78e-01	1.22e-01	1.11e-11	0.00e+00	0.00e+00	0.00e+00	0.00e+00	0.00e+00	0.00e+00	8.48e-01	1.48e-02	1.54e-02
 1.89581e+18	8.83e-01	1.17e-01	1.08e-11	0.00e+00	0.00e+00	0.00e+00	0.00e+00	0.00e+00	0.00e+00	8.53e-01	1.46e-02	1.52e-02
 1.89588e+18	8.88e-01	1.12e-01	1.06e-11	0.00e+00	0.00e+00	0.00e+00	0.00e+00	0.00e+00	0.00e+00	8.58e-01	1.45e-02	1.51e-02
 1.89594e+18	8.92e-01	1.08e-01	1.03e-11	0.00e+00	0.00e+00	0.00e+00	0.00e+00	0.00e+00	0.00e+00	8.63e-01	1.43e-02	1.49e-02
 1.89601e+18	8.96e-01	1.04e-01	1.01e-11	0.00e+00	0.00e+00	0.00e+00	0.00e+00	0.00e+00	0.00e+00	8.68e-01	1.41e-02	1.47e-02
 1.89607e+18	9.01e-01	9.94e-02	9.82e-12	0.00e+00	0.00e+00	0.00e+00	0.00e+00	0.00e+00	0.00e+00	8.72e-01	1.39e-02	1.45e-02
 1.89614e+18	9.04e-01	9.55e-02	9.58e-12	0.00e+00	0.00e+00	0.00e+00	0.00e+00	0.00e+00	0.00e+00	8.76e-01	1.38e-02	1.43e-02
 1.89620e+18	9.08e-01	9.17e-02	9.33e-12	0.00e+00	0.00e+00	0.00e+00	0.00e+00	0.00e+00	0.00e+00	8.81e-01	1.36e-02	1.42e-02
 1.89626e+18	9.12e-01	8.81e-02	9.10e-12	0.00e+00	0.00e+00	0.00e+00	0.00e+00	0.00e+00	0.00e+00	8.84e-01	1.34e-02	1.40e-02
 1.89633e+18	9.15e-01	8.46e-02	8.87e-12	0.00e+00	0.00e+00	0.00e+00	0.00e+00	0.00e+00	0.00e+00	8.88e-01	1.33e-02	1.39e-02
 1.89639e+18	9.19e-01	8.12e-02	8.64e-12	0.00e+00	0.00e+00	0.00e+00	0.00e+00	0.00e+00	0.00e+00	8.92e-01	1.31e-02	1.37e-02
 1.89645e+18	9.22e-01	7.80e-02	8.42e-12	0.00e+00	0.00e+00	0.00e+00	0.00e+00	0.00e+00	0.00e+00	8.95e-01	1.30e-02	1.36e-02
 1.89651e+18	9.25e-01	7.50e-02	8.20e-12	0.00e+00	0.00e+00	0.00e+00	0.00e+00	0.00e+00	0.00e+00	8.99e-01	1.28e-02	1.34e-02
 1.89657e+18	9.28e-01	7.20e-02	7.98e-12	0.00e+00	0.00e+00	0.00e+00	0.00e+00	0.00e+00	0.00e+00	9.02e-01	1.27e-02	1.33e-02
 1.89664e+18	9.31e-01	6.92e-02	7.78e-12	0.00e+00	0.00e+00	0.00e+00	0.00e+00	0.00e+00	0.00e+00	9.05e-01	1.26e-02	1.31e-02
 1.89670e+18	9.34e-01	6.65e-02	7.57e-12	0.00e+00	0.00e+00	0.00e+00	0.00e+00	0.00e+00	0.00e+00	9.08e-01	1.24e-02	1.30e-02
 1.89676e+18	9.36e-01	6.39e-02	7.37e-12	0.00e+00	0.00e+00	0.00e+00	0.00e+00	0.00e+00	0.00e+00	9.11e-01	1.23e-02	1.29e-02
 1.89682e+18	9.39e-01	6.14e-02	7.17e-12	0.00e+00	0.00e+00	0.00e+00	0.00e+00	0.00e+00	0.00e+00	9.14e-01	1.22e-02	1.27e-02
 1.89688e+18	9.41e-01	5.90e-02	6.98e-12	0.00e+00	0.00e+00	0.00e+00	0.00e+00	0.00e+00	0.00e+00	9.16e-01	1.20e-02	1.26e-02
 1.89694e+18	9.43e-01	5.66e-02	6.79e-12	0.00e+00	0.00e+00	0.00e+00	0.00e+00	0.00e+00	0.00e+00	9.19e-01	1.19e-02	1.25e-02
 1.89700e+18	9.46e-01	5.44e-02	6.61e-12	0.00e+00	0.00e+00	0.00e+00	0.00e+00	0.00e+00	0.00e+00	9.21e-01	1.18e-02	1.24e-02
 1.89706e+18	9.48e-01	5.23e-02	6.43e-12	0.00e+00	0.00e+00	0.00e+00	0.00e+00	0.00e+00	0.00e+00	9.24e-01	1.17e-02	1.22e-02
 1.89712e+18	9.50e-01	5.03e-02	6.25e-12	0.00e+00	0.00e+00	0.00e+00	0.00e+00	0.00e+00	0.00e+00	9.26e-01	1.16e-02	1.21e-02
 1.89718e+18	9.52e-01	4.83e-02	6.08e-12	0.00e+00	0.00e+00	0.00e+00	0.00e+00	0.00e+00	0.00e+00	9.28e-01	1.15e-02	1.20e-02
 1.89724e+18	9.54e-01	4.64e-02	5.91e-12	0.00e+00	0.00e+00	0.00e+00	0.00e+00	0.00e+00	0.00e+00	9.30e-01	1.14e-02	1.19e-02
 1.89730e+18	9.55e-01	4.46e-02	5.75e-12	0.00e+00	0.00e+00	0.00e+00	0.00e+00	0.00e+00	0.00e+00	9.32e-01	1.13e-02	1.18e-02
 1.89736e+18	9.57e-01	4.29e-02	5.59e-12	0.00e+00	0.00e+00	0.00e+00	0.00e+00	0.00e+00	0.00e+00	9.34e-01	1.12e-02	1.17e-02
 1.89742e+18	9.59e-01	4.12e-02	5.43e-12	0.00e+00	0.00e+00	0.00e+00	0.00e+00	0.00e+00	0.00e+00	9.36e-01	1.11e-02	1.16e-02
 1.89748e+18	9.60e-01	3.96e-02	5.28e-12	0.00e+00	0.00e+00	0.00e+00	0.00e+00	0.00e+00	0.00e+00	9.38e-01	1.10e-02	1.15e-02
 1.89754e+18	9.62e-01	3.80e-02	5.13e-12	0.00e+00	0.00e+00	0.00e+00	0.00e+00	0.00e+00	0.00e+00	9.40e-01	1.09e-02	1.14e-02
 1.89760e+18	9.63e-01	3.66e-02	4.99e-12	0.00e+00	0.00e+00	0.00e+00	0.00e+00	0.00e+00	0.00e+00	9.41e-01	1.09e-02	1.13e-02
 1.89765e+18	9.65e-01	3.51e-02	4.85e-12	0.00e+00	0.00e+00	0.00e+00	0.00e+00	0.00e+00	0.00e+00	9.43e-01	1.08e-02	1.13e-02
 1.89771e+18	9.66e-01	3.38e-02	4.71e-12	0.00e+00	0.00e+00	0.00e+00	0.00e+00	0.00e+00	0.00e+00	9.44e-01	1.07e-02	1.12e-02
 1.89777e+18	9.68e-01	3.25e-02	4.58e-12	0.00e+00	0.00e+00	0.00e+00	0.00e+00	0.00e+00	0.00e+00	9.46e-01	1.06e-02	1.11e-02
 1.89783e+18	9.69e-01	3.12e-02	4.45e-12	0.00e+00	0.00e+00	0.00e+00	0.00e+00	0.00e+00	0.00e+00	9.47e-01	1.05e-02	1.10e-02
 1.89789e+18	9.70e-01	3.00e-02	4.32e-12	0.00e+00	0.00e+00	0.00e+00	0.00e+00	0.00e+00	0.00e+00	9.49e-01	1.05e-02	1.09e-02
 1.89795e+18	9.71e-01	2.88e-02	4.20e-12	0.00e+00	0.00e+00	0.00e+00	0.00e+00	0.00e+00	0.00e+00	9.50e-01	1.04e-02	1.09e-02
 1.89801e+18	9.72e-01	2.77e-02	4.08e-12	0.00e+00	0.00e+00	0.00e+00	0.00e+00	0.00e+00	0.00e+00	9.51e-01	1.03e-02	1.08e-02
 1.89807e+18	9.73e-01	2.66e-02	3.96e-12	0.00e+00	0.00e+00	0.00e+00	0.00e+00	0.00e+00	0.00e+00	9.52e-01	1.03e-02	1.07e-02
 1.89813e+18	9.74e-01	2.56e-02	3.85e-12	0.00e+00	0.00e+00	0.00e+00	0.00e+00	0.00e+00	0.00e+00	9.54e-01	1.02e-02	1.07e-02
 1.89819e+18	9.75e-01	2.46e-02	3.74e-12	0.00e+00	0.00e+00	0.00e+00	0.00e+00	0.00e+00	0.00e+00	9.55e-01	1.02e-02	1.06e-02
 1.89825e+18	9.76e-01	2.37e-02	3.63e-12	0.00e+00	0.00e+00	0.00e+00	0.00e+00	0.00e+00	0.00e+00	9.56e-01	1.01e-02	1.05e-02
 1.89831e+18	9.77e-01	2.28e-02	3.53e-12	0.00e+00	0.00e+00	0.00e+00	0.00e+00	0.00e+00	0.00e+00	9.57e-01	1.00e-02	1.05e-02
 1.89837e+18	9.78e-01	2.19e-02	3.43e-12	0.00e+00	0.00e+00	0.00e+00	0.00e+00	0.00e+00	0.00e+00	9.58e-01	9.99e-03	1.04e-02
 1.89843e+18	9.79e-01	2.10e-02	3.33e-12	0.00e+00	0.00e+00	0.00e+00	0.00e+00	0.00e+00	0.00e+00	9.59e-01	9.93e-03	1.04e-02
 1.89849e+18	9.80e-01	2.02e-02	3.23e-12	0.00e+00	0.00e+00	0.00e+00	0.00e+00	0.00e+00	0.00e+00	9.60e-01	9.88e-03	1.03e-02
 1.89856e+18	9.81e-01	1.94e-02	3.14e-12	0.00e+00	0.00e+00	0.00e+00	0.00e+00	0.00e+00	0.00e+00	9.60e-01	9.83e-03	1.02e-02
 1.89862e+18	9.81e-01	1.87e-02	3.05e-12	0.00e+00	0.00e+00	0.00e+00	0.00e+00	0.00e+00	0.00e+00	9.61e-01	9.78e-03	1.02e-02
 1.89868e+18	9.82e-01	1.80e-02	2.96e-12	0.00e+00	0.00e+00	0.00e+00	0.00e+00	0.00e+00	0.00e+00	9.62e-01	9.74e-03	1.01e-02
 1.89874e+18	9.83e-01	1.73e-02	2.87e-12	0.00e+00	0.00e+00	0.00e+00	0.00e+00	0.00e+00	0.00e+00	9.63e-01	9.69e-03	1.01e-02
 1.89880e+18	9.83e-01	1.66e-02	2.79e-12	0.00e+00	0.00e+00	0.00e+00	0.00e+00	0.00e+00	0.00e+00	9.64e-01	9.64e-03	1.00e-02
 1.89887e+18	9.84e-01	1.60e-02	2.71e-12	0.00e+00	0.00e+00	0.00e+00	0.00e+00	0.00e+00	0.00e+00	9.64e-01	9.60e-03	9.98e-03
 1.89893e+18	9.85e-01	1.54e-02	2.63e-12	0.00e+00	0.00e+00	0.00e+00	0.00e+00	0.00e+00	0.00e+00	9.65e-01	9.56e-03	9.94e-03
 1.89899e+18	9.85e-01	1.48e-02	2.56e-12	0.00e+00	0.00e+00	0.00e+00	0.00e+00	0.00e+00	0.00e+00	9.66e-01	9.52e-03	9.89e-03
 1.89906e+18	9.86e-01	1.42e-02	2.48e-12	0.00e+00	0.00e+00	0.00e+00	0.00e+00	0.00e+00	0.00e+00	9.66e-01	9.48e-03	9.84e-03
 1.89912e+18	9.86e-01	1.37e-02	2.41e-12	0.00e+00	0.00e+00	0.00e+00	0.00e+00	0.00e+00	0.00e+00	9.67e-01	9.44e-03	9.80e-03
 1.89919e+18	9.87e-01	1.31e-02	2.34e-12	0.00e+00	0.00e+00	0.00e+00	0.00e+00	0.00e+00	0.00e+00	9.68e-01	9.40e-03	9.76e-03
 1.89926e+18	9.87e-01	1.26e-02	2.28e-12	0.00e+00	0.00e+00	0.00e+00	0.00e+00	0.00e+00	0.00e+00	9.68e-01	9.36e-03	9.71e-03
 1.89933e+18	9.88e-01	1.21e-02	2.21e-12	0.00e+00	0.00e+00	0.00e+00	0.00e+00	0.00e+00	0.00e+00	9.69e-01	9.33e-03	9.67e-03
 1.89939e+18	9.88e-01	1.17e-02	2.15e-12	0.00e+00	0.00e+00	0.00e+00	0.00e+00	0.00e+00	0.00e+00	9.69e-01	9.29e-03	9.63e-03
 1.89946e+18	9.89e-01	1.12e-02	2.09e-12	0.00e+00	0.00e+00	0.00e+00	0.00e+00	0.00e+00	0.00e+00	9.70e-01	9.26e-03	9.59e-03
 1.89953e+18	9.89e-01	1.08e-02	2.03e-12	0.00e+00	0.00e+00	0.00e+00	0.00e+00	0.00e+00	0.00e+00	9.70e-01	9.22e-03	9.55e-03
 1.89961e+18	9.90e-01	1.04e-02	1.97e-12	0.00e+00	0.00e+00	0.00e+00	0.00e+00	0.00e+00	0.00e+00	9.71e-01	9.19e-03	9.52e-03
 1.89968e+18	9.90e-01	1.00e-02	1.91e-12	0.00e+00	0.00e+00	0.00e+00	0.00e+00	0.00e+00	0.00e+00	9.71e-01	9.16e-03	9.48e-03
 1.89976e+18	9.90e-01	9.62e-03	1.86e-12	0.00e+00	0.00e+00	0.00e+00	0.00e+00	0.00e+00	0.00e+00	9.72e-01	9.12e-03	9.44e-03
 1.89983e+18	9.91e-01	9.26e-03	1.81e-12	0.00e+00	0.00e+00	0.00e+00	0.00e+00	0.00e+00	0.00e+00	9.72e-01	9.09e-03	9.40e-03
 1.89991e+18	9.91e-01	8.90e-03	1.76e-12	0.00e+00	0.00e+00	0.00e+00	0.00e+00	0.00e+00	0.00e+00	9.73e-01	9.06e-03	9.37e-03
 1.89999e+18	9.91e-01	8.57e-03	1.71e-12	0.00e+00	0.00e+00	0.00e+00	0.00e+00	0.00e+00	0.00e+00	9.73e-01	9.03e-03	9.33e-03
 1.90008e+18	9.92e-01	8.24e-03	1.66e-12	0.00e+00	0.00e+00	0.00e+00	0.00e+00	0.00e+00	0.00e+00	9.73e-01	9.00e-03	9.29e-03
 1.90016e+18	9.92e-01	7.94e-03	1.62e-12	0.00e+00	0.00e+00	0.00e+00	0.00e+00	0.00e+00	0.00e+00	9.74e-01	8.97e-03	9.26e-03
 1.90025e+18	9.92e-01	7.64e-03	1.58e-12	0.00e+00	0.00e+00	0.00e+00	0.00e+00	0.00e+00	0.00e+00	9.74e-01	8.93e-03	9.22e-03
 1.90034e+18	9.93e-01	7.36e-03	1.54e-12	0.00e+00	0.00e+00	0.00e+00	0.00e+00	0.00e+00	0.00e+00	9.75e-01	8.90e-03	9.18e-03
 1.90044e+18	9.93e-01	7.08e-03	1.50e-12	0.00e+00	0.00e+00	0.00e+00	0.00e+00	0.00e+00	0.00e+00	9.75e-01	8.87e-03	9.14e-03
 1.90053e+18	9.93e-01	6.79e-03	1.47e-12	0.00e+00	0.00e+00	0.00e+00	0.00e+00	0.00e+00	0.00e+00	9.75e-01	8.83e-03	9.10e-03
 1.90064e+18	9.93e-01	6.53e-03	1.44e-12	0.00e+00	0.00e+00	0.00e+00	0.00e+00	0.00e+00	0.00e+00	9.76e-01	8.79e-03	9.05e-03
 1.90074e+18	9.94e-01	6.26e-03	1.41e-12	0.00e+00	0.00e+00	0.00e+00	0.00e+00	0.00e+00	0.00e+00	9.76e-01	8.75e-03	9.00e-03
 1.90083e+18	9.94e-01	6.01e-03	1.40e-12	0.00e+00	0.00e+00	0.00e+00	0.00e+00	0.00e+00	0.00e+00	9.76e-01	8.70e-03	8.94e-03
 1.90090e+18	9.94e-01	5.83e-03	1.39e-12	0.00e+00	0.00e+00	0.00e+00	0.00e+00	0.00e+00	0.00e+00	9.77e-01	8.66e-03	8.88e-03
 1.90095e+18	9.94e-01	5.70e-03	1.39e-12	0.00e+00	0.00e+00	0.00e+00	0.00e+00	0.00e+00	0.00e+00	9.77e-01	8.63e-03	8.84e-03
 1.90098e+18	9.94e-01	5.61e-03	1.39e-12	0.00e+00	0.00e+00	0.00e+00	0.00e+00	0.00e+00	0.00e+00	9.77e-01	8.61e-03	8.81e-03
 1.90101e+18	9.94e-01	5.51e-03	1.39e-12	0.00e+00	0.00e+00	0.00e+00	0.00e+00	0.00e+00	0.00e+00	9.77e-01	8.59e-03	8.78e-03
 1.90104e+18	9.95e-01	5.42e-03	1.40e-12	0.00e+00	0.00e+00	0.00e+00	0.00e+00	0.00e+00	0.00e+00	9.77e-01	8.56e-03	8.75e-03
 1.90106e+18	9.95e-01	5.34e-03	1.40e-12	0.00e+00	0.00e+00	0.00e+00	0.00e+00	0.00e+00	0.00e+00	9.77e-01	8.54e-03	8.72e-03
 1.90109e+18	9.95e-01	5.25e-03	1.40e-12	0.00e+00	0.00e+00	0.00e+00	0.00e+00	0.00e+00	0.00e+00	9.78e-01	8.51e-03	8.69e-03
 1.90111e+18	9.95e-01	5.18e-03	1.40e-12	0.00e+00	0.00e+00	0.00e+00	0.00e+00	0.00e+00	0.00e+00	9.78e-01	8.49e-03	8.66e-03
 1.90114e+18	9.95e-01	5.10e-03	1.40e-12	0.00e+00	0.00e+00	0.00e+00	0.00e+00	0.00e+00	0.00e+00	9.78e-01	8.47e-03	8.63e-03
 1.90116e+18	9.95e-01	5.02e-03	1.40e-12	0.00e+00	0.00e+00	0.00e+00	0.00e+00	0.00e+00	0.00e+00	9.78e-01	8.44e-03	8.60e-03
 1.90118e+18	9.95e-01	4.95e-03	1.40e-12	0.00e+00	0.00e+00	0.00e+00	0.00e+00	0.00e+00	0.00e+00	9.78e-01	8.42e-03	8.57e-03
