#depth	O	O+	O+2	O+3	O+4	O+5	O+6	O+7	O+8	O[1]	O[2]	O[3]
 7.66088e+11	5.82e-09	1.95e-03	8.22e-01	1.76e-01	5.09e-06	0.00e+00	0.00e+00	0.00e+00	0.00e+00	3.50e-09	1.69e-09	6.11e-10
 4.59653e+12	5.80e-09	1.94e-03	8.22e-01	1.76e-01	5.07e-06	0.00e+00	0.00e+00	0.00e+00	0.00e+00	3.49e-09	1.69e-09	6.09e-10
 1.99183e+13	5.81e-09	1.95e-03	8.24e-01	1.74e-01	4.98e-06	0.00e+00	0.00e+00	0.00e+00	0.00e+00	3.50e-09	1.69e-09	6.10e-10
 8.12053e+13	5.86e-09	1.97e-03	8.32e-01	1.66e-01	4.62e-06	0.00e+00	0.00e+00	0.00e+00	0.00e+00	3.53e-09	1.71e-09	6.16e-10
 1.93973e+14	5.93e-09	2.00e-03	8.43e-01	1.55e-01	4.13e-06	0.00e+00	0.00e+00	0.00e+00	0.00e+00	3.57e-09	1.73e-09	6.23e-10
 3.40572e+14	6.05e-09	2.03e-03	8.57e-01	1.41e-01	3.55e-06	0.00e+00	0.00e+00	0.00e+00	0.00e+00	3.64e-09	1.76e-09	6.35e-10
 5.31150e+14	6.19e-09	2.08e-03	8.74e-01	1.24e-01	2.90e-06	0.00e+00	0.00e+00	0.00e+00	0.00e+00	3.73e-09	1.80e-09	6.50e-10
 7.78902e+14	6.38e-09	2.14e-03	8.94e-01	1.04e-01	2.18e-06	0.00e+00	0.00e+00	0.00e+00	0.00e+00	3.85e-09	1.85e-09	6.70e-10
 1.10098e+15	6.61e-09	2.22e-03	9.18e-01	8.00e-02	1.46e-06	0.00e+00	0.00e+00	0.00e+00	0.00e+00	3.99e-09	1.92e-09	6.94e-10
 1.51968e+15	6.90e-09	2.31e-03	9.43e-01	5.48e-02	8.29e-07	0.00e+00	0.00e+00	0.00e+00	0.00e+00	4.16e-09	2.00e-09	7.23e-10
 2.06399e+15	7.23e-09	2.40e-03	9.66e-01	3.16e-02	3.66e-07	0.00e+00	0.00e+00	0.00e+00	0.00e+00	4.37e-09	2.09e-09	7.58e-10
 2.77159e+15	7.63e-09	2.50e-03	9.83e-01	1.45e-02	0.00e+00	0.00e+00	0.00e+00	0.00e+00	0.00e+00	4.62e-09	2.20e-09	7.99e-10
 3.69148e+15	8.15e-09	2.61e-03	9.92e-01	5.09e-03	0.00e+00	0.00e+00	0.00e+00	0.00e+00	0.00e+00	4.94e-09	2.34e-09	8.52e-10
 4.88733e+15	8.86e-09	2.73e-03	9.96e-01	1.44e-03	0.00e+00	0.00e+00	0.00e+00	0.00e+00	0.00e+00	5.38e-09	2.54e-09	9.25e-10
 6.44193e+15	9.88e-09	2.89e-03	9.97e-01	4.34e-04	0.00e+00	0.00e+00	0.00e+00	0.00e+00	0.00e+00	6.02e-09	2.81e-09	1.03e-09
 8.46292e+15	1.13e-08	3.10e-03	9.97e-01	2.30e-04	0.00e+00	0.00e+00	0.00e+00	0.00e+00	0.00e+00	6.93e-09	3.20e-09	1.18e-09
 1.07974e+16	1.32e-08	3.34e-03	9.96e-01	1.89e-04	0.00e+00	0.00e+00	0.00e+00	0.00e+00	0.00e+00	8.11e-09	3.70e-09	1.36e-09
 1.32294e+16	1.54e-08	3.61e-03	9.96e-01	1.71e-04	0.00e+00	0.00e+00	0.00e+00	0.00e+00	0.00e+00	9.50e-09	4.28e-09	1.58e-09
 1.57587e+16	1.79e-08	3.90e-03	9.96e-01	1.57e-04	0.00e+00	0.00e+00	0.00e+00	0.00e+00	0.00e+00	1.11e-08	4.94e-09	1.84e-09
 1.83892e+16	2.09e-08	4.22e-03	9.96e-01	1.44e-04	0.00e+00	0.00e+00	0.00e+00	0.00e+00	0.00e+00	1.30e-08	5.72e-09	2.14e-09
 2.07168e+16	2.38e-08	4.51e-03	9.95e-01	1.34e-04	0.00e+00	0.00e+00	0.00e+00	0.00e+00	0.00e+00	1.49e-08	6.46e-09	2.43e-09
 2.27884e+16	2.67e-08	4.77e-03	9.95e-01	1.26e-04	0.00e+00	0.00e+00	0.00e+00	0.00e+00	0.00e+00	1.67e-08	7.20e-09	2.72e-09
 2.50673e+16	3.02e-08	5.08e-03	9.95e-01	1.18e-04	0.00e+00	0.00e+00	0.00e+00	0.00e+00	0.00e+00	1.90e-08	8.08e-09	3.06e-09
 2.75740e+16	3.43e-08	5.42e-03	9.94e-01	1.10e-04	0.00e+00	0.00e+00	0.00e+00	0.00e+00	0.00e+00	2.17e-08	9.13e-09	3.47e-09
 3.03314e+16	3.94e-08	5.82e-03	9.94e-01	1.02e-04	0.00e+00	0.00e+00	0.00e+00	0.00e+00	0.00e+00	2.50e-08	1.04e-08	3.97e-09
 3.33646e+16	4.57e-08	6.27e-03	9.94e-01	9.45e-05	0.00e+00	0.00e+00	0.00e+00	0.00e+00	0.00e+00	2.90e-08	1.20e-08	4.58e-09
 3.66525e+16	5.33e-08	6.78e-03	9.93e-01	8.69e-05	0.00e+00	0.00e+00	0.00e+00	0.00e+00	0.00e+00	3.40e-08	1.38e-08	5.32e-09
 4.01187e+16	6.23e-08	7.34e-03	9.93e-01	7.98e-05	0.00e+00	0.00e+00	0.00e+00	0.00e+00	0.00e+00	3.99e-08	1.60e-08	6.20e-09
 4.37236e+16	7.29e-08	7.95e-03	9.92e-01	7.32e-05	0.00e+00	0.00e+00	0.00e+00	0.00e+00	0.00e+00	4.69e-08	1.86e-08	7.23e-09
 4.74727e+16	8.53e-08	8.62e-03	9.91e-01	6.72e-05	0.00e+00	0.00e+00	0.00e+00	0.00e+00	0.00e+00	5.51e-08	2.16e-08	8.43e-09
 5.13717e+16	9.99e-08	9.34e-03	9.91e-01	6.16e-05	0.00e+00	0.00e+00	0.00e+00	0.00e+00	0.00e+00	6.48e-08	2.51e-08	9.84e-09
 5.54267e+16	1.17e-07	1.01e-02	9.90e-01	5.65e-05	0.00e+00	0.00e+00	0.00e+00	0.00e+00	0.00e+00	7.62e-08	2.91e-08	1.15e-08
 5.96440e+16	1.37e-07	1.10e-02	9.89e-01	5.18e-05	0.00e+00	0.00e+00	0.00e+00	0.00e+00	0.00e+00	8.96e-08	3.39e-08	1.34e-08
 6.40299e+16	1.61e-07	1.19e-02	9.88e-01	4.74e-05	0.00e+00	0.00e+00	0.00e+00	0.00e+00	0.00e+00	1.06e-07	3.95e-08	1.57e-08
 6.85912e+16	1.89e-07	1.29e-02	9.87e-01	4.35e-05	0.00e+00	0.00e+00	0.00e+00	0.00e+00	0.00e+00	1.24e-07	4.60e-08	1.84e-08
 7.33350e+16	2.22e-07	1.41e-02	9.86e-01	3.98e-05	0.00e+00	0.00e+00	0.00e+00	0.00e+00	0.00e+00	1.47e-07	5.37e-08	2.16e-08
 7.82685e+16	2.61e-07	1.53e-02	9.85e-01	3.64e-05	0.00e+00	0.00e+00	0.00e+00	0.00e+00	0.00e+00	1.73e-07	6.27e-08	2.53e-08
 8.33994e+16	3.08e-07	1.66e-02	9.83e-01	3.32e-05	0.00e+00	0.00e+00	0.00e+00	0.00e+00	0.00e+00	2.04e-07	7.33e-08	2.97e-08
 8.87355e+16	3.63e-07	1.81e-02	9.82e-01	3.04e-05	0.00e+00	0.00e+00	0.00e+00	0.00e+00	0.00e+00	2.41e-07	8.59e-08	3.50e-08
 9.42851e+16	4.28e-07	1.97e-02	9.80e-01	2.77e-05	0.00e+00	0.00e+00	0.00e+00	0.00e+00	0.00e+00	2.85e-07	1.01e-07	4.12e-08
 1.00057e+17	5.06e-07	2.14e-02	9.79e-01	2.53e-05	0.00e+00	0.00e+00	0.00e+00	0.00e+00	0.00e+00	3.38e-07	1.18e-07	4.86e-08
 1.06059e+17	5.99e-07	2.34e-02	9.77e-01	2.30e-05	0.00e+00	0.00e+00	0.00e+00	0.00e+00	0.00e+00	4.01e-07	1.39e-07	5.74e-08
 1.12301e+17	7.10e-07	2.55e-02	9.75e-01	2.10e-05	0.00e+00	0.00e+00	0.00e+00	0.00e+00	0.00e+00	4.77e-07	1.64e-07	6.80e-08
 1.18794e+17	8.44e-07	2.78e-02	9.72e-01	1.91e-05	0.00e+00	0.00e+00	0.00e+00	0.00e+00	0.00e+00	5.67e-07	1.94e-07	8.06e-08
 1.25546e+17	1.00e-06	3.04e-02	9.70e-01	1.73e-05	0.00e+00	0.00e+00	0.00e+00	0.00e+00	0.00e+00	6.77e-07	2.30e-07	9.58e-08
 1.32568e+17	1.20e-06	3.33e-02	9.67e-01	1.57e-05	0.00e+00	0.00e+00	0.00e+00	0.00e+00	0.00e+00	8.09e-07	2.73e-07	1.14e-07
 1.39870e+17	1.43e-06	3.65e-02	9.64e-01	1.42e-05	0.00e+00	0.00e+00	0.00e+00	0.00e+00	0.00e+00	9.69e-07	3.26e-07	1.37e-07
 1.47465e+17	1.72e-06	4.00e-02	9.60e-01	1.28e-05	0.00e+00	0.00e+00	0.00e+00	0.00e+00	0.00e+00	1.17e-06	3.89e-07	1.64e-07
 1.55364e+17	2.07e-06	4.39e-02	9.56e-01	1.16e-05	0.00e+00	0.00e+00	0.00e+00	0.00e+00	0.00e+00	1.40e-06	4.67e-07	1.97e-07
 1.63579e+17	2.51e-06	4.84e-02	9.52e-01	1.04e-05	0.00e+00	0.00e+00	0.00e+00	0.00e+00	0.00e+00	1.70e-06	5.63e-07	2.38e-07
 1.72122e+17	3.04e-06	5.33e-02	9.47e-01	9.37e-06	0.00e+00	0.00e+00	0.00e+00	0.00e+00	0.00e+00	2.07e-06	6.81e-07	2.90e-07
 1.81007e+17	3.72e-06	5.89e-02	9.41e-01	8.38e-06	0.00e+00	0.00e+00	0.00e+00	0.00e+00	0.00e+00	2.53e-06	8.29e-07	3.54e-07
 1.90248e+17	4.57e-06	6.53e-02	9.35e-01	7.49e-06	0.00e+00	0.00e+00	0.00e+00	0.00e+00	0.00e+00	3.11e-06	1.02e-06	4.35e-07
 1.99858e+17	5.65e-06	7.26e-02	9.27e-01	6.66e-06	0.00e+00	0.00e+00	0.00e+00	0.00e+00	0.00e+00	3.85e-06	1.26e-06	5.39e-07
 2.09852e+17	7.06e-06	8.10e-02	9.19e-01	5.90e-06	0.00e+00	0.00e+00	0.00e+00	0.00e+00	0.00e+00	4.81e-06	1.56e-06	6.74e-07
 2.20246e+17	8.91e-06	9.08e-02	9.09e-01	5.19e-06	0.00e+00	0.00e+00	0.00e+00	0.00e+00	0.00e+00	6.08e-06	1.97e-06	8.52e-07
 2.31056e+17	1.14e-05	1.02e-01	8.98e-01	4.54e-06	0.00e+00	0.00e+00	0.00e+00	0.00e+00	0.00e+00	7.78e-06	2.52e-06	1.09e-06
 2.42299e+17	1.48e-05	1.16e-01	8.84e-01	3.94e-06	0.00e+00	0.00e+00	0.00e+00	0.00e+00	0.00e+00	1.01e-05	3.26e-06	1.42e-06
 2.53449e+17	1.94e-05	1.32e-01	8.68e-01	3.40e-06	0.00e+00	0.00e+00	0.00e+00	0.00e+00	0.00e+00	1.32e-05	4.26e-06	1.86e-06
 2.63658e+17	2.51e-05	1.49e-01	8.51e-01	2.96e-06	0.00e+00	0.00e+00	0.00e+00	0.00e+00	0.00e+00	1.71e-05	5.50e-06	2.41e-06
 2.72690e+17	3.19e-05	1.67e-01	8.33e-01	2.59e-06	0.00e+00	0.00e+00	0.00e+00	0.00e+00	0.00e+00	2.18e-05	6.98e-06	3.06e-06
 2.80779e+17	4.00e-05	1.86e-01	8.14e-01	2.28e-06	0.00e+00	0.00e+00	0.00e+00	0.00e+00	0.00e+00	2.74e-05	8.76e-06	3.85e-06
 2.88133e+17	4.99e-05	2.07e-01	7.93e-01	2.00e-06	0.00e+00	0.00e+00	0.00e+00	0.00e+00	0.00e+00	3.41e-05	1.09e-05	4.81e-06
 2.94795e+17	6.19e-05	2.29e-01	7.71e-01	1.76e-06	0.00e+00	0.00e+00	0.00e+00	0.00e+00	0.00e+00	4.23e-05	1.35e-05	5.96e-06
 3.00723e+17	7.60e-05	2.52e-01	7.48e-01	1.55e-06	0.00e+00	0.00e+00	0.00e+00	0.00e+00	0.00e+00	5.20e-05	1.66e-05	7.32e-06
 3.05933e+17	9.23e-05	2.77e-01	7.23e-01	1.37e-06	0.00e+00	0.00e+00	0.00e+00	0.00e+00	0.00e+00	6.31e-05	2.01e-05	8.89e-06
 3.10518e+17	1.11e-04	3.02e-01	6.98e-01	1.21e-06	0.00e+00	0.00e+00	0.00e+00	0.00e+00	0.00e+00	7.59e-05	2.42e-05	1.07e-05
 3.14576e+17	1.32e-04	3.29e-01	6.71e-01	1.06e-06	0.00e+00	0.00e+00	0.00e+00	0.00e+00	0.00e+00	9.04e-05	2.88e-05	1.27e-05
 3.18181e+17	1.56e-04	3.57e-01	6.43e-01	9.34e-07	0.00e+00	0.00e+00	0.00e+00	0.00e+00	0.00e+00	1.07e-04	3.40e-05	1.51e-05
 3.21365e+17	1.83e-04	3.87e-01	6.13e-01	8.17e-07	0.00e+00	0.00e+00	0.00e+00	0.00e+00	0.00e+00	1.25e-04	3.98e-05	1.76e-05
 3.24144e+17	2.12e-04	4.17e-01	5.83e-01	7.13e-07	0.00e+00	0.00e+00	0.00e+00	0.00e+00	0.00e+00	1.45e-04	4.62e-05	2.05e-05
 3.26559e+17	2.44e-04	4.48e-01	5.52e-01	6.21e-07	0.00e+00	0.00e+00	0.00e+00	0.00e+00	0.00e+00	1.67e-04	5.30e-05	2.35e-05
 3.28667e+17	2.77e-04	4.79e-01	5.21e-01	5.38e-07	0.00e+00	0.00e+00	0.00e+00	0.00e+00	0.00e+00	1.90e-04	6.01e-05	2.67e-05
 3.30510e+17	3.12e-04	5.11e-01	4.88e-01	4.65e-07	0.00e+00	0.00e+00	0.00e+00	0.00e+00	0.00e+00	2.14e-04	6.78e-05	3.01e-05
 3.32118e+17	3.50e-04	5.44e-01	4.56e-01	3.97e-07	0.00e+00	0.00e+00	0.00e+00	0.00e+00	0.00e+00	2.40e-04	7.61e-05	3.38e-05
 3.33542e+17	3.89e-04	5.77e-01	4.23e-01	3.38e-07	0.00e+00	0.00e+00	0.00e+00	0.00e+00	0.00e+00	2.66e-04	8.45e-05	3.75e-05
 3.34802e+17	4.29e-04	6.11e-01	3.89e-01	2.85e-07	0.00e+00	0.00e+00	0.00e+00	0.00e+00	0.00e+00	2.94e-04	9.32e-05	4.14e-05
 3.35879e+17	4.69e-04	6.44e-01	3.56e-01	2.38e-07	0.00e+00	0.00e+00	0.00e+00	0.00e+00	0.00e+00	3.21e-04	1.02e-04	4.52e-05
 3.36797e+17	5.10e-04	6.76e-01	3.24e-01	1.98e-07	0.00e+00	0.00e+00	0.00e+00	0.00e+00	0.00e+00	3.49e-04	1.11e-04	4.91e-05
 3.37599e+17	5.48e-04	7.07e-01	2.93e-01	1.63e-07	0.00e+00	0.00e+00	0.00e+00	0.00e+00	0.00e+00	3.76e-04	1.19e-04	5.29e-05
 3.38311e+17	5.87e-04	7.38e-01	2.62e-01	1.32e-07	0.00e+00	0.00e+00	0.00e+00	0.00e+00	0.00e+00	4.02e-04	1.27e-04	5.66e-05
 3.38938e+17	6.25e-04	7.68e-01	2.32e-01	0.00e+00	0.00e+00	0.00e+00	0.00e+00	0.00e+00	0.00e+00	4.29e-04	1.36e-04	6.03e-05
 3.39480e+17	6.63e-04	7.96e-01	2.03e-01	0.00e+00	0.00e+00	0.00e+00	0.00e+00	0.00e+00	0.00e+00	4.54e-04	1.44e-04	6.40e-05
 3.39953e+17	6.98e-04	8.22e-01	1.77e-01	0.00e+00	0.00e+00	0.00e+00	0.00e+00	0.00e+00	0.00e+00	4.78e-04	1.51e-04	6.73e-05
 3.40370e+17	7.31e-04	8.47e-01	1.52e-01	0.00e+00	0.00e+00	0.00e+00	0.00e+00	0.00e+00	0.00e+00	5.01e-04	1.59e-04	7.05e-05
 3.40736e+17	7.60e-04	8.70e-01	1.29e-01	0.00e+00	0.00e+00	0.00e+00	0.00e+00	0.00e+00	0.00e+00	5.21e-04	1.65e-04	7.33e-05
 3.41057e+17	7.89e-04	8.90e-01	1.09e-01	0.00e+00	0.00e+00	0.00e+00	0.00e+00	0.00e+00	0.00e+00	5.41e-04	1.71e-04	7.62e-05
 3.41339e+17	8.14e-04	9.09e-01	9.07e-02	0.00e+00	0.00e+00	0.00e+00	0.00e+00	0.00e+00	0.00e+00	5.58e-04	1.76e-04	7.85e-05
 3.41591e+17	8.35e-04	9.25e-01	7.46e-02	0.00e+00	0.00e+00	0.00e+00	0.00e+00	0.00e+00	0.00e+00	5.72e-04	1.81e-04	8.06e-05
 3.41817e+17	8.55e-04	9.39e-01	6.06e-02	0.00e+00	0.00e+00	0.00e+00	0.00e+00	0.00e+00	0.00e+00	5.86e-04	1.85e-04	8.25e-05
 3.42021e+17	8.73e-04	9.50e-01	4.87e-02	0.00e+00	0.00e+00	0.00e+00	0.00e+00	0.00e+00	0.00e+00	5.98e-04	1.89e-04	8.42e-05
 3.42206e+17	8.87e-04	9.61e-01	3.86e-02	0.00e+00	0.00e+00	0.00e+00	0.00e+00	0.00e+00	0.00e+00	6.08e-04	1.92e-04	8.56e-05
 3.42375e+17	9.00e-04	9.69e-01	3.02e-02	0.00e+00	0.00e+00	0.00e+00	0.00e+00	0.00e+00	0.00e+00	6.16e-04	1.95e-04	8.69e-05
 3.42531e+17	9.09e-04	9.76e-01	2.33e-02	0.00e+00	0.00e+00	0.00e+00	0.00e+00	0.00e+00	0.00e+00	6.23e-04	1.97e-04	8.77e-05
 3.42678e+17	9.19e-04	9.81e-01	1.77e-02	0.00e+00	0.00e+00	0.00e+00	0.00e+00	0.00e+00	0.00e+00	6.30e-04	1.99e-04	8.88e-05
 3.42819e+17	9.24e-04	9.86e-01	1.32e-02	0.00e+00	0.00e+00	0.00e+00	0.00e+00	0.00e+00	0.00e+00	6.33e-04	2.00e-04	8.93e-05
 3.42977e+17	9.31e-04	9.90e-01	9.20e-03	0.00e+00	0.00e+00	0.00e+00	0.00e+00	0.00e+00	0.00e+00	6.38e-04	2.02e-04	9.00e-05
 3.43147e+17	9.38e-04	9.93e-01	6.06e-03	0.00e+00	0.00e+00	0.00e+00	0.00e+00	0.00e+00	0.00e+00	6.43e-04	2.03e-04	9.07e-05
 3.43300e+17	9.42e-04	9.95e-01	4.05e-03	0.00e+00	0.00e+00	0.00e+00	0.00e+00	0.00e+00	0.00e+00	6.45e-04	2.04e-04	9.12e-05
 3.43466e+17	9.46e-04	9.96e-01	2.56e-03	0.00e+00	0.00e+00	0.00e+00	0.00e+00	0.00e+00	0.00e+00	6.48e-04	2.05e-04	9.16e-05
 3.43682e+17	9.53e-04	9.98e-01	1.42e-03	0.00e+00	0.00e+00	0.00e+00	0.00e+00	0.00e+00	0.00e+00	6.53e-04	2.06e-04	9.23e-05
 3.43963e+17	9.62e-04	9.98e-01	6.64e-04	0.00e+00	0.00e+00	0.00e+00	0.00e+00	0.00e+00	0.00e+00	6.59e-04	2.08e-04	9.33e-05
 3.44329e+17	9.75e-04	9.99e-01	2.56e-04	0.00e+00	0.00e+00	0.00e+00	0.00e+00	0.00e+00	0.00e+00	6.68e-04	2.11e-04	9.46e-05
 3.44804e+17	9.93e-04	9.99e-01	7.93e-05	0.00e+00	0.00e+00	0.00e+00	0.00e+00	0.00e+00	0.00e+00	6.80e-04	2.15e-04	9.64e-05
 3.45421e+17	1.02e-03	9.99e-01	1.90e-05	0.00e+00	0.00e+00	0.00e+00	0.00e+00	0.00e+00	0.00e+00	6.98e-04	2.21e-04	9.89e-05
 3.46224e+17	1.06e-03	9.99e-01	3.39e-06	0.00e+00	0.00e+00	0.00e+00	0.00e+00	0.00e+00	0.00e+00	7.23e-04	2.29e-04	1.02e-04
 3.47268e+17	1.11e-03	9.99e-01	4.25e-07	0.00e+00	0.00e+00	0.00e+00	0.00e+00	0.00e+00	0.00e+00	7.58e-04	2.39e-04	1.07e-04
 3.48625e+17	1.18e-03	9.99e-01	3.78e-08	0.00e+00	0.00e+00	0.00e+00	0.00e+00	0.00e+00	0.00e+00	8.06e-04	2.55e-04	1.14e-04
 3.50388e+17	1.28e-03	9.99e-01	5.65e-09	0.00e+00	0.00e+00	0.00e+00	0.00e+00	0.00e+00	0.00e+00	8.77e-04	2.77e-04	1.24e-04
 3.52681e+17	1.44e-03	9.99e-01	3.58e-09	0.00e+00	0.00e+00	0.00e+00	0.00e+00	0.00e+00	0.00e+00	9.87e-04	3.12e-04	1.40e-04
 3.55662e+17	1.71e-03	9.98e-01	2.78e-09	0.00e+00	0.00e+00	0.00e+00	0.00e+00	0.00e+00	0.00e+00	1.17e-03	3.69e-04	1.66e-04
 3.58789e+17	2.10e-03	9.98e-01	2.04e-09	0.00e+00	0.00e+00	0.00e+00	0.00e+00	0.00e+00	0.00e+00	1.44e-03	4.53e-04	2.04e-04
 3.61490e+17	2.59e-03	9.97e-01	1.45e-09	0.00e+00	0.00e+00	0.00e+00	0.00e+00	0.00e+00	0.00e+00	1.78e-03	5.60e-04	2.52e-04
 3.63819e+17	3.21e-03	9.97e-01	1.00e-09	0.00e+00	0.00e+00	0.00e+00	0.00e+00	0.00e+00	0.00e+00	2.20e-03	6.93e-04	3.14e-04
 3.65779e+17	3.98e-03	9.96e-01	6.74e-10	0.00e+00	0.00e+00	0.00e+00	0.00e+00	0.00e+00	0.00e+00	2.73e-03	8.59e-04	3.89e-04
 3.67415e+17	4.91e-03	9.95e-01	4.46e-10	0.00e+00	0.00e+00	0.00e+00	0.00e+00	0.00e+00	0.00e+00	3.37e-03	1.06e-03	4.81e-04
 3.68796e+17	6.05e-03	9.94e-01	2.90e-10	0.00e+00	0.00e+00	0.00e+00	0.00e+00	0.00e+00	0.00e+00	4.15e-03	1.30e-03	5.93e-04
 3.69979e+17	7.47e-03	9.93e-01	1.84e-10	0.00e+00	0.00e+00	0.00e+00	0.00e+00	0.00e+00	0.00e+00	5.12e-03	1.61e-03	7.33e-04
 3.70995e+17	9.23e-03	9.91e-01	1.14e-10	0.00e+00	0.00e+00	0.00e+00	0.00e+00	0.00e+00	0.00e+00	6.33e-03	1.99e-03	9.07e-04
 3.71859e+17	1.14e-02	9.89e-01	6.92e-11	0.00e+00	0.00e+00	0.00e+00	0.00e+00	0.00e+00	0.00e+00	7.83e-03	2.46e-03	1.12e-03
 3.72584e+17	1.41e-02	9.86e-01	4.18e-11	0.00e+00	0.00e+00	0.00e+00	0.00e+00	0.00e+00	0.00e+00	9.67e-03	3.03e-03	1.39e-03
 3.73183e+17	1.73e-02	9.83e-01	2.56e-11	0.00e+00	0.00e+00	0.00e+00	0.00e+00	0.00e+00	0.00e+00	1.19e-02	3.71e-03	1.71e-03
 3.73683e+17	2.11e-02	9.79e-01	1.60e-11	0.00e+00	0.00e+00	0.00e+00	0.00e+00	0.00e+00	0.00e+00	1.45e-02	4.53e-03	2.09e-03
 3.74108e+17	2.58e-02	9.74e-01	1.04e-11	0.00e+00	0.00e+00	0.00e+00	0.00e+00	0.00e+00	0.00e+00	1.77e-02	5.52e-03	2.55e-03
 3.74477e+17	3.15e-02	9.68e-01	7.06e-12	0.00e+00	0.00e+00	0.00e+00	0.00e+00	0.00e+00	0.00e+00	2.16e-02	6.74e-03	3.12e-03
 3.74798e+17	3.87e-02	9.61e-01	5.11e-12	0.00e+00	0.00e+00	0.00e+00	0.00e+00	0.00e+00	0.00e+00	2.66e-02	8.25e-03	3.83e-03
 3.75077e+17	4.76e-02	9.52e-01	3.98e-12	0.00e+00	0.00e+00	0.00e+00	0.00e+00	0.00e+00	0.00e+00	3.27e-02	1.01e-02	4.72e-03
 3.75318e+17	5.89e-02	9.41e-01	3.32e-12	0.00e+00	0.00e+00	0.00e+00	0.00e+00	0.00e+00	0.00e+00	4.05e-02	1.25e-02	5.84e-03
 3.75525e+17	7.28e-02	9.27e-01	2.92e-12	0.00e+00	0.00e+00	0.00e+00	0.00e+00	0.00e+00	0.00e+00	5.02e-02	1.54e-02	7.23e-03
 3.75680e+17	8.76e-02	9.12e-01	2.69e-12	0.00e+00	0.00e+00	0.00e+00	0.00e+00	0.00e+00	0.00e+00	6.04e-02	1.85e-02	8.70e-03
 3.75783e+17	1.01e-01	8.99e-01	2.56e-12	0.00e+00	0.00e+00	0.00e+00	0.00e+00	0.00e+00	0.00e+00	6.97e-02	2.12e-02	1.00e-02
 3.75870e+17	1.15e-01	8.85e-01	2.46e-12	0.00e+00	0.00e+00	0.00e+00	0.00e+00	0.00e+00	0.00e+00	7.95e-02	2.40e-02	1.14e-02
 3.75969e+17	1.35e-01	8.65e-01	2.37e-12	0.00e+00	0.00e+00	0.00e+00	0.00e+00	0.00e+00	0.00e+00	9.37e-02	2.81e-02	1.34e-02
 3.76072e+17	1.63e-01	8.37e-01	2.28e-12	0.00e+00	0.00e+00	0.00e+00	0.00e+00	0.00e+00	0.00e+00	1.13e-01	3.36e-02	1.61e-02
 3.76152e+17	1.91e-01	8.09e-01	2.22e-12	0.00e+00	0.00e+00	0.00e+00	0.00e+00	0.00e+00	0.00e+00	1.33e-01	3.92e-02	1.89e-02
 3.76214e+17	2.19e-01	7.81e-01	2.18e-12	0.00e+00	0.00e+00	0.00e+00	0.00e+00	0.00e+00	0.00e+00	1.53e-01	4.45e-02	2.16e-02
 3.76270e+17	2.50e-01	7.50e-01	2.15e-12	0.00e+00	0.00e+00	0.00e+00	0.00e+00	0.00e+00	0.00e+00	1.75e-01	5.02e-02	2.46e-02
 3.76330e+17	2.90e-01	7.10e-01	2.12e-12	0.00e+00	0.00e+00	0.00e+00	0.00e+00	0.00e+00	0.00e+00	2.04e-01	5.74e-02	2.84e-02
 3.76389e+17	3.38e-01	6.62e-01	2.09e-12	0.00e+00	0.00e+00	0.00e+00	0.00e+00	0.00e+00	0.00e+00	2.39e-01	6.56e-02	3.29e-02
 3.76433e+17	3.80e-01	6.20e-01	2.07e-12	0.00e+00	0.00e+00	0.00e+00	0.00e+00	0.00e+00	0.00e+00	2.71e-01	7.25e-02	3.68e-02
 3.76463e+17	4.12e-01	5.88e-01	2.04e-12	0.00e+00	0.00e+00	0.00e+00	0.00e+00	0.00e+00	0.00e+00	2.94e-01	7.75e-02	3.97e-02
 3.76486e+17	4.37e-01	5.63e-01	2.04e-12	0.00e+00	0.00e+00	0.00e+00	0.00e+00	0.00e+00	0.00e+00	3.14e-01	8.13e-02	4.20e-02
 3.76507e+17	4.63e-01	5.37e-01	2.02e-12	0.00e+00	0.00e+00	0.00e+00	0.00e+00	0.00e+00	0.00e+00	3.33e-01	8.49e-02	4.42e-02
 3.76527e+17	4.88e-01	5.12e-01	2.00e-12	0.00e+00	0.00e+00	0.00e+00	0.00e+00	0.00e+00	0.00e+00	3.53e-01	8.84e-02	4.64e-02
 3.76546e+17	5.13e-01	4.87e-01	1.99e-12	0.00e+00	0.00e+00	0.00e+00	0.00e+00	0.00e+00	0.00e+00	3.73e-01	9.15e-02	4.85e-02
 3.76564e+17	5.36e-01	4.64e-01	1.97e-12	0.00e+00	0.00e+00	0.00e+00	0.00e+00	0.00e+00	0.00e+00	3.91e-01	9.41e-02	5.03e-02
 3.76579e+17	5.56e-01	4.44e-01	1.95e-12	0.00e+00	0.00e+00	0.00e+00	0.00e+00	0.00e+00	0.00e+00	4.08e-01	9.64e-02	5.19e-02
 3.76593e+17	5.76e-01	4.24e-01	1.93e-12	0.00e+00	0.00e+00	0.00e+00	0.00e+00	0.00e+00	0.00e+00	4.24e-01	9.84e-02	5.34e-02
 3.76607e+17	5.95e-01	4.05e-01	1.91e-12	0.00e+00	0.00e+00	0.00e+00	0.00e+00	0.00e+00	0.00e+00	4.40e-01	1.00e-01	5.48e-02
 3.76618e+17	6.10e-01	3.90e-01	1.89e-12	0.00e+00	0.00e+00	0.00e+00	0.00e+00	0.00e+00	0.00e+00	4.52e-01	1.02e-01	5.59e-02
 3.76627e+17	6.21e-01	3.79e-01	1.87e-12	0.00e+00	0.00e+00	0.00e+00	0.00e+00	0.00e+00	0.00e+00	4.62e-01	1.02e-01	5.67e-02
 3.76634e+17	6.32e-01	3.68e-01	1.85e-12	0.00e+00	0.00e+00	0.00e+00	0.00e+00	0.00e+00	0.00e+00	4.71e-01	1.03e-01	5.75e-02
 3.76643e+17	6.44e-01	3.56e-01	1.84e-12	0.00e+00	0.00e+00	0.00e+00	0.00e+00	0.00e+00	0.00e+00	4.81e-01	1.04e-01	5.83e-02
 3.76652e+17	6.56e-01	3.44e-01	1.81e-12	0.00e+00	0.00e+00	0.00e+00	0.00e+00	0.00e+00	0.00e+00	4.92e-01	1.05e-01	5.91e-02
 3.76661e+17	6.68e-01	3.32e-01	1.79e-12	0.00e+00	0.00e+00	0.00e+00	0.00e+00	0.00e+00	0.00e+00	5.02e-01	1.06e-01	5.98e-02
 3.76669e+17	6.79e-01	3.21e-01	1.77e-12	0.00e+00	0.00e+00	0.00e+00	0.00e+00	0.00e+00	0.00e+00	5.12e-01	1.06e-01	6.05e-02
 3.76677e+17	6.90e-01	3.10e-01	1.75e-12	0.00e+00	0.00e+00	0.00e+00	0.00e+00	0.00e+00	0.00e+00	5.22e-01	1.07e-01	6.11e-02
 3.76686e+17	7.01e-01	2.99e-01	1.73e-12	0.00e+00	0.00e+00	0.00e+00	0.00e+00	0.00e+00	0.00e+00	5.32e-01	1.07e-01	6.18e-02
 3.76694e+17	7.12e-01	2.88e-01	1.70e-12	0.00e+00	0.00e+00	0.00e+00	0.00e+00	0.00e+00	0.00e+00	5.42e-01	1.08e-01	6.23e-02
 3.76702e+17	7.22e-01	2.78e-01	1.68e-12	0.00e+00	0.00e+00	0.00e+00	0.00e+00	0.00e+00	0.00e+00	5.51e-01	1.08e-01	6.29e-02
 3.76710e+17	7.33e-01	2.67e-01	1.65e-12	0.00e+00	0.00e+00	0.00e+00	0.00e+00	0.00e+00	0.00e+00	5.61e-01	1.08e-01	6.34e-02
 3.76719e+17	7.43e-01	2.57e-01	1.63e-12	0.00e+00	0.00e+00	0.00e+00	0.00e+00	0.00e+00	0.00e+00	5.70e-01	1.09e-01	6.38e-02
 3.76727e+17	7.53e-01	2.47e-01	1.60e-12	0.00e+00	0.00e+00	0.00e+00	0.00e+00	0.00e+00	0.00e+00	5.80e-01	1.09e-01	6.43e-02
 3.76734e+17	7.62e-01	2.38e-01	1.57e-12	0.00e+00	0.00e+00	0.00e+00	0.00e+00	0.00e+00	0.00e+00	5.89e-01	1.09e-01	6.46e-02
 3.76742e+17	7.71e-01	2.29e-01	1.54e-12	0.00e+00	0.00e+00	0.00e+00	0.00e+00	0.00e+00	0.00e+00	5.98e-01	1.09e-01	6.50e-02
 3.76750e+17	7.80e-01	2.20e-01	1.52e-12	0.00e+00	0.00e+00	0.00e+00	0.00e+00	0.00e+00	0.00e+00	6.06e-01	1.09e-01	6.53e-02
 3.76758e+17	7.89e-01	2.11e-01	1.49e-12	0.00e+00	0.00e+00	0.00e+00	0.00e+00	0.00e+00	0.00e+00	6.15e-01	1.08e-01	6.55e-02
 3.76766e+17	7.97e-01	2.03e-01	1.46e-12	0.00e+00	0.00e+00	0.00e+00	0.00e+00	0.00e+00	0.00e+00	6.23e-01	1.08e-01	6.58e-02
 3.76774e+17	8.06e-01	1.94e-01	1.43e-12	0.00e+00	0.00e+00	0.00e+00	0.00e+00	0.00e+00	0.00e+00	6.32e-01	1.08e-01	6.60e-02
 3.76781e+17	8.13e-01	1.87e-01	1.40e-12	0.00e+00	0.00e+00	0.00e+00	0.00e+00	0.00e+00	0.00e+00	6.40e-01	1.08e-01	6.61e-02
 3.76789e+17	8.21e-01	1.79e-01	1.37e-12	0.00e+00	0.00e+00	0.00e+00	0.00e+00	0.00e+00	0.00e+00	6.47e-01	1.07e-01	6.62e-02
 3.76796e+17	8.28e-01	1.72e-01	1.34e-12	0.00e+00	0.00e+00	0.00e+00	0.00e+00	0.00e+00	0.00e+00	6.55e-01	1.07e-01	6.63e-02
 3.76804e+17	8.35e-01	1.65e-01	1.31e-12	0.00e+00	0.00e+00	0.00e+00	0.00e+00	0.00e+00	0.00e+00	6.62e-01	1.07e-01	6.64e-02
 3.76811e+17	8.42e-01	1.58e-01	1.29e-12	0.00e+00	0.00e+00	0.00e+00	0.00e+00	0.00e+00	0.00e+00	6.69e-01	1.06e-01	6.64e-02
 3.76818e+17	8.48e-01	1.52e-01	1.26e-12	0.00e+00	0.00e+00	0.00e+00	0.00e+00	0.00e+00	0.00e+00	6.76e-01	1.06e-01	6.65e-02
 3.76825e+17	8.54e-01	1.46e-01	1.23e-12	0.00e+00	0.00e+00	0.00e+00	0.00e+00	0.00e+00	0.00e+00	6.83e-01	1.05e-01	6.65e-02
 3.76833e+17	8.60e-01	1.40e-01	1.20e-12	0.00e+00	0.00e+00	0.00e+00	0.00e+00	0.00e+00	0.00e+00	6.89e-01	1.05e-01	6.64e-02
 3.76840e+17	8.66e-01	1.34e-01	1.17e-12	0.00e+00	0.00e+00	0.00e+00	0.00e+00	0.00e+00	0.00e+00	6.95e-01	1.04e-01	6.64e-02
 3.76846e+17	8.71e-01	1.29e-01	1.15e-12	0.00e+00	0.00e+00	0.00e+00	0.00e+00	0.00e+00	0.00e+00	7.01e-01	1.04e-01	6.63e-02
 3.76853e+17	8.76e-01	1.24e-01	1.12e-12	0.00e+00	0.00e+00	0.00e+00	0.00e+00	0.00e+00	0.00e+00	7.07e-01	1.03e-01	6.62e-02
 3.76860e+17	8.81e-01	1.19e-01	1.09e-12	0.00e+00	0.00e+00	0.00e+00	0.00e+00	0.00e+00	0.00e+00	7.12e-01	1.03e-01	6.61e-02
 3.76867e+17	8.86e-01	1.14e-01	1.07e-12	0.00e+00	0.00e+00	0.00e+00	0.00e+00	0.00e+00	0.00e+00	7.18e-01	1.02e-01	6.60e-02
 3.76874e+17	8.91e-01	1.09e-01	1.04e-12	0.00e+00	0.00e+00	0.00e+00	0.00e+00	0.00e+00	0.00e+00	7.23e-01	1.02e-01	6.59e-02
 3.76880e+17	8.95e-01	1.05e-01	1.02e-12	0.00e+00	0.00e+00	0.00e+00	0.00e+00	0.00e+00	0.00e+00	7.28e-01	1.01e-01	6.58e-02
 3.76887e+17	8.99e-01	1.01e-01	9.90e-13	0.00e+00	0.00e+00	0.00e+00	0.00e+00	0.00e+00	0.00e+00	7.33e-01	1.01e-01	6.56e-02
 3.76893e+17	9.03e-01	9.68e-02	9.66e-13	0.00e+00	0.00e+00	0.00e+00	0.00e+00	0.00e+00	0.00e+00	7.38e-01	1.00e-01	6.55e-02
 3.76900e+17	9.07e-01	9.29e-02	9.41e-13	0.00e+00	0.00e+00	0.00e+00	0.00e+00	0.00e+00	0.00e+00	7.42e-01	9.96e-02	6.53e-02
 3.76906e+17	9.11e-01	8.93e-02	9.18e-13	0.00e+00	0.00e+00	0.00e+00	0.00e+00	0.00e+00	0.00e+00	7.46e-01	9.91e-02	6.52e-02
 3.76913e+17	9.14e-01	8.57e-02	8.94e-13	0.00e+00	0.00e+00	0.00e+00	0.00e+00	0.00e+00	0.00e+00	7.51e-01	9.85e-02	6.50e-02
 3.76919e+17	9.18e-01	8.24e-02	8.72e-13	0.00e+00	0.00e+00	0.00e+00	0.00e+00	0.00e+00	0.00e+00	7.55e-01	9.80e-02	6.48e-02
 3.76925e+17	9.21e-01	7.91e-02	8.49e-13	0.00e+00	0.00e+00	0.00e+00	0.00e+00	0.00e+00	0.00e+00	7.59e-01	9.75e-02	6.46e-02
 3.76932e+17	9.24e-01	7.60e-02	8.27e-13	0.00e+00	0.00e+00	0.00e+00	0.00e+00	0.00e+00	0.00e+00	7.63e-01	9.70e-02	6.45e-02
 3.76938e+17	9.27e-01	7.30e-02	8.05e-13	0.00e+00	0.00e+00	0.00e+00	0.00e+00	0.00e+00	0.00e+00	7.66e-01	9.65e-02	6.43e-02
 3.76944e+17	9.30e-01	7.02e-02	7.85e-13	0.00e+00	0.00e+00	0.00e+00	0.00e+00	0.00e+00	0.00e+00	7.70e-01	9.60e-02	6.41e-02
 3.76951e+17	9.33e-01	6.74e-02	7.64e-13	0.00e+00	0.00e+00	0.00e+00	0.00e+00	0.00e+00	0.00e+00	7.73e-01	9.55e-02	6.39e-02
 3.76957e+17	9.35e-01	6.47e-02	7.44e-13	0.00e+00	0.00e+00	0.00e+00	0.00e+00	0.00e+00	0.00e+00	7.77e-01	9.50e-02	6.37e-02
 3.76963e+17	9.38e-01	6.22e-02	7.24e-13	0.00e+00	0.00e+00	0.00e+00	0.00e+00	0.00e+00	0.00e+00	7.80e-01	9.45e-02	6.35e-02
 3.76970e+17	9.40e-01	5.98e-02	7.05e-13	0.00e+00	0.00e+00	0.00e+00	0.00e+00	0.00e+00	0.00e+00	7.83e-01	9.40e-02	6.33e-02
 3.76976e+17	9.43e-01	5.74e-02	6.86e-13	0.00e+00	0.00e+00	0.00e+00	0.00e+00	0.00e+00	0.00e+00	7.86e-01	9.36e-02	6.31e-02
 3.76982e+17	9.45e-01	5.52e-02	6.67e-13	0.00e+00	0.00e+00	0.00e+00	0.00e+00	0.00e+00	0.00e+00	7.89e-01	9.31e-02	6.29e-02
 3.76988e+17	9.47e-01	5.30e-02	6.49e-13	0.00e+00	0.00e+00	0.00e+00	0.00e+00	0.00e+00	0.00e+00	7.92e-01	9.27e-02	6.27e-02
 3.76995e+17	9.49e-01	5.10e-02	6.32e-13	0.00e+00	0.00e+00	0.00e+00	0.00e+00	0.00e+00	0.00e+00	7.94e-01	9.22e-02	6.26e-02
 3.77001e+17	9.51e-01	4.90e-02	6.14e-13	0.00e+00	0.00e+00	0.00e+00	0.00e+00	0.00e+00	0.00e+00	7.97e-01	9.18e-02	6.24e-02
 3.77007e+17	9.53e-01	4.71e-02	5.98e-13	0.00e+00	0.00e+00	0.00e+00	0.00e+00	0.00e+00	0.00e+00	7.99e-01	9.14e-02	6.22e-02
 3.77013e+17	9.55e-01	4.52e-02	5.81e-13	0.00e+00	0.00e+00	0.00e+00	0.00e+00	0.00e+00	0.00e+00	8.02e-01	9.10e-02	6.20e-02
 3.77020e+17	9.57e-01	4.35e-02	5.65e-13	0.00e+00	0.00e+00	0.00e+00	0.00e+00	0.00e+00	0.00e+00	8.04e-01	9.06e-02	6.18e-02
 3.77026e+17	9.58e-01	4.18e-02	5.49e-13	0.00e+00	0.00e+00	0.00e+00	0.00e+00	0.00e+00	0.00e+00	8.06e-01	9.02e-02	6.16e-02
 3.77032e+17	9.60e-01	4.02e-02	5.34e-13	0.00e+00	0.00e+00	0.00e+00	0.00e+00	0.00e+00	0.00e+00	8.09e-01	8.98e-02	6.15e-02
 3.77039e+17	9.61e-01	3.86e-02	5.19e-13	0.00e+00	0.00e+00	0.00e+00	0.00e+00	0.00e+00	0.00e+00	8.11e-01	8.94e-02	6.13e-02
 3.77045e+17	9.63e-01	3.71e-02	5.05e-13	0.00e+00	0.00e+00	0.00e+00	0.00e+00	0.00e+00	0.00e+00	8.13e-01	8.90e-02	6.11e-02
 3.77051e+17	9.64e-01	3.57e-02	4.91e-13	0.00e+00	0.00e+00	0.00e+00	0.00e+00	0.00e+00	0.00e+00	8.15e-01	8.87e-02	6.09e-02
 3.77058e+17	9.66e-01	3.43e-02	4.77e-13	0.00e+00	0.00e+00	0.00e+00	0.00e+00	0.00e+00	0.00e+00	8.17e-01	8.83e-02	6.08e-02
 3.77064e+17	9.67e-01	3.30e-02	4.64e-13	0.00e+00	0.00e+00	0.00e+00	0.00e+00	0.00e+00	0.00e+00	8.18e-01	8.80e-02	6.06e-02
 3.77071e+17	9.68e-01	3.17e-02	4.51e-13	0.00e+00	0.00e+00	0.00e+00	0.00e+00	0.00e+00	0.00e+00	8.20e-01	8.77e-02	6.04e-02
 3.77077e+17	9.70e-01	3.05e-02	4.38e-13	0.00e+00	0.00e+00	0.00e+00	0.00e+00	0.00e+00	0.00e+00	8.22e-01	8.73e-02	6.02e-02
 3.77084e+17	9.71e-01	2.93e-02	4.26e-13	0.00e+00	0.00e+00	0.00e+00	0.00e+00	0.00e+00	0.00e+00	8.24e-01	8.70e-02	6.01e-02
 3.77090e+17	9.72e-01	2.82e-02	4.14e-13	0.00e+00	0.00e+00	0.00e+00	0.00e+00	0.00e+00	0.00e+00	8.25e-01	8.67e-02	5.99e-02
 3.77097e+17	9.73e-01	2.71e-02	4.02e-13	0.00e+00	0.00e+00	0.00e+00	0.00e+00	0.00e+00	0.00e+00	8.27e-01	8.64e-02	5.98e-02
 3.77104e+17	9.74e-01	2.60e-02	3.91e-13	0.00e+00	0.00e+00	0.00e+00	0.00e+00	0.00e+00	0.00e+00	8.28e-01	8.61e-02	5.96e-02
 3.77111e+17	9.75e-01	2.51e-02	3.80e-13	0.00e+00	0.00e+00	0.00e+00	0.00e+00	0.00e+00	0.00e+00	8.30e-01	8.58e-02	5.95e-02
 3.77118e+17	9.76e-01	2.41e-02	3.69e-13	0.00e+00	0.00e+00	0.00e+00	0.00e+00	0.00e+00	0.00e+00	8.31e-01	8.55e-02	5.93e-02
 3.77125e+17	9.77e-01	2.32e-02	3.59e-13	0.00e+00	0.00e+00	0.00e+00	0.00e+00	0.00e+00	0.00e+00	8.32e-01	8.53e-02	5.92e-02
 3.77132e+17	9.78e-01	2.23e-02	3.49e-13	0.00e+00	0.00e+00	0.00e+00	0.00e+00	0.00e+00	0.00e+00	8.34e-01	8.50e-02	5.90e-02
 3.77139e+17	9.79e-01	2.14e-02	3.39e-13	0.00e+00	0.00e+00	0.00e+00	0.00e+00	0.00e+00	0.00e+00	8.35e-01	8.47e-02	5.89e-02
 3.77146e+17	9.79e-01	2.06e-02	3.30e-13	0.00e+00	0.00e+00	0.00e+00	0.00e+00	0.00e+00	0.00e+00	8.36e-01	8.45e-02	5.87e-02
 3.77154e+17	9.80e-01	1.98e-02	3.21e-13	0.00e+00	0.00e+00	0.00e+00	0.00e+00	0.00e+00	0.00e+00	8.37e-01	8.42e-02	5.86e-02
 3.77162e+17	9.81e-01	1.91e-02	3.12e-13	0.00e+00	0.00e+00	0.00e+00	0.00e+00	0.00e+00	0.00e+00	8.39e-01	8.39e-02	5.84e-02
 3.77170e+17	9.82e-01	1.84e-02	3.03e-13	0.00e+00	0.00e+00	0.00e+00	0.00e+00	0.00e+00	0.00e+00	8.40e-01	8.37e-02	5.83e-02
 3.77178e+17	9.82e-01	1.77e-02	2.95e-13	0.00e+00	0.00e+00	0.00e+00	0.00e+00	0.00e+00	0.00e+00	8.41e-01	8.34e-02	5.81e-02
 3.77186e+17	9.83e-01	1.70e-02	2.87e-13	0.00e+00	0.00e+00	0.00e+00	0.00e+00	0.00e+00	0.00e+00	8.42e-01	8.32e-02	5.80e-02
 3.77195e+17	9.84e-01	1.64e-02	2.79e-13	0.00e+00	0.00e+00	0.00e+00	0.00e+00	0.00e+00	0.00e+00	8.43e-01	8.30e-02	5.78e-02
 3.77204e+17	9.84e-01	1.58e-02	2.71e-13	0.00e+00	0.00e+00	0.00e+00	0.00e+00	0.00e+00	0.00e+00	8.44e-01	8.27e-02	5.77e-02
 3.77213e+17	9.85e-01	1.52e-02	2.64e-13	0.00e+00	0.00e+00	0.00e+00	0.00e+00	0.00e+00	0.00e+00	8.45e-01	8.25e-02	5.75e-02
 3.77223e+17	9.85e-01	1.46e-02	2.57e-13	0.00e+00	0.00e+00	0.00e+00	0.00e+00	0.00e+00	0.00e+00	8.46e-01	8.23e-02	5.74e-02
 3.77234e+17	9.86e-01	1.41e-02	2.50e-13	0.00e+00	0.00e+00	0.00e+00	0.00e+00	0.00e+00	0.00e+00	8.47e-01	8.20e-02	5.72e-02
 3.77245e+17	9.86e-01	1.36e-02	2.44e-13	0.00e+00	0.00e+00	0.00e+00	0.00e+00	0.00e+00	0.00e+00	8.48e-01	8.18e-02	5.71e-02
 3.77256e+17	9.87e-01	1.31e-02	2.37e-13	0.00e+00	0.00e+00	0.00e+00	0.00e+00	0.00e+00	0.00e+00	8.48e-01	8.16e-02	5.69e-02
 3.77269e+17	9.87e-01	1.26e-02	2.31e-13	0.00e+00	0.00e+00	0.00e+00	0.00e+00	0.00e+00	0.00e+00	8.49e-01	8.13e-02	5.67e-02
 3.77283e+17	9.88e-01	1.22e-02	2.26e-13	0.00e+00	0.00e+00	0.00e+00	0.00e+00	0.00e+00	0.00e+00	8.50e-01	8.11e-02	5.66e-02
 3.77297e+17	9.88e-01	1.17e-02	2.20e-13	0.00e+00	0.00e+00	0.00e+00	0.00e+00	0.00e+00	0.00e+00	8.51e-01	8.08e-02	5.64e-02
 3.77314e+17	9.89e-01	1.13e-02	2.15e-13	0.00e+00	0.00e+00	0.00e+00	0.00e+00	0.00e+00	0.00e+00	8.52e-01	8.05e-02	5.62e-02
 3.77333e+17	9.89e-01	1.09e-02	2.10e-13	0.00e+00	0.00e+00	0.00e+00	0.00e+00	0.00e+00	0.00e+00	8.53e-01	8.03e-02	5.60e-02
 3.77354e+17	9.89e-01	1.06e-02	2.06e-13	0.00e+00	0.00e+00	0.00e+00	0.00e+00	0.00e+00	0.00e+00	8.54e-01	8.00e-02	5.58e-02
 3.77377e+17	9.90e-01	1.03e-02	2.02e-13	0.00e+00	0.00e+00	0.00e+00	0.00e+00	0.00e+00	0.00e+00	8.55e-01	7.97e-02	5.55e-02
 3.77402e+17	9.90e-01	1.00e-02	1.99e-13	0.00e+00	0.00e+00	0.00e+00	0.00e+00	0.00e+00	0.00e+00	8.55e-01	7.94e-02	5.53e-02
 3.77426e+17	9.90e-01	9.80e-03	1.97e-13	0.00e+00	0.00e+00	0.00e+00	0.00e+00	0.00e+00	0.00e+00	8.56e-01	7.91e-02	5.51e-02
 3.77450e+17	9.90e-01	9.63e-03	1.95e-13	0.00e+00	0.00e+00	0.00e+00	0.00e+00	0.00e+00	0.00e+00	8.57e-01	7.88e-02	5.49e-02
 3.77475e+17	9.91e-01	9.48e-03	1.93e-13	0.00e+00	0.00e+00	0.00e+00	0.00e+00	0.00e+00	0.00e+00	8.57e-01	7.85e-02	5.47e-02
 3.77499e+17	9.91e-01	9.36e-03	1.92e-13	0.00e+00	0.00e+00	0.00e+00	0.00e+00	0.00e+00	0.00e+00	8.58e-01	7.83e-02	5.45e-02
 3.77524e+17	9.91e-01	9.26e-03	1.91e-13	0.00e+00	0.00e+00	0.00e+00	0.00e+00	0.00e+00	0.00e+00	8.58e-01	7.80e-02	5.43e-02
 3.77548e+17	9.91e-01	9.17e-03	1.90e-13	0.00e+00	0.00e+00	0.00e+00	0.00e+00	0.00e+00	0.00e+00	8.59e-01	7.78e-02	5.41e-02
 3.77572e+17	9.91e-01	9.09e-03	1.89e-13	0.00e+00	0.00e+00	0.00e+00	0.00e+00	0.00e+00	0.00e+00	8.59e-01	7.76e-02	5.39e-02
 3.77597e+17	9.91e-01	9.02e-03	1.88e-13	0.00e+00	0.00e+00	0.00e+00	0.00e+00	0.00e+00	0.00e+00	8.60e-01	7.74e-02	5.37e-02
 3.77621e+17	9.91e-01	8.97e-03	1.87e-13	0.00e+00	0.00e+00	0.00e+00	0.00e+00	0.00e+00	0.00e+00	8.60e-01	7.71e-02	5.36e-02
 3.77645e+17	9.91e-01	8.89e-03	1.86e-13	0.00e+00	0.00e+00	0.00e+00	0.00e+00	0.00e+00	0.00e+00	8.61e-01	7.69e-02	5.34e-02
 3.77670e+17	9.91e-01	8.84e-03	1.86e-13	0.00e+00	0.00e+00	0.00e+00	0.00e+00	0.00e+00	0.00e+00	8.61e-01	7.67e-02	5.32e-02
 3.77694e+17	9.91e-01	8.79e-03	1.85e-13	0.00e+00	0.00e+00	0.00e+00	0.00e+00	0.00e+00	0.00e+00	8.62e-01	7.65e-02	5.30e-02
 3.77718e+17	9.91e-01	8.74e-03	1.84e-13	0.00e+00	0.00e+00	0.00e+00	0.00e+00	0.00e+00	0.00e+00	8.62e-01	7.63e-02	5.29e-02
 3.77743e+17	9.91e-01	8.68e-03	1.84e-13	0.00e+00	0.00e+00	0.00e+00	0.00e+00	0.00e+00	0.00e+00	8.63e-01	7.61e-02	5.27e-02
 3.77767e+17	9.91e-01	8.64e-03	1.83e-13	0.00e+00	0.00e+00	0.00e+00	0.00e+00	0.00e+00	0.00e+00	8.63e-01	7.59e-02	5.25e-02
 3.77791e+17	9.91e-01	8.59e-03	1.82e-13	0.00e+00	0.00e+00	0.00e+00	0.00e+00	0.00e+00	0.00e+00	8.63e-01	7.57e-02	5.24e-02
 3.77816e+17	9.91e-01	8.56e-03	1.82e-13	0.00e+00	0.00e+00	0.00e+00	0.00e+00	0.00e+00	0.00e+00	8.64e-01	7.55e-02	5.22e-02
 3.77840e+17	9.91e-01	8.51e-03	1.81e-13	0.00e+00	0.00e+00	0.00e+00	0.00e+00	0.00e+00	0.00e+00	8.64e-01	7.53e-02	5.20e-02
 3.77865e+17	9.92e-01	8.47e-03	1.81e-13	0.00e+00	0.00e+00	0.00e+00	0.00e+00	0.00e+00	0.00e+00	8.65e-01	7.51e-02	5.19e-02
 3.77889e+17	9.92e-01	8.42e-03	1.80e-13	0.00e+00	0.00e+00	0.00e+00	0.00e+00	0.00e+00	0.00e+00	8.65e-01	7.49e-02	5.17e-02
 3.77913e+17	9.92e-01	8.40e-03	1.80e-13	0.00e+00	0.00e+00	0.00e+00	0.00e+00	0.00e+00	0.00e+00	8.65e-01	7.47e-02	5.16e-02
 3.77938e+17	9.92e-01	8.35e-03	1.79e-13	0.00e+00	0.00e+00	0.00e+00	0.00e+00	0.00e+00	0.00e+00	8.66e-01	7.45e-02	5.14e-02
 3.77962e+17	9.92e-01	8.31e-03	1.79e-13	0.00e+00	0.00e+00	0.00e+00	0.00e+00	0.00e+00	0.00e+00	8.66e-01	7.43e-02	5.13e-02
 3.77986e+17	9.92e-01	8.27e-03	1.78e-13	0.00e+00	0.00e+00	0.00e+00	0.00e+00	0.00e+00	0.00e+00	8.66e-01	7.42e-02	5.11e-02
 3.78011e+17	9.92e-01	8.24e-03	1.78e-13	0.00e+00	0.00e+00	0.00e+00	0.00e+00	0.00e+00	0.00e+00	8.67e-01	7.41e-02	5.11e-02
 3.78035e+17	9.92e-01	8.19e-03	1.77e-13	0.00e+00	0.00e+00	0.00e+00	0.00e+00	0.00e+00	0.00e+00	8.67e-01	7.39e-02	5.10e-02
 3.78059e+17	9.92e-01	8.17e-03	1.77e-13	0.00e+00	0.00e+00	0.00e+00	0.00e+00	0.00e+00	0.00e+00	8.67e-01	7.38e-02	5.08e-02
 3.78084e+17	9.92e-01	8.13e-03	1.76e-13	0.00e+00	0.00e+00	0.00e+00	0.00e+00	0.00e+00	0.00e+00	8.68e-01	7.36e-02	5.07e-02
 3.78108e+17	9.92e-01	8.10e-03	1.76e-13	0.00e+00	0.00e+00	0.00e+00	0.00e+00	0.00e+00	0.00e+00	8.68e-01	7.35e-02	5.06e-02
 3.78132e+17	9.92e-01	8.06e-03	1.75e-13	0.00e+00	0.00e+00	0.00e+00	0.00e+00	0.00e+00	0.00e+00	8.68e-01	7.33e-02	5.05e-02
 3.78157e+17	9.92e-01	8.04e-03	1.75e-13	0.00e+00	0.00e+00	0.00e+00	0.00e+00	0.00e+00	0.00e+00	8.68e-01	7.32e-02	5.03e-02
 3.78181e+17	9.92e-01	8.00e-03	1.74e-13	0.00e+00	0.00e+00	0.00e+00	0.00e+00	0.00e+00	0.00e+00	8.69e-01	7.30e-02	5.02e-02
 3.78205e+17	9.92e-01	7.96e-03	1.74e-13	0.00e+00	0.00e+00	0.00e+00	0.00e+00	0.00e+00	0.00e+00	8.69e-01	7.29e-02	5.01e-02
 3.78230e+17	9.92e-01	7.93e-03	1.74e-13	0.00e+00	0.00e+00	0.00e+00	0.00e+00	0.00e+00	0.00e+00	8.69e-01	7.28e-02	5.00e-02
 3.78254e+17	9.92e-01	7.90e-03	1.73e-13	0.00e+00	0.00e+00	0.00e+00	0.00e+00	0.00e+00	0.00e+00	8.70e-01	7.26e-02	4.99e-02
 3.78278e+17	9.92e-01	7.87e-03	1.73e-13	0.00e+00	0.00e+00	0.00e+00	0.00e+00	0.00e+00	0.00e+00	8.70e-01	7.25e-02	4.98e-02
 3.78303e+17	9.92e-01	7.84e-03	1.72e-13	0.00e+00	0.00e+00	0.00e+00	0.00e+00	0.00e+00	0.00e+00	8.70e-01	7.24e-02	4.97e-02
 3.78327e+17	9.92e-01	7.80e-03	1.72e-13	0.00e+00	0.00e+00	0.00e+00	0.00e+00	0.00e+00	0.00e+00	8.70e-01	7.23e-02	4.96e-02
 3.78351e+17	9.92e-01	7.79e-03	1.72e-13	0.00e+00	0.00e+00	0.00e+00	0.00e+00	0.00e+00	0.00e+00	8.71e-01	7.21e-02	4.95e-02
 3.78376e+17	9.92e-01	7.75e-03	1.71e-13	0.00e+00	0.00e+00	0.00e+00	0.00e+00	0.00e+00	0.00e+00	8.71e-01	7.20e-02	4.94e-02
 3.78400e+17	9.92e-01	7.72e-03	1.71e-13	0.00e+00	0.00e+00	0.00e+00	0.00e+00	0.00e+00	0.00e+00	8.71e-01	7.19e-02	4.93e-02
 3.78424e+17	9.92e-01	7.69e-03	1.71e-13	0.00e+00	0.00e+00	0.00e+00	0.00e+00	0.00e+00	0.00e+00	8.71e-01	7.18e-02	4.92e-02
 3.78449e+17	9.92e-01	7.67e-03	1.70e-13	0.00e+00	0.00e+00	0.00e+00	0.00e+00	0.00e+00	0.00e+00	8.72e-01	7.17e-02	4.91e-02
 3.78473e+17	9.92e-01	7.64e-03	1.70e-13	0.00e+00	0.00e+00	0.00e+00	0.00e+00	0.00e+00	0.00e+00	8.72e-01	7.16e-02	4.90e-02
 3.78497e+17	9.92e-01	7.62e-03	1.70e-13	0.00e+00	0.00e+00	0.00e+00	0.00e+00	0.00e+00	0.00e+00	8.72e-01	7.15e-02	4.89e-02
 3.78522e+17	9.92e-01	7.58e-03	1.69e-13	0.00e+00	0.00e+00	0.00e+00	0.00e+00	0.00e+00	0.00e+00	8.72e-01	7.14e-02	4.88e-02
 3.78546e+17	9.92e-01	7.56e-03	1.69e-13	0.00e+00	0.00e+00	0.00e+00	0.00e+00	0.00e+00	0.00e+00	8.72e-01	7.13e-02	4.88e-02
 3.78570e+17	9.92e-01	7.53e-03	1.68e-13	0.00e+00	0.00e+00	0.00e+00	0.00e+00	0.00e+00	0.00e+00	8.73e-01	7.12e-02	4.87e-02
 3.78595e+17	9.92e-01	7.52e-03	1.68e-13	0.00e+00	0.00e+00	0.00e+00	0.00e+00	0.00e+00	0.00e+00	8.73e-01	7.11e-02	4.86e-02
 3.78619e+17	9.93e-01	7.48e-03	1.68e-13	0.00e+00	0.00e+00	0.00e+00	0.00e+00	0.00e+00	0.00e+00	8.73e-01	7.10e-02	4.85e-02
 3.78643e+17	9.93e-01	7.46e-03	1.68e-13	0.00e+00	0.00e+00	0.00e+00	0.00e+00	0.00e+00	0.00e+00	8.73e-01	7.09e-02	4.84e-02
 3.78667e+17	9.93e-01	7.43e-03	1.67e-13	0.00e+00	0.00e+00	0.00e+00	0.00e+00	0.00e+00	0.00e+00	8.73e-01	7.08e-02	4.84e-02
 3.78692e+17	9.93e-01	7.41e-03	1.67e-13	0.00e+00	0.00e+00	0.00e+00	0.00e+00	0.00e+00	0.00e+00	8.74e-01	7.07e-02	4.83e-02
 3.78716e+17	9.93e-01	7.38e-03	1.67e-13	0.00e+00	0.00e+00	0.00e+00	0.00e+00	0.00e+00	0.00e+00	8.74e-01	7.06e-02	4.82e-02
 3.78740e+17	9.93e-01	7.36e-03	1.66e-13	0.00e+00	0.00e+00	0.00e+00	0.00e+00	0.00e+00	0.00e+00	8.74e-01	7.05e-02	4.81e-02
 3.78765e+17	9.93e-01	7.33e-03	1.66e-13	0.00e+00	0.00e+00	0.00e+00	0.00e+00	0.00e+00	0.00e+00	8.74e-01	7.04e-02	4.81e-02
 3.78789e+17	9.93e-01	7.32e-03	1.66e-13	0.00e+00	0.00e+00	0.00e+00	0.00e+00	0.00e+00	0.00e+00	8.74e-01	7.03e-02	4.80e-02
 3.78813e+17	9.93e-01	7.29e-03	1.66e-13	0.00e+00	0.00e+00	0.00e+00	0.00e+00	0.00e+00	0.00e+00	8.75e-01	7.02e-02	4.79e-02
 3.78838e+17	9.93e-01	7.26e-03	1.65e-13	0.00e+00	0.00e+00	0.00e+00	0.00e+00	0.00e+00	0.00e+00	8.75e-01	7.02e-02	4.79e-02
 3.78862e+17	9.93e-01	7.24e-03	1.65e-13	0.00e+00	0.00e+00	0.00e+00	0.00e+00	0.00e+00	0.00e+00	8.75e-01	7.01e-02	4.78e-02
 3.78886e+17	9.93e-01	7.22e-03	1.65e-13	0.00e+00	0.00e+00	0.00e+00	0.00e+00	0.00e+00	0.00e+00	8.75e-01	7.00e-02	4.77e-02
 3.78911e+17	9.93e-01	7.19e-03	1.65e-13	0.00e+00	0.00e+00	0.00e+00	0.00e+00	0.00e+00	0.00e+00	8.75e-01	6.99e-02	4.77e-02
 3.78935e+17	9.93e-01	7.17e-03	1.64e-13	0.00e+00	0.00e+00	0.00e+00	0.00e+00	0.00e+00	0.00e+00	8.75e-01	6.98e-02	4.76e-02
 3.78959e+17	9.93e-01	7.14e-03	1.64e-13	0.00e+00	0.00e+00	0.00e+00	0.00e+00	0.00e+00	0.00e+00	8.76e-01	6.97e-02	4.75e-02
 3.78984e+17	9.93e-01	7.14e-03	1.64e-13	0.00e+00	0.00e+00	0.00e+00	0.00e+00	0.00e+00	0.00e+00	8.76e-01	6.97e-02	4.75e-02
 3.79008e+17	9.93e-01	7.11e-03	1.64e-13	0.00e+00	0.00e+00	0.00e+00	0.00e+00	0.00e+00	0.00e+00	8.76e-01	6.96e-02	4.74e-02
 3.79032e+17	9.93e-01	7.08e-03	1.63e-13	0.00e+00	0.00e+00	0.00e+00	0.00e+00	0.00e+00	0.00e+00	8.76e-01	6.95e-02	4.73e-02
 3.79056e+17	9.93e-01	7.06e-03	1.63e-13	0.00e+00	0.00e+00	0.00e+00	0.00e+00	0.00e+00	0.00e+00	8.76e-01	6.94e-02	4.73e-02
 3.79081e+17	9.93e-01	7.05e-03	1.63e-13	0.00e+00	0.00e+00	0.00e+00	0.00e+00	0.00e+00	0.00e+00	8.76e-01	6.94e-02	4.72e-02
 3.79105e+17	9.93e-01	7.02e-03	1.63e-13	0.00e+00	0.00e+00	0.00e+00	0.00e+00	0.00e+00	0.00e+00	8.77e-01	6.93e-02	4.72e-02
 3.79129e+17	9.93e-01	7.00e-03	1.62e-13	0.00e+00	0.00e+00	0.00e+00	0.00e+00	0.00e+00	0.00e+00	8.77e-01	6.92e-02	4.71e-02
 3.79154e+17	9.93e-01	6.98e-03	1.62e-13	0.00e+00	0.00e+00	0.00e+00	0.00e+00	0.00e+00	0.00e+00	8.77e-01	6.92e-02	4.70e-02
 3.79178e+17	9.93e-01	6.96e-03	1.62e-13	0.00e+00	0.00e+00	0.00e+00	0.00e+00	0.00e+00	0.00e+00	8.77e-01	6.91e-02	4.70e-02
 3.79202e+17	9.93e-01	6.94e-03	1.62e-13	0.00e+00	0.00e+00	0.00e+00	0.00e+00	0.00e+00	0.00e+00	8.77e-01	6.90e-02	4.69e-02
 3.79227e+17	9.93e-01	6.92e-03	1.62e-13	0.00e+00	0.00e+00	0.00e+00	0.00e+00	0.00e+00	0.00e+00	8.77e-01	6.89e-02	4.69e-02
 3.79251e+17	9.93e-01	6.90e-03	1.61e-13	0.00e+00	0.00e+00	0.00e+00	0.00e+00	0.00e+00	0.00e+00	8.77e-01	6.89e-02	4.68e-02
 3.79275e+17	9.93e-01	6.88e-03	1.61e-13	0.00e+00	0.00e+00	0.00e+00	0.00e+00	0.00e+00	0.00e+00	8.78e-01	6.88e-02	4.68e-02
 3.79299e+17	9.93e-01	6.85e-03	1.61e-13	0.00e+00	0.00e+00	0.00e+00	0.00e+00	0.00e+00	0.00e+00	8.78e-01	6.87e-02	4.67e-02
 3.79324e+17	9.93e-01	6.84e-03	1.61e-13	0.00e+00	0.00e+00	0.00e+00	0.00e+00	0.00e+00	0.00e+00	8.78e-01	6.87e-02	4.67e-02
 3.79348e+17	9.93e-01	6.82e-03	1.61e-13	0.00e+00	0.00e+00	0.00e+00	0.00e+00	0.00e+00	0.00e+00	8.78e-01	6.86e-02	4.66e-02
 3.79372e+17	9.93e-01	6.81e-03	1.60e-13	0.00e+00	0.00e+00	0.00e+00	0.00e+00	0.00e+00	0.00e+00	8.78e-01	6.86e-02	4.65e-02
 3.79397e+17	9.93e-01	6.78e-03	1.60e-13	0.00e+00	0.00e+00	0.00e+00	0.00e+00	0.00e+00	0.00e+00	8.78e-01	6.85e-02	4.65e-02
 3.79421e+17	9.93e-01	6.76e-03	1.60e-13	0.00e+00	0.00e+00	0.00e+00	0.00e+00	0.00e+00	0.00e+00	8.78e-01	6.84e-02	4.64e-02
 3.79445e+17	9.93e-01	6.74e-03	1.60e-13	0.00e+00	0.00e+00	0.00e+00	0.00e+00	0.00e+00	0.00e+00	8.79e-01	6.84e-02	4.64e-02
 3.79470e+17	9.93e-01	6.73e-03	1.60e-13	0.00e+00	0.00e+00	0.00e+00	0.00e+00	0.00e+00	0.00e+00	8.79e-01	6.83e-02	4.63e-02
