#depth	O	O+	O+2	O+3	O+4	O+5	O+6	O+7	O+8	O[1]	O[2]	O[3]
 7.91400e+11	8.09e-09	2.00e-03	8.17e-01	1.81e-01	5.47e-06	0.00e+00	0.00e+00	0.00e+00	0.00e+00	4.87e-09	2.35e-09	8.47e-10
 4.74840e+12	8.06e-09	2.00e-03	8.18e-01	1.80e-01	5.45e-06	0.00e+00	0.00e+00	0.00e+00	0.00e+00	4.85e-09	2.34e-09	8.44e-10
 2.05764e+13	8.06e-09	2.00e-03	8.20e-01	1.78e-01	5.35e-06	0.00e+00	0.00e+00	0.00e+00	0.00e+00	4.86e-09	2.35e-09	8.44e-10
 8.38884e+13	8.13e-09	2.02e-03	8.28e-01	1.70e-01	4.97e-06	0.00e+00	0.00e+00	0.00e+00	0.00e+00	4.89e-09	2.36e-09	8.51e-10
 2.00382e+14	8.25e-09	2.05e-03	8.38e-01	1.60e-01	4.46e-06	0.00e+00	0.00e+00	0.00e+00	0.00e+00	4.97e-09	2.40e-09	8.64e-10
 3.51825e+14	8.39e-09	2.08e-03	8.52e-01	1.46e-01	3.85e-06	0.00e+00	0.00e+00	0.00e+00	0.00e+00	5.05e-09	2.44e-09	8.78e-10
 5.48700e+14	8.57e-09	2.13e-03	8.69e-01	1.29e-01	3.15e-06	0.00e+00	0.00e+00	0.00e+00	0.00e+00	5.17e-09	2.49e-09	8.97e-10
 8.04637e+14	8.83e-09	2.19e-03	8.90e-01	1.08e-01	2.38e-06	0.00e+00	0.00e+00	0.00e+00	0.00e+00	5.33e-09	2.56e-09	9.24e-10
 1.13736e+15	9.14e-09	2.27e-03	9.14e-01	8.33e-02	1.60e-06	0.00e+00	0.00e+00	0.00e+00	0.00e+00	5.52e-09	2.65e-09	9.56e-10
 1.56989e+15	9.51e-09	2.35e-03	9.41e-01	5.71e-02	9.09e-07	0.00e+00	0.00e+00	0.00e+00	0.00e+00	5.74e-09	2.75e-09	9.93e-10
 2.13218e+15	9.90e-09	2.45e-03	9.65e-01	3.29e-02	4.00e-07	0.00e+00	0.00e+00	0.00e+00	0.00e+00	5.98e-09	2.86e-09	1.03e-09
 2.86317e+15	1.04e-08	2.54e-03	9.83e-01	1.49e-02	0.00e+00	0.00e+00	0.00e+00	0.00e+00	0.00e+00	6.29e-09	2.99e-09	1.08e-09
 3.81345e+15	1.10e-08	2.65e-03	9.92e-01	5.15e-03	0.00e+00	0.00e+00	0.00e+00	0.00e+00	0.00e+00	6.67e-09	3.16e-09	1.15e-09
 5.04881e+15	1.19e-08	2.77e-03	9.96e-01	1.44e-03	0.00e+00	0.00e+00	0.00e+00	0.00e+00	0.00e+00	7.24e-09	3.40e-09	1.24e-09
 6.65478e+15	1.32e-08	2.93e-03	9.97e-01	4.55e-04	0.00e+00	0.00e+00	0.00e+00	0.00e+00	0.00e+00	8.05e-09	3.75e-09	1.37e-09
 8.71382e+15	1.50e-08	3.14e-03	9.97e-01	2.59e-04	0.00e+00	0.00e+00	0.00e+00	0.00e+00	0.00e+00	9.20e-09	4.24e-09	1.55e-09
 1.10625e+16	1.73e-08	3.39e-03	9.96e-01	2.18e-04	0.00e+00	0.00e+00	0.00e+00	0.00e+00	0.00e+00	1.07e-08	4.85e-09	1.79e-09
 1.35051e+16	2.00e-08	3.65e-03	9.96e-01	1.98e-04	0.00e+00	0.00e+00	0.00e+00	0.00e+00	0.00e+00	1.24e-08	5.56e-09	2.05e-09
 1.60455e+16	2.31e-08	3.94e-03	9.96e-01	1.82e-04	0.00e+00	0.00e+00	0.00e+00	0.00e+00	0.00e+00	1.44e-08	6.37e-09	2.36e-09
 1.86874e+16	2.67e-08	4.25e-03	9.96e-01	1.67e-04	0.00e+00	0.00e+00	0.00e+00	0.00e+00	0.00e+00	1.67e-08	7.30e-09	2.72e-09
 2.10360e+16	3.03e-08	4.53e-03	9.95e-01	1.55e-04	0.00e+00	0.00e+00	0.00e+00	0.00e+00	0.00e+00	1.89e-08	8.19e-09	3.07e-09
 2.31396e+16	3.37e-08	4.80e-03	9.95e-01	1.46e-04	0.00e+00	0.00e+00	0.00e+00	0.00e+00	0.00e+00	2.11e-08	9.07e-09	3.41e-09
 2.54536e+16	3.78e-08	5.10e-03	9.95e-01	1.37e-04	0.00e+00	0.00e+00	0.00e+00	0.00e+00	0.00e+00	2.38e-08	1.01e-08	3.81e-09
 2.79990e+16	4.27e-08	5.44e-03	9.94e-01	1.27e-04	0.00e+00	0.00e+00	0.00e+00	0.00e+00	0.00e+00	2.70e-08	1.13e-08	4.29e-09
 3.07989e+16	4.87e-08	5.83e-03	9.94e-01	1.18e-04	0.00e+00	0.00e+00	0.00e+00	0.00e+00	0.00e+00	3.09e-08	1.28e-08	4.87e-09
 3.38788e+16	5.60e-08	6.28e-03	9.94e-01	1.08e-04	0.00e+00	0.00e+00	0.00e+00	0.00e+00	0.00e+00	3.57e-08	1.46e-08	5.58e-09
 3.72019e+16	6.47e-08	6.78e-03	9.93e-01	9.97e-05	0.00e+00	0.00e+00	0.00e+00	0.00e+00	0.00e+00	4.14e-08	1.68e-08	6.43e-09
 4.06902e+16	7.50e-08	7.33e-03	9.93e-01	9.14e-05	0.00e+00	0.00e+00	0.00e+00	0.00e+00	0.00e+00	4.82e-08	1.93e-08	7.42e-09
 4.43179e+16	8.69e-08	7.93e-03	9.92e-01	8.38e-05	0.00e+00	0.00e+00	0.00e+00	0.00e+00	0.00e+00	5.60e-08	2.21e-08	8.56e-09
 4.80908e+16	1.01e-07	8.58e-03	9.91e-01	7.68e-05	0.00e+00	0.00e+00	0.00e+00	0.00e+00	0.00e+00	6.52e-08	2.55e-08	9.90e-09
 5.20145e+16	1.17e-07	9.29e-03	9.91e-01	7.04e-05	0.00e+00	0.00e+00	0.00e+00	0.00e+00	0.00e+00	7.60e-08	2.93e-08	1.14e-08
 5.60952e+16	1.36e-07	1.01e-02	9.90e-01	6.45e-05	0.00e+00	0.00e+00	0.00e+00	0.00e+00	0.00e+00	8.85e-08	3.37e-08	1.32e-08
 6.03392e+16	1.58e-07	1.09e-02	9.89e-01	5.91e-05	0.00e+00	0.00e+00	0.00e+00	0.00e+00	0.00e+00	1.03e-07	3.89e-08	1.53e-08
 6.47529e+16	1.83e-07	1.18e-02	9.88e-01	5.40e-05	0.00e+00	0.00e+00	0.00e+00	0.00e+00	0.00e+00	1.20e-07	4.49e-08	1.78e-08
 6.93432e+16	2.14e-07	1.28e-02	9.87e-01	4.94e-05	0.00e+00	0.00e+00	0.00e+00	0.00e+00	0.00e+00	1.41e-07	5.19e-08	2.06e-08
 7.41170e+16	2.49e-07	1.39e-02	9.86e-01	4.52e-05	0.00e+00	0.00e+00	0.00e+00	0.00e+00	0.00e+00	1.64e-07	6.00e-08	2.39e-08
 7.90818e+16	2.90e-07	1.51e-02	9.85e-01	4.13e-05	0.00e+00	0.00e+00	0.00e+00	0.00e+00	0.00e+00	1.92e-07	6.95e-08	2.79e-08
 8.42453e+16	3.39e-07	1.64e-02	9.84e-01	3.77e-05	0.00e+00	0.00e+00	0.00e+00	0.00e+00	0.00e+00	2.25e-07	8.06e-08	3.24e-08
 8.96152e+16	3.97e-07	1.78e-02	9.82e-01	3.44e-05	0.00e+00	0.00e+00	0.00e+00	0.00e+00	0.00e+00	2.64e-07	9.37e-08	3.79e-08
 9.51999e+16	4.64e-07	1.94e-02	9.81e-01	3.14e-05	0.00e+00	0.00e+00	0.00e+00	0.00e+00	0.00e+00	3.10e-07	1.09e-07	4.42e-08
 1.01008e+17	5.44e-07	2.11e-02	9.79e-01	2.86e-05	0.00e+00	0.00e+00	0.00e+00	0.00e+00	0.00e+00	3.64e-07	1.27e-07	5.17e-08
 1.07049e+17	6.39e-07	2.30e-02	9.77e-01	2.60e-05	0.00e+00	0.00e+00	0.00e+00	0.00e+00	0.00e+00	4.28e-07	1.48e-07	6.06e-08
 1.13331e+17	7.52e-07	2.50e-02	9.75e-01	2.37e-05	0.00e+00	0.00e+00	0.00e+00	0.00e+00	0.00e+00	5.06e-07	1.74e-07	7.12e-08
 1.19864e+17	8.85e-07	2.73e-02	9.73e-01	2.15e-05	0.00e+00	0.00e+00	0.00e+00	0.00e+00	0.00e+00	5.96e-07	2.03e-07	8.37e-08
 1.26659e+17	1.05e-06	2.98e-02	9.70e-01	1.95e-05	0.00e+00	0.00e+00	0.00e+00	0.00e+00	0.00e+00	7.07e-07	2.39e-07	9.88e-08
 1.33725e+17	1.24e-06	3.26e-02	9.67e-01	1.77e-05	0.00e+00	0.00e+00	0.00e+00	0.00e+00	0.00e+00	8.39e-07	2.82e-07	1.17e-07
 1.41074e+17	1.47e-06	3.57e-02	9.64e-01	1.60e-05	0.00e+00	0.00e+00	0.00e+00	0.00e+00	0.00e+00	9.98e-07	3.34e-07	1.39e-07
 1.48717e+17	1.76e-06	3.91e-02	9.61e-01	1.44e-05	0.00e+00	0.00e+00	0.00e+00	0.00e+00	0.00e+00	1.19e-06	3.96e-07	1.65e-07
 1.56666e+17	2.10e-06	4.29e-02	9.57e-01	1.30e-05	0.00e+00	0.00e+00	0.00e+00	0.00e+00	0.00e+00	1.43e-06	4.72e-07	1.97e-07
 1.64933e+17	2.52e-06	4.72e-02	9.53e-01	1.17e-05	0.00e+00	0.00e+00	0.00e+00	0.00e+00	0.00e+00	1.72e-06	5.64e-07	2.37e-07
 1.73531e+17	3.04e-06	5.20e-02	9.48e-01	1.05e-05	0.00e+00	0.00e+00	0.00e+00	0.00e+00	0.00e+00	2.07e-06	6.78e-07	2.85e-07
 1.82472e+17	3.69e-06	5.75e-02	9.43e-01	9.41e-06	0.00e+00	0.00e+00	0.00e+00	0.00e+00	0.00e+00	2.52e-06	8.20e-07	3.46e-07
 1.91771e+17	4.50e-06	6.36e-02	9.36e-01	8.40e-06	0.00e+00	0.00e+00	0.00e+00	0.00e+00	0.00e+00	3.07e-06	9.98e-07	4.22e-07
 2.01442e+17	5.54e-06	7.07e-02	9.29e-01	7.46e-06	0.00e+00	0.00e+00	0.00e+00	0.00e+00	0.00e+00	3.78e-06	1.22e-06	5.19e-07
 2.11500e+17	6.87e-06	7.88e-02	9.21e-01	6.61e-06	0.00e+00	0.00e+00	0.00e+00	0.00e+00	0.00e+00	4.70e-06	1.51e-06	6.44e-07
 2.21960e+17	8.62e-06	8.82e-02	9.12e-01	5.81e-06	0.00e+00	0.00e+00	0.00e+00	0.00e+00	0.00e+00	5.90e-06	1.89e-06	8.08e-07
 2.32838e+17	1.09e-05	9.92e-02	9.01e-01	5.08e-06	0.00e+00	0.00e+00	0.00e+00	0.00e+00	0.00e+00	7.50e-06	2.40e-06	1.03e-06
 2.44152e+17	1.41e-05	1.13e-01	8.87e-01	4.40e-06	0.00e+00	0.00e+00	0.00e+00	0.00e+00	0.00e+00	9.69e-06	3.09e-06	1.33e-06
 2.55444e+17	1.84e-05	1.28e-01	8.72e-01	3.80e-06	0.00e+00	0.00e+00	0.00e+00	0.00e+00	0.00e+00	1.26e-05	4.01e-06	1.73e-06
 2.66005e+17	2.38e-05	1.45e-01	8.55e-01	3.29e-06	0.00e+00	0.00e+00	0.00e+00	0.00e+00	0.00e+00	1.63e-05	5.18e-06	2.24e-06
 2.75472e+17	3.03e-05	1.62e-01	8.38e-01	2.87e-06	0.00e+00	0.00e+00	0.00e+00	0.00e+00	0.00e+00	2.08e-05	6.60e-06	2.86e-06
 2.83901e+17	3.81e-05	1.81e-01	8.19e-01	2.51e-06	0.00e+00	0.00e+00	0.00e+00	0.00e+00	0.00e+00	2.62e-05	8.30e-06	3.60e-06
 2.91537e+17	4.77e-05	2.01e-01	7.99e-01	2.20e-06	0.00e+00	0.00e+00	0.00e+00	0.00e+00	0.00e+00	3.27e-05	1.04e-05	4.51e-06
 2.98470e+17	5.92e-05	2.23e-01	7.77e-01	1.94e-06	0.00e+00	0.00e+00	0.00e+00	0.00e+00	0.00e+00	4.06e-05	1.29e-05	5.60e-06
 3.04676e+17	7.29e-05	2.46e-01	7.54e-01	1.70e-06	0.00e+00	0.00e+00	0.00e+00	0.00e+00	0.00e+00	5.00e-05	1.58e-05	6.91e-06
 3.10141e+17	8.88e-05	2.70e-01	7.30e-01	1.49e-06	0.00e+00	0.00e+00	0.00e+00	0.00e+00	0.00e+00	6.10e-05	1.93e-05	8.43e-06
 3.14937e+17	1.07e-04	2.95e-01	7.05e-01	1.32e-06	0.00e+00	0.00e+00	0.00e+00	0.00e+00	0.00e+00	7.35e-05	2.32e-05	1.02e-05
 3.19166e+17	1.28e-04	3.21e-01	6.78e-01	1.16e-06	0.00e+00	0.00e+00	0.00e+00	0.00e+00	0.00e+00	8.78e-05	2.78e-05	1.22e-05
 3.22917e+17	1.52e-04	3.49e-01	6.51e-01	1.02e-06	0.00e+00	0.00e+00	0.00e+00	0.00e+00	0.00e+00	1.04e-04	3.29e-05	1.45e-05
 3.26246e+17	1.78e-04	3.78e-01	6.22e-01	8.90e-07	0.00e+00	0.00e+00	0.00e+00	0.00e+00	0.00e+00	1.22e-04	3.87e-05	1.70e-05
 3.29182e+17	2.08e-04	4.08e-01	5.92e-01	7.75e-07	0.00e+00	0.00e+00	0.00e+00	0.00e+00	0.00e+00	1.43e-04	4.51e-05	1.99e-05
 3.31744e+17	2.40e-04	4.39e-01	5.61e-01	6.74e-07	0.00e+00	0.00e+00	0.00e+00	0.00e+00	0.00e+00	1.65e-04	5.20e-05	2.30e-05
 3.33974e+17	2.74e-04	4.70e-01	5.29e-01	5.84e-07	0.00e+00	0.00e+00	0.00e+00	0.00e+00	0.00e+00	1.88e-04	5.95e-05	2.63e-05
 3.35923e+17	3.11e-04	5.02e-01	4.97e-01	5.04e-07	0.00e+00	0.00e+00	0.00e+00	0.00e+00	0.00e+00	2.13e-04	6.74e-05	2.98e-05
 3.37632e+17	3.50e-04	5.35e-01	4.65e-01	4.32e-07	0.00e+00	0.00e+00	0.00e+00	0.00e+00	0.00e+00	2.40e-04	7.58e-05	3.35e-05
 3.39130e+17	3.90e-04	5.68e-01	4.32e-01	3.69e-07	0.00e+00	0.00e+00	0.00e+00	0.00e+00	0.00e+00	2.67e-04	8.44e-05	3.74e-05
 3.40437e+17	4.30e-04	6.01e-01	3.99e-01	3.11e-07	0.00e+00	0.00e+00	0.00e+00	0.00e+00	0.00e+00	2.95e-04	9.32e-05	4.13e-05
 3.41572e+17	4.72e-04	6.33e-01	3.66e-01	2.62e-07	0.00e+00	0.00e+00	0.00e+00	0.00e+00	0.00e+00	3.24e-04	1.02e-04	4.54e-05
 3.42556e+17	5.14e-04	6.66e-01	3.34e-01	2.18e-07	0.00e+00	0.00e+00	0.00e+00	0.00e+00	0.00e+00	3.53e-04	1.11e-04	4.94e-05
 3.43413e+17	5.57e-04	6.97e-01	3.02e-01	1.79e-07	0.00e+00	0.00e+00	0.00e+00	0.00e+00	0.00e+00	3.82e-04	1.21e-04	5.35e-05
 3.44167e+17	5.99e-04	7.28e-01	2.71e-01	1.46e-07	0.00e+00	0.00e+00	0.00e+00	0.00e+00	0.00e+00	4.11e-04	1.30e-04	5.76e-05
 3.44833e+17	6.39e-04	7.58e-01	2.41e-01	0.00e+00	0.00e+00	0.00e+00	0.00e+00	0.00e+00	0.00e+00	4.38e-04	1.38e-04	6.14e-05
 3.45412e+17	6.78e-04	7.87e-01	2.12e-01	0.00e+00	0.00e+00	0.00e+00	0.00e+00	0.00e+00	0.00e+00	4.65e-04	1.47e-04	6.52e-05
 3.45913e+17	7.16e-04	8.14e-01	1.85e-01	0.00e+00	0.00e+00	0.00e+00	0.00e+00	0.00e+00	0.00e+00	4.91e-04	1.55e-04	6.89e-05
 3.46350e+17	7.51e-04	8.39e-01	1.60e-01	0.00e+00	0.00e+00	0.00e+00	0.00e+00	0.00e+00	0.00e+00	5.15e-04	1.63e-04	7.23e-05
 3.46735e+17	7.84e-04	8.62e-01	1.37e-01	0.00e+00	0.00e+00	0.00e+00	0.00e+00	0.00e+00	0.00e+00	5.38e-04	1.70e-04	7.55e-05
 3.47076e+17	8.15e-04	8.83e-01	1.16e-01	0.00e+00	0.00e+00	0.00e+00	0.00e+00	0.00e+00	0.00e+00	5.59e-04	1.76e-04	7.85e-05
 3.47379e+17	8.42e-04	9.02e-01	9.68e-02	0.00e+00	0.00e+00	0.00e+00	0.00e+00	0.00e+00	0.00e+00	5.78e-04	1.82e-04	8.11e-05
 3.47647e+17	8.68e-04	9.19e-01	7.99e-02	0.00e+00	0.00e+00	0.00e+00	0.00e+00	0.00e+00	0.00e+00	5.95e-04	1.88e-04	8.35e-05
 3.47884e+17	8.90e-04	9.34e-01	6.53e-02	0.00e+00	0.00e+00	0.00e+00	0.00e+00	0.00e+00	0.00e+00	6.10e-04	1.93e-04	8.57e-05
 3.48096e+17	9.09e-04	9.46e-01	5.28e-02	0.00e+00	0.00e+00	0.00e+00	0.00e+00	0.00e+00	0.00e+00	6.24e-04	1.97e-04	8.75e-05
 3.48288e+17	9.26e-04	9.57e-01	4.22e-02	0.00e+00	0.00e+00	0.00e+00	0.00e+00	0.00e+00	0.00e+00	6.35e-04	2.00e-04	8.92e-05
 3.48464e+17	9.39e-04	9.66e-01	3.32e-02	0.00e+00	0.00e+00	0.00e+00	0.00e+00	0.00e+00	0.00e+00	6.44e-04	2.03e-04	9.05e-05
 3.48627e+17	9.51e-04	9.73e-01	2.58e-02	0.00e+00	0.00e+00	0.00e+00	0.00e+00	0.00e+00	0.00e+00	6.52e-04	2.06e-04	9.17e-05
 3.48780e+17	9.62e-04	9.79e-01	1.97e-02	0.00e+00	0.00e+00	0.00e+00	0.00e+00	0.00e+00	0.00e+00	6.60e-04	2.08e-04	9.27e-05
 3.48923e+17	9.70e-04	9.84e-01	1.48e-02	0.00e+00	0.00e+00	0.00e+00	0.00e+00	0.00e+00	0.00e+00	6.66e-04	2.10e-04	9.36e-05
 3.49061e+17	9.77e-04	9.88e-01	1.10e-02	0.00e+00	0.00e+00	0.00e+00	0.00e+00	0.00e+00	0.00e+00	6.70e-04	2.11e-04	9.43e-05
 3.49218e+17	9.84e-04	9.91e-01	7.53e-03	0.00e+00	0.00e+00	0.00e+00	0.00e+00	0.00e+00	0.00e+00	6.75e-04	2.13e-04	9.50e-05
 3.49389e+17	9.90e-04	9.94e-01	4.87e-03	0.00e+00	0.00e+00	0.00e+00	0.00e+00	0.00e+00	0.00e+00	6.79e-04	2.14e-04	9.56e-05
 3.49551e+17	9.94e-04	9.96e-01	3.16e-03	0.00e+00	0.00e+00	0.00e+00	0.00e+00	0.00e+00	0.00e+00	6.81e-04	2.15e-04	9.61e-05
 3.49733e+17	9.99e-04	9.97e-01	1.92e-03	0.00e+00	0.00e+00	0.00e+00	0.00e+00	0.00e+00	0.00e+00	6.85e-04	2.16e-04	9.66e-05
 3.49969e+17	1.01e-03	9.98e-01	1.01e-03	0.00e+00	0.00e+00	0.00e+00	0.00e+00	0.00e+00	0.00e+00	6.90e-04	2.18e-04	9.75e-05
 3.50276e+17	1.02e-03	9.99e-01	4.45e-04	0.00e+00	0.00e+00	0.00e+00	0.00e+00	0.00e+00	0.00e+00	6.98e-04	2.20e-04	9.86e-05
 3.50675e+17	1.03e-03	9.99e-01	1.61e-04	0.00e+00	0.00e+00	0.00e+00	0.00e+00	0.00e+00	0.00e+00	7.09e-04	2.24e-04	1.00e-04
 3.51194e+17	1.06e-03	9.99e-01	4.63e-05	0.00e+00	0.00e+00	0.00e+00	0.00e+00	0.00e+00	0.00e+00	7.25e-04	2.29e-04	1.02e-04
 3.51868e+17	1.09e-03	9.99e-01	1.02e-05	0.00e+00	0.00e+00	0.00e+00	0.00e+00	0.00e+00	0.00e+00	7.48e-04	2.36e-04	1.06e-04
 3.52745e+17	1.13e-03	9.99e-01	1.64e-06	0.00e+00	0.00e+00	0.00e+00	0.00e+00	0.00e+00	0.00e+00	7.78e-04	2.45e-04	1.10e-04
 3.53885e+17	1.20e-03	9.99e-01	1.83e-07	0.00e+00	0.00e+00	0.00e+00	0.00e+00	0.00e+00	0.00e+00	8.21e-04	2.59e-04	1.16e-04
 3.55367e+17	1.29e-03	9.99e-01	1.74e-08	0.00e+00	0.00e+00	0.00e+00	0.00e+00	0.00e+00	0.00e+00	8.82e-04	2.78e-04	1.25e-04
 3.57293e+17	1.42e-03	9.99e-01	5.23e-09	0.00e+00	0.00e+00	0.00e+00	0.00e+00	0.00e+00	0.00e+00	9.74e-04	3.07e-04	1.38e-04
 3.59798e+17	1.63e-03	9.98e-01	3.86e-09	0.00e+00	0.00e+00	0.00e+00	0.00e+00	0.00e+00	0.00e+00	1.12e-03	3.53e-04	1.59e-04
 3.63053e+17	2.01e-03	9.98e-01	2.73e-09	0.00e+00	0.00e+00	0.00e+00	0.00e+00	0.00e+00	0.00e+00	1.38e-03	4.33e-04	1.95e-04
 3.66511e+17	2.61e-03	9.97e-01	1.74e-09	0.00e+00	0.00e+00	0.00e+00	0.00e+00	0.00e+00	0.00e+00	1.79e-03	5.62e-04	2.54e-04
 3.69209e+17	3.37e-03	9.97e-01	1.09e-09	0.00e+00	0.00e+00	0.00e+00	0.00e+00	0.00e+00	0.00e+00	2.31e-03	7.26e-04	3.28e-04
 3.71027e+17	4.16e-03	9.96e-01	7.22e-10	0.00e+00	0.00e+00	0.00e+00	0.00e+00	0.00e+00	0.00e+00	2.86e-03	8.96e-04	4.06e-04
 3.72392e+17	5.00e-03	9.95e-01	4.96e-10	0.00e+00	0.00e+00	0.00e+00	0.00e+00	0.00e+00	0.00e+00	3.43e-03	1.08e-03	4.88e-04
 3.73646e+17	6.05e-03	9.94e-01	3.28e-10	0.00e+00	0.00e+00	0.00e+00	0.00e+00	0.00e+00	0.00e+00	4.15e-03	1.30e-03	5.91e-04
 3.74867e+17	7.51e-03	9.92e-01	2.02e-10	0.00e+00	0.00e+00	0.00e+00	0.00e+00	0.00e+00	0.00e+00	5.15e-03	1.61e-03	7.34e-04
 3.75956e+17	9.44e-03	9.91e-01	1.19e-10	0.00e+00	0.00e+00	0.00e+00	0.00e+00	0.00e+00	0.00e+00	6.48e-03	2.03e-03	9.25e-04
 3.76833e+17	1.18e-02	9.88e-01	6.97e-11	0.00e+00	0.00e+00	0.00e+00	0.00e+00	0.00e+00	0.00e+00	8.10e-03	2.53e-03	1.16e-03
 3.77525e+17	1.45e-02	9.85e-01	4.19e-11	0.00e+00	0.00e+00	0.00e+00	0.00e+00	0.00e+00	0.00e+00	9.96e-03	3.11e-03	1.42e-03
 3.78101e+17	1.78e-02	9.82e-01	2.56e-11	0.00e+00	0.00e+00	0.00e+00	0.00e+00	0.00e+00	0.00e+00	1.22e-02	3.80e-03	1.74e-03
 3.78608e+17	2.18e-02	9.78e-01	1.56e-11	0.00e+00	0.00e+00	0.00e+00	0.00e+00	0.00e+00	0.00e+00	1.50e-02	4.67e-03	2.15e-03
 3.79055e+17	2.71e-02	9.73e-01	9.74e-12	0.00e+00	0.00e+00	0.00e+00	0.00e+00	0.00e+00	0.00e+00	1.86e-02	5.78e-03	2.67e-03
 3.79435e+17	3.37e-02	9.66e-01	6.48e-12	0.00e+00	0.00e+00	0.00e+00	0.00e+00	0.00e+00	0.00e+00	2.31e-02	7.17e-03	3.32e-03
 3.79751e+17	4.17e-02	9.58e-01	4.72e-12	0.00e+00	0.00e+00	0.00e+00	0.00e+00	0.00e+00	0.00e+00	2.87e-02	8.86e-03	4.11e-03
 3.80014e+17	5.13e-02	9.49e-01	3.74e-12	0.00e+00	0.00e+00	0.00e+00	0.00e+00	0.00e+00	0.00e+00	3.54e-02	1.09e-02	5.07e-03
 3.80237e+17	6.32e-02	9.37e-01	3.18e-12	0.00e+00	0.00e+00	0.00e+00	0.00e+00	0.00e+00	0.00e+00	4.36e-02	1.34e-02	6.24e-03
 3.80429e+17	7.80e-02	9.22e-01	2.83e-12	0.00e+00	0.00e+00	0.00e+00	0.00e+00	0.00e+00	0.00e+00	5.38e-02	1.64e-02	7.70e-03
 3.80576e+17	9.38e-02	9.06e-01	2.63e-12	0.00e+00	0.00e+00	0.00e+00	0.00e+00	0.00e+00	0.00e+00	6.48e-02	1.97e-02	9.25e-03
 3.80675e+17	1.08e-01	8.92e-01	2.51e-12	0.00e+00	0.00e+00	0.00e+00	0.00e+00	0.00e+00	0.00e+00	7.48e-02	2.26e-02	1.07e-02
 3.80758e+17	1.23e-01	8.77e-01	2.42e-12	0.00e+00	0.00e+00	0.00e+00	0.00e+00	0.00e+00	0.00e+00	8.53e-02	2.56e-02	1.21e-02
 3.80852e+17	1.45e-01	8.55e-01	2.33e-12	0.00e+00	0.00e+00	0.00e+00	0.00e+00	0.00e+00	0.00e+00	1.01e-01	2.99e-02	1.43e-02
 3.80950e+17	1.74e-01	8.26e-01	2.25e-12	0.00e+00	0.00e+00	0.00e+00	0.00e+00	0.00e+00	0.00e+00	1.21e-01	3.56e-02	1.71e-02
 3.81027e+17	2.04e-01	7.96e-01	2.20e-12	0.00e+00	0.00e+00	0.00e+00	0.00e+00	0.00e+00	0.00e+00	1.43e-01	4.15e-02	2.01e-02
 3.81086e+17	2.34e-01	7.66e-01	2.16e-12	0.00e+00	0.00e+00	0.00e+00	0.00e+00	0.00e+00	0.00e+00	1.64e-01	4.70e-02	2.29e-02
 3.81140e+17	2.66e-01	7.34e-01	2.13e-12	0.00e+00	0.00e+00	0.00e+00	0.00e+00	0.00e+00	0.00e+00	1.87e-01	5.30e-02	2.60e-02
 3.81195e+17	3.07e-01	6.93e-01	2.11e-12	0.00e+00	0.00e+00	0.00e+00	0.00e+00	0.00e+00	0.00e+00	2.17e-01	6.01e-02	2.98e-02
 3.81247e+17	3.51e-01	6.49e-01	2.08e-12	0.00e+00	0.00e+00	0.00e+00	0.00e+00	0.00e+00	0.00e+00	2.50e-01	6.76e-02	3.39e-02
 3.81286e+17	3.90e-01	6.10e-01	2.07e-12	0.00e+00	0.00e+00	0.00e+00	0.00e+00	0.00e+00	0.00e+00	2.78e-01	7.38e-02	3.74e-02
 3.81314e+17	4.20e-01	5.80e-01	2.05e-12	0.00e+00	0.00e+00	0.00e+00	0.00e+00	0.00e+00	0.00e+00	3.01e-01	7.83e-02	4.01e-02
 3.81336e+17	4.45e-01	5.55e-01	2.03e-12	0.00e+00	0.00e+00	0.00e+00	0.00e+00	0.00e+00	0.00e+00	3.21e-01	8.21e-02	4.23e-02
 3.81357e+17	4.71e-01	5.29e-01	2.02e-12	0.00e+00	0.00e+00	0.00e+00	0.00e+00	0.00e+00	0.00e+00	3.40e-01	8.57e-02	4.45e-02
 3.81377e+17	4.96e-01	5.04e-01	2.00e-12	0.00e+00	0.00e+00	0.00e+00	0.00e+00	0.00e+00	0.00e+00	3.60e-01	8.90e-02	4.67e-02
 3.81396e+17	5.20e-01	4.80e-01	1.98e-12	0.00e+00	0.00e+00	0.00e+00	0.00e+00	0.00e+00	0.00e+00	3.80e-01	9.20e-02	4.86e-02
 3.81412e+17	5.42e-01	4.58e-01	1.96e-12	0.00e+00	0.00e+00	0.00e+00	0.00e+00	0.00e+00	0.00e+00	3.97e-01	9.45e-02	5.04e-02
 3.81427e+17	5.63e-01	4.37e-01	1.94e-12	0.00e+00	0.00e+00	0.00e+00	0.00e+00	0.00e+00	0.00e+00	4.14e-01	9.67e-02	5.20e-02
 3.81442e+17	5.83e-01	4.17e-01	1.92e-12	0.00e+00	0.00e+00	0.00e+00	0.00e+00	0.00e+00	0.00e+00	4.30e-01	9.86e-02	5.34e-02
 3.81453e+17	5.98e-01	4.02e-01	1.90e-12	0.00e+00	0.00e+00	0.00e+00	0.00e+00	0.00e+00	0.00e+00	4.43e-01	1.00e-01	5.45e-02
 3.81462e+17	6.09e-01	3.91e-01	1.89e-12	0.00e+00	0.00e+00	0.00e+00	0.00e+00	0.00e+00	0.00e+00	4.53e-01	1.01e-01	5.53e-02
 3.81469e+17	6.20e-01	3.80e-01	1.87e-12	0.00e+00	0.00e+00	0.00e+00	0.00e+00	0.00e+00	0.00e+00	4.62e-01	1.02e-01	5.61e-02
 3.81478e+17	6.32e-01	3.68e-01	1.85e-12	0.00e+00	0.00e+00	0.00e+00	0.00e+00	0.00e+00	0.00e+00	4.72e-01	1.03e-01	5.69e-02
 3.81487e+17	6.45e-01	3.55e-01	1.83e-12	0.00e+00	0.00e+00	0.00e+00	0.00e+00	0.00e+00	0.00e+00	4.83e-01	1.04e-01	5.77e-02
 3.81496e+17	6.57e-01	3.43e-01	1.81e-12	0.00e+00	0.00e+00	0.00e+00	0.00e+00	0.00e+00	0.00e+00	4.93e-01	1.05e-01	5.85e-02
 3.81504e+17	6.68e-01	3.32e-01	1.79e-12	0.00e+00	0.00e+00	0.00e+00	0.00e+00	0.00e+00	0.00e+00	5.03e-01	1.05e-01	5.92e-02
 3.81513e+17	6.80e-01	3.20e-01	1.77e-12	0.00e+00	0.00e+00	0.00e+00	0.00e+00	0.00e+00	0.00e+00	5.14e-01	1.06e-01	5.99e-02
 3.81521e+17	6.91e-01	3.09e-01	1.75e-12	0.00e+00	0.00e+00	0.00e+00	0.00e+00	0.00e+00	0.00e+00	5.24e-01	1.06e-01	6.05e-02
 3.81530e+17	7.02e-01	2.98e-01	1.72e-12	0.00e+00	0.00e+00	0.00e+00	0.00e+00	0.00e+00	0.00e+00	5.34e-01	1.07e-01	6.11e-02
 3.81538e+17	7.12e-01	2.88e-01	1.70e-12	0.00e+00	0.00e+00	0.00e+00	0.00e+00	0.00e+00	0.00e+00	5.43e-01	1.07e-01	6.17e-02
 3.81546e+17	7.23e-01	2.77e-01	1.68e-12	0.00e+00	0.00e+00	0.00e+00	0.00e+00	0.00e+00	0.00e+00	5.53e-01	1.08e-01	6.22e-02
 3.81554e+17	7.33e-01	2.67e-01	1.65e-12	0.00e+00	0.00e+00	0.00e+00	0.00e+00	0.00e+00	0.00e+00	5.63e-01	1.08e-01	6.27e-02
 3.81562e+17	7.43e-01	2.57e-01	1.62e-12	0.00e+00	0.00e+00	0.00e+00	0.00e+00	0.00e+00	0.00e+00	5.72e-01	1.08e-01	6.31e-02
 3.81570e+17	7.53e-01	2.47e-01	1.60e-12	0.00e+00	0.00e+00	0.00e+00	0.00e+00	0.00e+00	0.00e+00	5.81e-01	1.08e-01	6.35e-02
 3.81578e+17	7.62e-01	2.38e-01	1.57e-12	0.00e+00	0.00e+00	0.00e+00	0.00e+00	0.00e+00	0.00e+00	5.90e-01	1.08e-01	6.39e-02
 3.81586e+17	7.72e-01	2.28e-01	1.54e-12	0.00e+00	0.00e+00	0.00e+00	0.00e+00	0.00e+00	0.00e+00	5.99e-01	1.08e-01	6.42e-02
 3.81594e+17	7.81e-01	2.19e-01	1.51e-12	0.00e+00	0.00e+00	0.00e+00	0.00e+00	0.00e+00	0.00e+00	6.08e-01	1.08e-01	6.45e-02
 3.81602e+17	7.89e-01	2.11e-01	1.49e-12	0.00e+00	0.00e+00	0.00e+00	0.00e+00	0.00e+00	0.00e+00	6.16e-01	1.08e-01	6.47e-02
 3.81610e+17	7.98e-01	2.02e-01	1.46e-12	0.00e+00	0.00e+00	0.00e+00	0.00e+00	0.00e+00	0.00e+00	6.25e-01	1.08e-01	6.50e-02
 3.81617e+17	8.06e-01	1.94e-01	1.43e-12	0.00e+00	0.00e+00	0.00e+00	0.00e+00	0.00e+00	0.00e+00	6.33e-01	1.08e-01	6.52e-02
 3.81625e+17	8.14e-01	1.86e-01	1.40e-12	0.00e+00	0.00e+00	0.00e+00	0.00e+00	0.00e+00	0.00e+00	6.41e-01	1.07e-01	6.53e-02
 3.81633e+17	8.21e-01	1.79e-01	1.37e-12	0.00e+00	0.00e+00	0.00e+00	0.00e+00	0.00e+00	0.00e+00	6.49e-01	1.07e-01	6.54e-02
 3.81640e+17	8.29e-01	1.71e-01	1.34e-12	0.00e+00	0.00e+00	0.00e+00	0.00e+00	0.00e+00	0.00e+00	6.56e-01	1.07e-01	6.55e-02
 3.81648e+17	8.36e-01	1.64e-01	1.31e-12	0.00e+00	0.00e+00	0.00e+00	0.00e+00	0.00e+00	0.00e+00	6.64e-01	1.06e-01	6.56e-02
 3.81655e+17	8.42e-01	1.58e-01	1.28e-12	0.00e+00	0.00e+00	0.00e+00	0.00e+00	0.00e+00	0.00e+00	6.71e-01	1.06e-01	6.56e-02
 3.81662e+17	8.49e-01	1.51e-01	1.25e-12	0.00e+00	0.00e+00	0.00e+00	0.00e+00	0.00e+00	0.00e+00	6.78e-01	1.05e-01	6.56e-02
 3.81669e+17	8.55e-01	1.45e-01	1.23e-12	0.00e+00	0.00e+00	0.00e+00	0.00e+00	0.00e+00	0.00e+00	6.84e-01	1.05e-01	6.56e-02
 3.81676e+17	8.61e-01	1.39e-01	1.20e-12	0.00e+00	0.00e+00	0.00e+00	0.00e+00	0.00e+00	0.00e+00	6.90e-01	1.05e-01	6.56e-02
 3.81683e+17	8.66e-01	1.34e-01	1.17e-12	0.00e+00	0.00e+00	0.00e+00	0.00e+00	0.00e+00	0.00e+00	6.97e-01	1.04e-01	6.56e-02
 3.81690e+17	8.72e-01	1.28e-01	1.14e-12	0.00e+00	0.00e+00	0.00e+00	0.00e+00	0.00e+00	0.00e+00	7.02e-01	1.04e-01	6.55e-02
 3.81697e+17	8.77e-01	1.23e-01	1.12e-12	0.00e+00	0.00e+00	0.00e+00	0.00e+00	0.00e+00	0.00e+00	7.08e-01	1.03e-01	6.54e-02
 3.81704e+17	8.82e-01	1.18e-01	1.09e-12	0.00e+00	0.00e+00	0.00e+00	0.00e+00	0.00e+00	0.00e+00	7.14e-01	1.03e-01	6.54e-02
 3.81710e+17	8.86e-01	1.14e-01	1.06e-12	0.00e+00	0.00e+00	0.00e+00	0.00e+00	0.00e+00	0.00e+00	7.19e-01	1.02e-01	6.53e-02
 3.81717e+17	8.91e-01	1.09e-01	1.04e-12	0.00e+00	0.00e+00	0.00e+00	0.00e+00	0.00e+00	0.00e+00	7.24e-01	1.02e-01	6.51e-02
 3.81724e+17	8.95e-01	1.05e-01	1.01e-12	0.00e+00	0.00e+00	0.00e+00	0.00e+00	0.00e+00	0.00e+00	7.29e-01	1.01e-01	6.50e-02
 3.81730e+17	8.99e-01	1.01e-01	9.88e-13	0.00e+00	0.00e+00	0.00e+00	0.00e+00	0.00e+00	0.00e+00	7.34e-01	1.01e-01	6.49e-02
 3.81737e+17	9.03e-01	9.66e-02	9.63e-13	0.00e+00	0.00e+00	0.00e+00	0.00e+00	0.00e+00	0.00e+00	7.39e-01	1.00e-01	6.48e-02
 3.81743e+17	9.07e-01	9.28e-02	9.39e-13	0.00e+00	0.00e+00	0.00e+00	0.00e+00	0.00e+00	0.00e+00	7.43e-01	9.96e-02	6.46e-02
 3.81750e+17	9.11e-01	8.91e-02	9.15e-13	0.00e+00	0.00e+00	0.00e+00	0.00e+00	0.00e+00	0.00e+00	7.47e-01	9.91e-02	6.45e-02
 3.81756e+17	9.14e-01	8.56e-02	8.92e-13	0.00e+00	0.00e+00	0.00e+00	0.00e+00	0.00e+00	0.00e+00	7.51e-01	9.86e-02	6.43e-02
 3.81763e+17	9.18e-01	8.22e-02	8.69e-13	0.00e+00	0.00e+00	0.00e+00	0.00e+00	0.00e+00	0.00e+00	7.56e-01	9.81e-02	6.42e-02
 3.81769e+17	9.21e-01	7.90e-02	8.47e-13	0.00e+00	0.00e+00	0.00e+00	0.00e+00	0.00e+00	0.00e+00	7.59e-01	9.76e-02	6.40e-02
 3.81775e+17	9.24e-01	7.58e-02	8.25e-13	0.00e+00	0.00e+00	0.00e+00	0.00e+00	0.00e+00	0.00e+00	7.63e-01	9.71e-02	6.39e-02
 3.81782e+17	9.27e-01	7.29e-02	8.04e-13	0.00e+00	0.00e+00	0.00e+00	0.00e+00	0.00e+00	0.00e+00	7.67e-01	9.67e-02	6.37e-02
 3.81788e+17	9.30e-01	7.00e-02	7.82e-13	0.00e+00	0.00e+00	0.00e+00	0.00e+00	0.00e+00	0.00e+00	7.70e-01	9.62e-02	6.35e-02
 3.81794e+17	9.33e-01	6.73e-02	7.62e-13	0.00e+00	0.00e+00	0.00e+00	0.00e+00	0.00e+00	0.00e+00	7.74e-01	9.57e-02	6.34e-02
 3.81801e+17	9.35e-01	6.46e-02	7.41e-13	0.00e+00	0.00e+00	0.00e+00	0.00e+00	0.00e+00	0.00e+00	7.77e-01	9.53e-02	6.32e-02
 3.81807e+17	9.38e-01	6.21e-02	7.22e-13	0.00e+00	0.00e+00	0.00e+00	0.00e+00	0.00e+00	0.00e+00	7.80e-01	9.48e-02	6.30e-02
 3.81813e+17	9.40e-01	5.96e-02	7.03e-13	0.00e+00	0.00e+00	0.00e+00	0.00e+00	0.00e+00	0.00e+00	7.83e-01	9.44e-02	6.29e-02
 3.81819e+17	9.43e-01	5.73e-02	6.84e-13	0.00e+00	0.00e+00	0.00e+00	0.00e+00	0.00e+00	0.00e+00	7.86e-01	9.40e-02	6.27e-02
 3.81826e+17	9.45e-01	5.51e-02	6.65e-13	0.00e+00	0.00e+00	0.00e+00	0.00e+00	0.00e+00	0.00e+00	7.89e-01	9.36e-02	6.25e-02
 3.81832e+17	9.47e-01	5.29e-02	6.47e-13	0.00e+00	0.00e+00	0.00e+00	0.00e+00	0.00e+00	0.00e+00	7.92e-01	9.32e-02	6.24e-02
 3.81838e+17	9.49e-01	5.08e-02	6.30e-13	0.00e+00	0.00e+00	0.00e+00	0.00e+00	0.00e+00	0.00e+00	7.94e-01	9.28e-02	6.22e-02
 3.81844e+17	9.51e-01	4.89e-02	6.12e-13	0.00e+00	0.00e+00	0.00e+00	0.00e+00	0.00e+00	0.00e+00	7.97e-01	9.24e-02	6.21e-02
 3.81851e+17	9.53e-01	4.70e-02	5.95e-13	0.00e+00	0.00e+00	0.00e+00	0.00e+00	0.00e+00	0.00e+00	7.99e-01	9.20e-02	6.19e-02
 3.81857e+17	9.55e-01	4.51e-02	5.79e-13	0.00e+00	0.00e+00	0.00e+00	0.00e+00	0.00e+00	0.00e+00	8.01e-01	9.17e-02	6.18e-02
 3.81863e+17	9.57e-01	4.34e-02	5.63e-13	0.00e+00	0.00e+00	0.00e+00	0.00e+00	0.00e+00	0.00e+00	8.04e-01	9.13e-02	6.16e-02
 3.81869e+17	9.58e-01	4.17e-02	5.48e-13	0.00e+00	0.00e+00	0.00e+00	0.00e+00	0.00e+00	0.00e+00	8.06e-01	9.10e-02	6.15e-02
 3.81876e+17	9.60e-01	4.01e-02	5.32e-13	0.00e+00	0.00e+00	0.00e+00	0.00e+00	0.00e+00	0.00e+00	8.08e-01	9.06e-02	6.13e-02
 3.81882e+17	9.61e-01	3.85e-02	5.18e-13	0.00e+00	0.00e+00	0.00e+00	0.00e+00	0.00e+00	0.00e+00	8.10e-01	9.03e-02	6.12e-02
 3.81888e+17	9.63e-01	3.70e-02	5.03e-13	0.00e+00	0.00e+00	0.00e+00	0.00e+00	0.00e+00	0.00e+00	8.12e-01	9.00e-02	6.10e-02
 3.81894e+17	9.64e-01	3.56e-02	4.89e-13	0.00e+00	0.00e+00	0.00e+00	0.00e+00	0.00e+00	0.00e+00	8.14e-01	8.97e-02	6.09e-02
 3.81901e+17	9.66e-01	3.42e-02	4.75e-13	0.00e+00	0.00e+00	0.00e+00	0.00e+00	0.00e+00	0.00e+00	8.16e-01	8.94e-02	6.08e-02
 3.81907e+17	9.67e-01	3.29e-02	4.62e-13	0.00e+00	0.00e+00	0.00e+00	0.00e+00	0.00e+00	0.00e+00	8.17e-01	8.91e-02	6.06e-02
 3.81914e+17	9.68e-01	3.16e-02	4.49e-13	0.00e+00	0.00e+00	0.00e+00	0.00e+00	0.00e+00	0.00e+00	8.19e-01	8.88e-02	6.05e-02
 3.81920e+17	9.70e-01	3.04e-02	4.36e-13	0.00e+00	0.00e+00	0.00e+00	0.00e+00	0.00e+00	0.00e+00	8.21e-01	8.85e-02	6.04e-02
 3.81927e+17	9.71e-01	2.92e-02	4.24e-13	0.00e+00	0.00e+00	0.00e+00	0.00e+00	0.00e+00	0.00e+00	8.22e-01	8.83e-02	6.02e-02
 3.81933e+17	9.72e-01	2.81e-02	4.12e-13	0.00e+00	0.00e+00	0.00e+00	0.00e+00	0.00e+00	0.00e+00	8.24e-01	8.80e-02	6.01e-02
 3.81940e+17	9.73e-01	2.70e-02	4.00e-13	0.00e+00	0.00e+00	0.00e+00	0.00e+00	0.00e+00	0.00e+00	8.25e-01	8.78e-02	6.00e-02
 3.81947e+17	9.74e-01	2.60e-02	3.89e-13	0.00e+00	0.00e+00	0.00e+00	0.00e+00	0.00e+00	0.00e+00	8.27e-01	8.75e-02	5.99e-02
 3.81953e+17	9.75e-01	2.50e-02	3.78e-13	0.00e+00	0.00e+00	0.00e+00	0.00e+00	0.00e+00	0.00e+00	8.28e-01	8.73e-02	5.98e-02
 3.81960e+17	9.76e-01	2.40e-02	3.67e-13	0.00e+00	0.00e+00	0.00e+00	0.00e+00	0.00e+00	0.00e+00	8.29e-01	8.71e-02	5.97e-02
 3.81967e+17	9.77e-01	2.31e-02	3.57e-13	0.00e+00	0.00e+00	0.00e+00	0.00e+00	0.00e+00	0.00e+00	8.30e-01	8.69e-02	5.96e-02
 3.81974e+17	9.78e-01	2.22e-02	3.47e-13	0.00e+00	0.00e+00	0.00e+00	0.00e+00	0.00e+00	0.00e+00	8.32e-01	8.67e-02	5.95e-02
 3.81981e+17	9.79e-01	2.14e-02	3.37e-13	0.00e+00	0.00e+00	0.00e+00	0.00e+00	0.00e+00	0.00e+00	8.33e-01	8.64e-02	5.94e-02
 3.81989e+17	9.79e-01	2.06e-02	3.28e-13	0.00e+00	0.00e+00	0.00e+00	0.00e+00	0.00e+00	0.00e+00	8.34e-01	8.63e-02	5.93e-02
 3.81996e+17	9.80e-01	1.98e-02	3.18e-13	0.00e+00	0.00e+00	0.00e+00	0.00e+00	0.00e+00	0.00e+00	8.35e-01	8.61e-02	5.92e-02
 3.82004e+17	9.81e-01	1.90e-02	3.09e-13	0.00e+00	0.00e+00	0.00e+00	0.00e+00	0.00e+00	0.00e+00	8.36e-01	8.59e-02	5.91e-02
 3.82011e+17	9.82e-01	1.83e-02	3.01e-13	0.00e+00	0.00e+00	0.00e+00	0.00e+00	0.00e+00	0.00e+00	8.37e-01	8.57e-02	5.90e-02
 3.82019e+17	9.82e-01	1.76e-02	2.92e-13	0.00e+00	0.00e+00	0.00e+00	0.00e+00	0.00e+00	0.00e+00	8.38e-01	8.55e-02	5.89e-02
 3.82028e+17	9.83e-01	1.70e-02	2.84e-13	0.00e+00	0.00e+00	0.00e+00	0.00e+00	0.00e+00	0.00e+00	8.39e-01	8.54e-02	5.88e-02
 3.82036e+17	9.84e-01	1.63e-02	2.76e-13	0.00e+00	0.00e+00	0.00e+00	0.00e+00	0.00e+00	0.00e+00	8.40e-01	8.52e-02	5.87e-02
 3.82045e+17	9.84e-01	1.57e-02	2.69e-13	0.00e+00	0.00e+00	0.00e+00	0.00e+00	0.00e+00	0.00e+00	8.41e-01	8.50e-02	5.87e-02
 3.82054e+17	9.85e-01	1.51e-02	2.61e-13	0.00e+00	0.00e+00	0.00e+00	0.00e+00	0.00e+00	0.00e+00	8.41e-01	8.49e-02	5.86e-02
 3.82063e+17	9.85e-01	1.46e-02	2.54e-13	0.00e+00	0.00e+00	0.00e+00	0.00e+00	0.00e+00	0.00e+00	8.42e-01	8.47e-02	5.85e-02
 3.82073e+17	9.86e-01	1.40e-02	2.47e-13	0.00e+00	0.00e+00	0.00e+00	0.00e+00	0.00e+00	0.00e+00	8.43e-01	8.46e-02	5.84e-02
 3.82084e+17	9.86e-01	1.35e-02	2.41e-13	0.00e+00	0.00e+00	0.00e+00	0.00e+00	0.00e+00	0.00e+00	8.44e-01	8.45e-02	5.83e-02
 3.82095e+17	9.87e-01	1.30e-02	2.34e-13	0.00e+00	0.00e+00	0.00e+00	0.00e+00	0.00e+00	0.00e+00	8.44e-01	8.43e-02	5.83e-02
 3.82107e+17	9.87e-01	1.26e-02	2.28e-13	0.00e+00	0.00e+00	0.00e+00	0.00e+00	0.00e+00	0.00e+00	8.45e-01	8.42e-02	5.82e-02
 3.82119e+17	9.88e-01	1.21e-02	2.22e-13	0.00e+00	0.00e+00	0.00e+00	0.00e+00	0.00e+00	0.00e+00	8.46e-01	8.41e-02	5.81e-02
 3.82133e+17	9.88e-01	1.17e-02	2.16e-13	0.00e+00	0.00e+00	0.00e+00	0.00e+00	0.00e+00	0.00e+00	8.46e-01	8.40e-02	5.81e-02
 3.82148e+17	9.89e-01	1.13e-02	2.11e-13	0.00e+00	0.00e+00	0.00e+00	0.00e+00	0.00e+00	0.00e+00	8.47e-01	8.38e-02	5.80e-02
 3.82165e+17	9.89e-01	1.09e-02	2.06e-13	0.00e+00	0.00e+00	0.00e+00	0.00e+00	0.00e+00	0.00e+00	8.47e-01	8.37e-02	5.79e-02
 3.82185e+17	9.89e-01	1.05e-02	2.01e-13	0.00e+00	0.00e+00	0.00e+00	0.00e+00	0.00e+00	0.00e+00	8.48e-01	8.36e-02	5.79e-02
 3.82206e+17	9.90e-01	1.02e-02	1.97e-13	0.00e+00	0.00e+00	0.00e+00	0.00e+00	0.00e+00	0.00e+00	8.48e-01	8.35e-02	5.78e-02
 3.82229e+17	9.90e-01	9.94e-03	1.93e-13	0.00e+00	0.00e+00	0.00e+00	0.00e+00	0.00e+00	0.00e+00	8.49e-01	8.34e-02	5.78e-02
 3.82253e+17	9.90e-01	9.71e-03	1.90e-13	0.00e+00	0.00e+00	0.00e+00	0.00e+00	0.00e+00	0.00e+00	8.49e-01	8.34e-02	5.77e-02
 3.82278e+17	9.90e-01	9.53e-03	1.87e-13	0.00e+00	0.00e+00	0.00e+00	0.00e+00	0.00e+00	0.00e+00	8.49e-01	8.33e-02	5.77e-02
 3.82302e+17	9.91e-01	9.38e-03	1.85e-13	0.00e+00	0.00e+00	0.00e+00	0.00e+00	0.00e+00	0.00e+00	8.50e-01	8.33e-02	5.77e-02
 3.82327e+17	9.91e-01	9.24e-03	1.83e-13	0.00e+00	0.00e+00	0.00e+00	0.00e+00	0.00e+00	0.00e+00	8.50e-01	8.32e-02	5.77e-02
 3.82351e+17	9.91e-01	9.14e-03	1.82e-13	0.00e+00	0.00e+00	0.00e+00	0.00e+00	0.00e+00	0.00e+00	8.50e-01	8.32e-02	5.77e-02
 3.82375e+17	9.91e-01	9.05e-03	1.81e-13	0.00e+00	0.00e+00	0.00e+00	0.00e+00	0.00e+00	0.00e+00	8.50e-01	8.32e-02	5.77e-02
 3.82400e+17	9.91e-01	8.98e-03	1.80e-13	0.00e+00	0.00e+00	0.00e+00	0.00e+00	0.00e+00	0.00e+00	8.50e-01	8.32e-02	5.76e-02
 3.82424e+17	9.91e-01	8.91e-03	1.79e-13	0.00e+00	0.00e+00	0.00e+00	0.00e+00	0.00e+00	0.00e+00	8.50e-01	8.32e-02	5.76e-02
 3.82448e+17	9.91e-01	8.85e-03	1.78e-13	0.00e+00	0.00e+00	0.00e+00	0.00e+00	0.00e+00	0.00e+00	8.50e-01	8.31e-02	5.76e-02
 3.82473e+17	9.91e-01	8.79e-03	1.77e-13	0.00e+00	0.00e+00	0.00e+00	0.00e+00	0.00e+00	0.00e+00	8.50e-01	8.31e-02	5.76e-02
 3.82497e+17	9.91e-01	8.73e-03	1.76e-13	0.00e+00	0.00e+00	0.00e+00	0.00e+00	0.00e+00	0.00e+00	8.51e-01	8.31e-02	5.76e-02
 3.82522e+17	9.91e-01	8.69e-03	1.75e-13	0.00e+00	0.00e+00	0.00e+00	0.00e+00	0.00e+00	0.00e+00	8.51e-01	8.31e-02	5.76e-02
 3.82546e+17	9.91e-01	8.64e-03	1.75e-13	0.00e+00	0.00e+00	0.00e+00	0.00e+00	0.00e+00	0.00e+00	8.51e-01	8.31e-02	5.76e-02
 3.82570e+17	9.91e-01	8.60e-03	1.74e-13	0.00e+00	0.00e+00	0.00e+00	0.00e+00	0.00e+00	0.00e+00	8.51e-01	8.31e-02	5.76e-02
 3.82595e+17	9.91e-01	8.55e-03	1.73e-13	0.00e+00	0.00e+00	0.00e+00	0.00e+00	0.00e+00	0.00e+00	8.51e-01	8.31e-02	5.76e-02
 3.82619e+17	9.91e-01	8.51e-03	1.73e-13	0.00e+00	0.00e+00	0.00e+00	0.00e+00	0.00e+00	0.00e+00	8.51e-01	8.31e-02	5.76e-02
 3.82643e+17	9.92e-01	8.47e-03	1.72e-13	0.00e+00	0.00e+00	0.00e+00	0.00e+00	0.00e+00	0.00e+00	8.51e-01	8.30e-02	5.76e-02
 3.82668e+17	9.92e-01	8.43e-03	1.71e-13	0.00e+00	0.00e+00	0.00e+00	0.00e+00	0.00e+00	0.00e+00	8.51e-01	8.30e-02	5.76e-02
 3.82692e+17	9.92e-01	8.39e-03	1.71e-13	0.00e+00	0.00e+00	0.00e+00	0.00e+00	0.00e+00	0.00e+00	8.51e-01	8.30e-02	5.76e-02
 3.82716e+17	9.92e-01	8.35e-03	1.70e-13	0.00e+00	0.00e+00	0.00e+00	0.00e+00	0.00e+00	0.00e+00	8.51e-01	8.30e-02	5.76e-02
 3.82741e+17	9.92e-01	8.32e-03	1.70e-13	0.00e+00	0.00e+00	0.00e+00	0.00e+00	0.00e+00	0.00e+00	8.51e-01	8.30e-02	5.76e-02
 3.82765e+17	9.92e-01	8.29e-03	1.69e-13	0.00e+00	0.00e+00	0.00e+00	0.00e+00	0.00e+00	0.00e+00	8.51e-01	8.30e-02	5.76e-02
 3.82789e+17	9.92e-01	8.25e-03	1.68e-13	0.00e+00	0.00e+00	0.00e+00	0.00e+00	0.00e+00	0.00e+00	8.51e-01	8.30e-02	5.76e-02
 3.82814e+17	9.92e-01	8.22e-03	1.68e-13	0.00e+00	0.00e+00	0.00e+00	0.00e+00	0.00e+00	0.00e+00	8.51e-01	8.30e-02	5.76e-02
 3.82838e+17	9.92e-01	8.19e-03	1.67e-13	0.00e+00	0.00e+00	0.00e+00	0.00e+00	0.00e+00	0.00e+00	8.51e-01	8.30e-02	5.76e-02
 3.82862e+17	9.92e-01	8.15e-03	1.67e-13	0.00e+00	0.00e+00	0.00e+00	0.00e+00	0.00e+00	0.00e+00	8.51e-01	8.30e-02	5.76e-02
 3.82887e+17	9.92e-01	8.12e-03	1.66e-13	0.00e+00	0.00e+00	0.00e+00	0.00e+00	0.00e+00	0.00e+00	8.51e-01	8.29e-02	5.76e-02
 3.82911e+17	9.92e-01	8.09e-03	1.66e-13	0.00e+00	0.00e+00	0.00e+00	0.00e+00	0.00e+00	0.00e+00	8.51e-01	8.29e-02	5.76e-02
 3.82935e+17	9.92e-01	8.05e-03	1.65e-13	0.00e+00	0.00e+00	0.00e+00	0.00e+00	0.00e+00	0.00e+00	8.51e-01	8.29e-02	5.76e-02
 3.82960e+17	9.92e-01	8.03e-03	1.65e-13	0.00e+00	0.00e+00	0.00e+00	0.00e+00	0.00e+00	0.00e+00	8.51e-01	8.29e-02	5.76e-02
 3.82984e+17	9.92e-01	8.00e-03	1.64e-13	0.00e+00	0.00e+00	0.00e+00	0.00e+00	0.00e+00	0.00e+00	8.52e-01	8.29e-02	5.76e-02
 3.83008e+17	9.92e-01	7.97e-03	1.64e-13	0.00e+00	0.00e+00	0.00e+00	0.00e+00	0.00e+00	0.00e+00	8.52e-01	8.29e-02	5.76e-02
 3.83033e+17	9.92e-01	7.94e-03	1.63e-13	0.00e+00	0.00e+00	0.00e+00	0.00e+00	0.00e+00	0.00e+00	8.52e-01	8.29e-02	5.76e-02
 3.83057e+17	9.92e-01	7.92e-03	1.63e-13	0.00e+00	0.00e+00	0.00e+00	0.00e+00	0.00e+00	0.00e+00	8.52e-01	8.29e-02	5.76e-02
 3.83081e+17	9.92e-01	7.89e-03	1.63e-13	0.00e+00	0.00e+00	0.00e+00	0.00e+00	0.00e+00	0.00e+00	8.52e-01	8.29e-02	5.76e-02
 3.83106e+17	9.92e-01	7.87e-03	1.62e-13	0.00e+00	0.00e+00	0.00e+00	0.00e+00	0.00e+00	0.00e+00	8.52e-01	8.29e-02	5.76e-02
 3.83130e+17	9.92e-01	7.83e-03	1.62e-13	0.00e+00	0.00e+00	0.00e+00	0.00e+00	0.00e+00	0.00e+00	8.52e-01	8.28e-02	5.75e-02
 3.83154e+17	9.92e-01	7.81e-03	1.61e-13	0.00e+00	0.00e+00	0.00e+00	0.00e+00	0.00e+00	0.00e+00	8.52e-01	8.28e-02	5.75e-02
 3.83179e+17	9.92e-01	7.78e-03	1.61e-13	0.00e+00	0.00e+00	0.00e+00	0.00e+00	0.00e+00	0.00e+00	8.52e-01	8.28e-02	5.75e-02
 3.83203e+17	9.92e-01	7.76e-03	1.60e-13	0.00e+00	0.00e+00	0.00e+00	0.00e+00	0.00e+00	0.00e+00	8.52e-01	8.28e-02	5.75e-02
 3.83227e+17	9.92e-01	7.74e-03	1.60e-13	0.00e+00	0.00e+00	0.00e+00	0.00e+00	0.00e+00	0.00e+00	8.52e-01	8.28e-02	5.75e-02
 3.83252e+17	9.92e-01	7.71e-03	1.60e-13	0.00e+00	0.00e+00	0.00e+00	0.00e+00	0.00e+00	0.00e+00	8.52e-01	8.28e-02	5.75e-02
 3.83276e+17	9.92e-01	7.68e-03	1.59e-13	0.00e+00	0.00e+00	0.00e+00	0.00e+00	0.00e+00	0.00e+00	8.52e-01	8.28e-02	5.75e-02
 3.83300e+17	9.92e-01	7.66e-03	1.59e-13	0.00e+00	0.00e+00	0.00e+00	0.00e+00	0.00e+00	0.00e+00	8.52e-01	8.28e-02	5.75e-02
 3.83325e+17	9.92e-01	7.64e-03	1.59e-13	0.00e+00	0.00e+00	0.00e+00	0.00e+00	0.00e+00	0.00e+00	8.52e-01	8.28e-02	5.75e-02
 3.83349e+17	9.92e-01	7.62e-03	1.58e-13	0.00e+00	0.00e+00	0.00e+00	0.00e+00	0.00e+00	0.00e+00	8.52e-01	8.27e-02	5.75e-02
 3.83373e+17	9.92e-01	7.59e-03	1.58e-13	0.00e+00	0.00e+00	0.00e+00	0.00e+00	0.00e+00	0.00e+00	8.52e-01	8.27e-02	5.75e-02
 3.83398e+17	9.92e-01	7.57e-03	1.57e-13	0.00e+00	0.00e+00	0.00e+00	0.00e+00	0.00e+00	0.00e+00	8.52e-01	8.27e-02	5.75e-02
 3.83422e+17	9.92e-01	7.55e-03	1.57e-13	0.00e+00	0.00e+00	0.00e+00	0.00e+00	0.00e+00	0.00e+00	8.52e-01	8.27e-02	5.75e-02
 3.83446e+17	9.92e-01	7.53e-03	1.57e-13	0.00e+00	0.00e+00	0.00e+00	0.00e+00	0.00e+00	0.00e+00	8.52e-01	8.27e-02	5.75e-02
 3.83471e+17	9.92e-01	7.51e-03	1.56e-13	0.00e+00	0.00e+00	0.00e+00	0.00e+00	0.00e+00	0.00e+00	8.52e-01	8.27e-02	5.75e-02
 3.83495e+17	9.93e-01	7.49e-03	1.56e-13	0.00e+00	0.00e+00	0.00e+00	0.00e+00	0.00e+00	0.00e+00	8.52e-01	8.27e-02	5.75e-02
 3.83519e+17	9.93e-01	7.47e-03	1.56e-13	0.00e+00	0.00e+00	0.00e+00	0.00e+00	0.00e+00	0.00e+00	8.52e-01	8.27e-02	5.75e-02
 3.83544e+17	9.93e-01	7.45e-03	1.55e-13	0.00e+00	0.00e+00	0.00e+00	0.00e+00	0.00e+00	0.00e+00	8.52e-01	8.27e-02	5.75e-02
 3.83568e+17	9.93e-01	7.42e-03	1.55e-13	0.00e+00	0.00e+00	0.00e+00	0.00e+00	0.00e+00	0.00e+00	8.52e-01	8.26e-02	5.75e-02
 3.83592e+17	9.93e-01	7.41e-03	1.55e-13	0.00e+00	0.00e+00	0.00e+00	0.00e+00	0.00e+00	0.00e+00	8.53e-01	8.26e-02	5.75e-02
 3.83617e+17	9.93e-01	7.39e-03	1.54e-13	0.00e+00	0.00e+00	0.00e+00	0.00e+00	0.00e+00	0.00e+00	8.53e-01	8.26e-02	5.74e-02
 3.83641e+17	9.93e-01	7.37e-03	1.54e-13	0.00e+00	0.00e+00	0.00e+00	0.00e+00	0.00e+00	0.00e+00	8.53e-01	8.26e-02	5.74e-02
 3.83665e+17	9.93e-01	7.35e-03	1.54e-13	0.00e+00	0.00e+00	0.00e+00	0.00e+00	0.00e+00	0.00e+00	8.53e-01	8.26e-02	5.74e-02
 3.83689e+17	9.93e-01	7.33e-03	1.53e-13	0.00e+00	0.00e+00	0.00e+00	0.00e+00	0.00e+00	0.00e+00	8.53e-01	8.26e-02	5.74e-02
 3.83714e+17	9.93e-01	7.31e-03	1.53e-13	0.00e+00	0.00e+00	0.00e+00	0.00e+00	0.00e+00	0.00e+00	8.53e-01	8.26e-02	5.74e-02
 3.83738e+17	9.93e-01	7.30e-03	1.53e-13	0.00e+00	0.00e+00	0.00e+00	0.00e+00	0.00e+00	0.00e+00	8.53e-01	8.26e-02	5.74e-02
 3.83762e+17	9.93e-01	7.27e-03	1.53e-13	0.00e+00	0.00e+00	0.00e+00	0.00e+00	0.00e+00	0.00e+00	8.53e-01	8.25e-02	5.74e-02
 3.83787e+17	9.93e-01	7.26e-03	1.52e-13	0.00e+00	0.00e+00	0.00e+00	0.00e+00	0.00e+00	0.00e+00	8.53e-01	8.25e-02	5.74e-02
 3.83811e+17	9.93e-01	7.24e-03	1.52e-13	0.00e+00	0.00e+00	0.00e+00	0.00e+00	0.00e+00	0.00e+00	8.53e-01	8.25e-02	5.74e-02
 3.83835e+17	9.93e-01	7.22e-03	1.52e-13	0.00e+00	0.00e+00	0.00e+00	0.00e+00	0.00e+00	0.00e+00	8.53e-01	8.25e-02	5.74e-02
 3.83860e+17	9.93e-01	7.20e-03	1.51e-13	0.00e+00	0.00e+00	0.00e+00	0.00e+00	0.00e+00	0.00e+00	8.53e-01	8.25e-02	5.74e-02
 3.83884e+17	9.93e-01	7.19e-03	1.51e-13	0.00e+00	0.00e+00	0.00e+00	0.00e+00	0.00e+00	0.00e+00	8.53e-01	8.25e-02	5.74e-02
 3.83908e+17	9.93e-01	7.17e-03	1.51e-13	0.00e+00	0.00e+00	0.00e+00	0.00e+00	0.00e+00	0.00e+00	8.53e-01	8.25e-02	5.74e-02
 3.83933e+17	9.93e-01	7.15e-03	1.51e-13	0.00e+00	0.00e+00	0.00e+00	0.00e+00	0.00e+00	0.00e+00	8.53e-01	8.24e-02	5.74e-02
 3.83957e+17	9.93e-01	7.14e-03	1.50e-13	0.00e+00	0.00e+00	0.00e+00	0.00e+00	0.00e+00	0.00e+00	8.53e-01	8.24e-02	5.74e-02
 3.83981e+17	9.93e-01	7.12e-03	1.50e-13	0.00e+00	0.00e+00	0.00e+00	0.00e+00	0.00e+00	0.00e+00	8.53e-01	8.24e-02	5.73e-02
 3.84006e+17	9.93e-01	7.10e-03	1.50e-13	0.00e+00	0.00e+00	0.00e+00	0.00e+00	0.00e+00	0.00e+00	8.53e-01	8.24e-02	5.73e-02
 3.84030e+17	9.93e-01	7.09e-03	1.49e-13	0.00e+00	0.00e+00	0.00e+00	0.00e+00	0.00e+00	0.00e+00	8.53e-01	8.24e-02	5.73e-02
 3.84054e+17	9.93e-01	7.07e-03	1.49e-13	0.00e+00	0.00e+00	0.00e+00	0.00e+00	0.00e+00	0.00e+00	8.53e-01	8.24e-02	5.73e-02
 3.84078e+17	9.93e-01	7.06e-03	1.49e-13	0.00e+00	0.00e+00	0.00e+00	0.00e+00	0.00e+00	0.00e+00	8.53e-01	8.24e-02	5.73e-02
 3.84103e+17	9.93e-01	7.04e-03	1.49e-13	0.00e+00	0.00e+00	0.00e+00	0.00e+00	0.00e+00	0.00e+00	8.53e-01	8.23e-02	5.73e-02
 3.84127e+17	9.93e-01	7.03e-03	1.48e-13	0.00e+00	0.00e+00	0.00e+00	0.00e+00	0.00e+00	0.00e+00	8.53e-01	8.23e-02	5.73e-02
 3.84151e+17	9.93e-01	7.01e-03	1.48e-13	0.00e+00	0.00e+00	0.00e+00	0.00e+00	0.00e+00	0.00e+00	8.53e-01	8.23e-02	5.73e-02
 3.84176e+17	9.93e-01	7.00e-03	1.48e-13	0.00e+00	0.00e+00	0.00e+00	0.00e+00	0.00e+00	0.00e+00	8.53e-01	8.23e-02	5.73e-02
 3.84200e+17	9.93e-01	6.98e-03	1.48e-13	0.00e+00	0.00e+00	0.00e+00	0.00e+00	0.00e+00	0.00e+00	8.53e-01	8.23e-02	5.73e-02
 3.84224e+17	9.93e-01	6.97e-03	1.47e-13	0.00e+00	0.00e+00	0.00e+00	0.00e+00	0.00e+00	0.00e+00	8.53e-01	8.23e-02	5.73e-02
 3.84249e+17	9.93e-01	6.95e-03	1.47e-13	0.00e+00	0.00e+00	0.00e+00	0.00e+00	0.00e+00	0.00e+00	8.54e-01	8.23e-02	5.73e-02
 3.84273e+17	9.93e-01	6.94e-03	1.47e-13	0.00e+00	0.00e+00	0.00e+00	0.00e+00	0.00e+00	0.00e+00	8.54e-01	8.22e-02	5.72e-02
 3.84297e+17	9.93e-01	6.92e-03	1.47e-13	0.00e+00	0.00e+00	0.00e+00	0.00e+00	0.00e+00	0.00e+00	8.54e-01	8.22e-02	5.72e-02
