#depth	O	O+	O+2	O+3	O+4	O+5	O+6	O+7	O+8	O[1]	O[2]	O[3]
 3.41157e+13	4.13e-11	8.44e-05	3.20e-01	6.80e-01	1.95e-04	0.00e+00	0.00e+00	0.00e+00	0.00e+00	2.52e-11	1.17e-11	4.35e-12
 2.04694e+14	4.19e-11	8.53e-05	3.22e-01	6.78e-01	1.93e-04	0.00e+00	0.00e+00	0.00e+00	0.00e+00	2.56e-11	1.19e-11	4.41e-12
 8.87007e+14	4.51e-11	8.99e-05	3.31e-01	6.69e-01	1.84e-04	0.00e+00	0.00e+00	0.00e+00	0.00e+00	2.76e-11	1.28e-11	4.75e-12
 2.46158e+15	5.38e-11	1.01e-04	3.50e-01	6.49e-01	1.66e-04	0.00e+00	0.00e+00	0.00e+00	0.00e+00	3.30e-11	1.51e-11	5.64e-12
 4.56019e+15	6.65e-11	1.16e-04	3.75e-01	6.24e-01	1.45e-04	0.00e+00	0.00e+00	0.00e+00	0.00e+00	4.11e-11	1.84e-11	6.94e-12
 6.74273e+15	8.25e-11	1.34e-04	4.02e-01	5.97e-01	1.26e-04	0.00e+00	0.00e+00	0.00e+00	0.00e+00	5.14e-11	2.25e-11	8.58e-12
 9.01258e+15	1.02e-10	1.55e-04	4.31e-01	5.69e-01	1.08e-04	0.00e+00	0.00e+00	0.00e+00	0.00e+00	6.41e-11	2.76e-11	1.06e-11
 1.13732e+16	1.27e-10	1.79e-04	4.62e-01	5.38e-01	9.27e-05	0.00e+00	0.00e+00	0.00e+00	0.00e+00	8.02e-11	3.37e-11	1.31e-11
 1.38283e+16	1.57e-10	2.06e-04	4.95e-01	5.05e-01	7.84e-05	0.00e+00	0.00e+00	0.00e+00	0.00e+00	1.00e-10	4.12e-11	1.61e-11
 1.63816e+16	1.95e-10	2.38e-04	5.30e-01	4.70e-01	6.55e-05	0.00e+00	0.00e+00	0.00e+00	0.00e+00	1.25e-10	5.03e-11	1.99e-11
 1.90370e+16	2.42e-10	2.75e-04	5.67e-01	4.33e-01	5.39e-05	0.00e+00	0.00e+00	0.00e+00	0.00e+00	1.56e-10	6.13e-11	2.46e-11
 2.17986e+16	3.00e-10	3.16e-04	6.06e-01	3.93e-01	4.36e-05	0.00e+00	0.00e+00	0.00e+00	0.00e+00	1.95e-10	7.46e-11	3.02e-11
 2.46707e+16	3.71e-10	3.64e-04	6.48e-01	3.52e-01	3.45e-05	0.00e+00	0.00e+00	0.00e+00	0.00e+00	2.43e-10	9.06e-11	3.72e-11
 2.76576e+16	4.58e-10	4.18e-04	6.91e-01	3.08e-01	2.65e-05	0.00e+00	0.00e+00	0.00e+00	0.00e+00	3.03e-10	1.10e-10	4.56e-11
 3.07641e+16	5.63e-10	4.79e-04	7.36e-01	2.64e-01	1.98e-05	0.00e+00	0.00e+00	0.00e+00	0.00e+00	3.75e-10	1.32e-10	5.56e-11
 3.39948e+16	6.89e-10	5.46e-04	7.80e-01	2.19e-01	1.41e-05	0.00e+00	0.00e+00	0.00e+00	0.00e+00	4.63e-10	1.58e-10	6.76e-11
 3.73547e+16	8.36e-10	6.20e-04	8.24e-01	1.75e-01	9.59e-06	0.00e+00	0.00e+00	0.00e+00	0.00e+00	5.67e-10	1.88e-10	8.14e-11
 4.08490e+16	1.01e-09	6.99e-04	8.66e-01	1.33e-01	6.12e-06	0.00e+00	0.00e+00	0.00e+00	0.00e+00	6.87e-10	2.21e-10	9.70e-11
 4.44831e+16	1.19e-09	7.80e-04	9.03e-01	9.67e-02	3.64e-06	0.00e+00	0.00e+00	0.00e+00	0.00e+00	8.23e-10	2.56e-10	1.14e-10
 4.82626e+16	1.40e-09	8.64e-04	9.33e-01	6.60e-02	2.00e-06	0.00e+00	0.00e+00	0.00e+00	0.00e+00	9.76e-10	2.93e-10	1.33e-10
 5.21932e+16	1.63e-09	9.49e-04	9.57e-01	4.24e-02	1.01e-06	0.00e+00	0.00e+00	0.00e+00	0.00e+00	1.14e-09	3.32e-10	1.53e-10
 5.62811e+16	1.88e-09	1.04e-03	9.73e-01	2.58e-02	4.72e-07	0.00e+00	0.00e+00	0.00e+00	0.00e+00	1.33e-09	3.74e-10	1.75e-10
 6.05325e+16	2.17e-09	1.13e-03	9.84e-01	1.50e-02	2.08e-07	0.00e+00	0.00e+00	0.00e+00	0.00e+00	1.55e-09	4.20e-10	2.00e-10
 6.49539e+16	2.51e-09	1.22e-03	9.90e-01	8.45e-03	0.00e+00	0.00e+00	0.00e+00	0.00e+00	0.00e+00	1.81e-09	4.71e-10	2.29e-10
 6.95522e+16	2.90e-09	1.32e-03	9.94e-01	4.65e-03	0.00e+00	0.00e+00	0.00e+00	0.00e+00	0.00e+00	2.11e-09	5.29e-10	2.61e-10
 7.43344e+16	3.35e-09	1.43e-03	9.96e-01	2.53e-03	0.00e+00	0.00e+00	0.00e+00	0.00e+00	0.00e+00	2.46e-09	5.94e-10	2.99e-10
 7.93079e+16	3.89e-09	1.54e-03	9.97e-01	1.36e-03	0.00e+00	0.00e+00	0.00e+00	0.00e+00	0.00e+00	2.88e-09	6.68e-10	3.42e-10
 8.44804e+16	4.50e-09	1.67e-03	9.98e-01	7.36e-04	0.00e+00	0.00e+00	0.00e+00	0.00e+00	0.00e+00	3.36e-09	7.50e-10	3.91e-10
 8.98597e+16	5.21e-09	1.80e-03	9.98e-01	4.03e-04	0.00e+00	0.00e+00	0.00e+00	0.00e+00	0.00e+00	3.92e-09	8.43e-10	4.48e-10
 9.54543e+16	6.04e-09	1.94e-03	9.98e-01	2.27e-04	0.00e+00	0.00e+00	0.00e+00	0.00e+00	0.00e+00	4.58e-09	9.47e-10	5.12e-10
 1.01273e+17	7.00e-09	2.10e-03	9.98e-01	1.33e-04	0.00e+00	0.00e+00	0.00e+00	0.00e+00	0.00e+00	5.35e-09	1.06e-09	5.85e-10
 1.07324e+17	8.10e-09	2.26e-03	9.98e-01	8.38e-05	0.00e+00	0.00e+00	0.00e+00	0.00e+00	0.00e+00	6.24e-09	1.19e-09	6.68e-10
 1.13617e+17	9.38e-09	2.44e-03	9.97e-01	5.70e-05	0.00e+00	0.00e+00	0.00e+00	0.00e+00	0.00e+00	7.28e-09	1.34e-09	7.63e-10
 1.20162e+17	1.09e-08	2.64e-03	9.97e-01	4.20e-05	0.00e+00	0.00e+00	0.00e+00	0.00e+00	0.00e+00	8.48e-09	1.50e-09	8.70e-10
 1.26968e+17	1.26e-08	2.85e-03	9.97e-01	3.33e-05	0.00e+00	0.00e+00	0.00e+00	0.00e+00	0.00e+00	9.88e-09	1.68e-09	9.92e-10
 1.34047e+17	1.45e-08	3.07e-03	9.97e-01	2.78e-05	0.00e+00	0.00e+00	0.00e+00	0.00e+00	0.00e+00	1.15e-08	1.88e-09	1.13e-09
 1.41409e+17	1.68e-08	3.32e-03	9.97e-01	2.41e-05	0.00e+00	0.00e+00	0.00e+00	0.00e+00	0.00e+00	1.34e-08	2.11e-09	1.29e-09
 1.49065e+17	1.94e-08	3.58e-03	9.96e-01	2.14e-05	0.00e+00	0.00e+00	0.00e+00	0.00e+00	0.00e+00	1.56e-08	2.36e-09	1.47e-09
 1.57028e+17	2.25e-08	3.87e-03	9.96e-01	1.93e-05	0.00e+00	0.00e+00	0.00e+00	0.00e+00	0.00e+00	1.81e-08	2.65e-09	1.67e-09
 1.65310e+17	2.60e-08	4.18e-03	9.96e-01	1.75e-05	0.00e+00	0.00e+00	0.00e+00	0.00e+00	0.00e+00	2.11e-08	2.97e-09	1.90e-09
 1.73922e+17	3.00e-08	4.51e-03	9.95e-01	1.59e-05	0.00e+00	0.00e+00	0.00e+00	0.00e+00	0.00e+00	2.45e-08	3.33e-09	2.16e-09
 1.82879e+17	3.47e-08	4.88e-03	9.95e-01	1.46e-05	0.00e+00	0.00e+00	0.00e+00	0.00e+00	0.00e+00	2.85e-08	3.74e-09	2.46e-09
 1.92194e+17	4.01e-08	5.27e-03	9.95e-01	1.34e-05	0.00e+00	0.00e+00	0.00e+00	0.00e+00	0.00e+00	3.31e-08	4.20e-09	2.80e-09
 2.01882e+17	4.64e-08	5.69e-03	9.94e-01	1.23e-05	0.00e+00	0.00e+00	0.00e+00	0.00e+00	0.00e+00	3.85e-08	4.72e-09	3.19e-09
 2.11958e+17	5.37e-08	6.15e-03	9.94e-01	1.12e-05	0.00e+00	0.00e+00	0.00e+00	0.00e+00	0.00e+00	4.48e-08	5.31e-09	3.64e-09
 2.22436e+17	6.22e-08	6.65e-03	9.93e-01	1.03e-05	0.00e+00	0.00e+00	0.00e+00	0.00e+00	0.00e+00	5.21e-08	5.98e-09	4.15e-09
 2.33334e+17	7.20e-08	7.18e-03	9.93e-01	9.44e-06	0.00e+00	0.00e+00	0.00e+00	0.00e+00	0.00e+00	6.06e-08	6.74e-09	4.73e-09
 2.44667e+17	8.35e-08	7.77e-03	9.92e-01	8.66e-06	0.00e+00	0.00e+00	0.00e+00	0.00e+00	0.00e+00	7.04e-08	7.61e-09	5.40e-09
 2.56454e+17	9.68e-08	8.40e-03	9.92e-01	7.94e-06	0.00e+00	0.00e+00	0.00e+00	0.00e+00	0.00e+00	8.20e-08	8.61e-09	6.17e-09
 2.68712e+17	1.12e-07	9.09e-03	9.91e-01	7.27e-06	0.00e+00	0.00e+00	0.00e+00	0.00e+00	0.00e+00	9.54e-08	9.74e-09	7.05e-09
 2.81461e+17	1.30e-07	9.83e-03	9.90e-01	6.66e-06	0.00e+00	0.00e+00	0.00e+00	0.00e+00	0.00e+00	1.11e-07	1.11e-08	8.08e-09
 2.94720e+17	1.51e-07	1.06e-02	9.89e-01	6.10e-06	0.00e+00	0.00e+00	0.00e+00	0.00e+00	0.00e+00	1.30e-07	1.26e-08	9.25e-09
 3.08508e+17	1.76e-07	1.15e-02	9.88e-01	5.59e-06	0.00e+00	0.00e+00	0.00e+00	0.00e+00	0.00e+00	1.51e-07	1.43e-08	1.06e-08
 3.22849e+17	2.05e-07	1.25e-02	9.88e-01	5.11e-06	0.00e+00	0.00e+00	0.00e+00	0.00e+00	0.00e+00	1.76e-07	1.63e-08	1.22e-08
 3.37763e+17	2.38e-07	1.35e-02	9.86e-01	4.68e-06	0.00e+00	0.00e+00	0.00e+00	0.00e+00	0.00e+00	2.06e-07	1.86e-08	1.40e-08
 3.53274e+17	2.78e-07	1.46e-02	9.85e-01	4.28e-06	0.00e+00	0.00e+00	0.00e+00	0.00e+00	0.00e+00	2.40e-07	2.12e-08	1.62e-08
 3.69405e+17	3.24e-07	1.59e-02	9.84e-01	3.91e-06	0.00e+00	0.00e+00	0.00e+00	0.00e+00	0.00e+00	2.81e-07	2.43e-08	1.86e-08
 3.86181e+17	3.78e-07	1.72e-02	9.83e-01	3.58e-06	0.00e+00	0.00e+00	0.00e+00	0.00e+00	0.00e+00	3.29e-07	2.79e-08	2.15e-08
 4.03629e+17	4.42e-07	1.86e-02	9.81e-01	3.27e-06	0.00e+00	0.00e+00	0.00e+00	0.00e+00	0.00e+00	3.85e-07	3.21e-08	2.49e-08
 4.21774e+17	5.17e-07	2.02e-02	9.80e-01	2.98e-06	0.00e+00	0.00e+00	0.00e+00	0.00e+00	0.00e+00	4.51e-07	3.70e-08	2.88e-08
 4.40645e+17	6.05e-07	2.19e-02	9.78e-01	2.72e-06	0.00e+00	0.00e+00	0.00e+00	0.00e+00	0.00e+00	5.29e-07	4.27e-08	3.34e-08
 4.60271e+17	7.09e-07	2.38e-02	9.76e-01	2.48e-06	0.00e+00	0.00e+00	0.00e+00	0.00e+00	0.00e+00	6.21e-07	4.93e-08	3.88e-08
 4.80682e+17	8.33e-07	2.59e-02	9.74e-01	2.26e-06	0.00e+00	0.00e+00	0.00e+00	0.00e+00	0.00e+00	7.30e-07	5.71e-08	4.52e-08
 5.01909e+17	9.78e-07	2.81e-02	9.72e-01	2.06e-06	0.00e+00	0.00e+00	0.00e+00	0.00e+00	0.00e+00	8.59e-07	6.62e-08	5.26e-08
 5.23986e+17	1.15e-06	3.05e-02	9.69e-01	1.87e-06	0.00e+00	0.00e+00	0.00e+00	0.00e+00	0.00e+00	1.01e-06	7.70e-08	6.15e-08
 5.46945e+17	1.36e-06	3.32e-02	9.67e-01	1.70e-06	0.00e+00	0.00e+00	0.00e+00	0.00e+00	0.00e+00	1.19e-06	8.97e-08	7.19e-08
 5.70823e+17	1.60e-06	3.61e-02	9.64e-01	1.55e-06	0.00e+00	0.00e+00	0.00e+00	0.00e+00	0.00e+00	1.41e-06	1.05e-07	8.42e-08
 5.95656e+17	1.89e-06	3.93e-02	9.61e-01	1.40e-06	0.00e+00	0.00e+00	0.00e+00	0.00e+00	0.00e+00	1.67e-06	1.22e-07	9.88e-08
 6.21483e+17	2.23e-06	4.28e-02	9.57e-01	1.27e-06	0.00e+00	0.00e+00	0.00e+00	0.00e+00	0.00e+00	1.97e-06	1.43e-07	1.16e-07
 6.48342e+17	2.65e-06	4.67e-02	9.53e-01	1.15e-06	0.00e+00	0.00e+00	0.00e+00	0.00e+00	0.00e+00	2.34e-06	1.68e-07	1.37e-07
 6.76276e+17	3.14e-06	5.09e-02	9.49e-01	1.04e-06	0.00e+00	0.00e+00	0.00e+00	0.00e+00	0.00e+00	2.78e-06	1.98e-07	1.62e-07
 7.05327e+17	3.73e-06	5.56e-02	9.44e-01	9.40e-07	0.00e+00	0.00e+00	0.00e+00	0.00e+00	0.00e+00	3.31e-06	2.34e-07	1.91e-07
 7.35540e+17	4.44e-06	6.07e-02	9.39e-01	8.47e-07	0.00e+00	0.00e+00	0.00e+00	0.00e+00	0.00e+00	3.94e-06	2.77e-07	2.27e-07
 7.66962e+17	5.31e-06	6.63e-02	9.34e-01	7.64e-07	0.00e+00	0.00e+00	0.00e+00	0.00e+00	0.00e+00	4.71e-06	3.28e-07	2.70e-07
 7.99641e+17	6.35e-06	7.26e-02	9.27e-01	6.85e-07	0.00e+00	0.00e+00	0.00e+00	0.00e+00	0.00e+00	5.64e-06	3.90e-07	3.21e-07
 8.33626e+17	7.62e-06	7.95e-02	9.20e-01	6.14e-07	0.00e+00	0.00e+00	0.00e+00	0.00e+00	0.00e+00	6.77e-06	4.65e-07	3.84e-07
 8.68972e+17	9.16e-06	8.72e-02	9.13e-01	5.49e-07	0.00e+00	0.00e+00	0.00e+00	0.00e+00	0.00e+00	8.14e-06	5.57e-07	4.61e-07
 9.05731e+17	1.11e-05	9.58e-02	9.04e-01	4.89e-07	0.00e+00	0.00e+00	0.00e+00	0.00e+00	0.00e+00	9.84e-06	6.68e-07	5.55e-07
 9.43960e+17	1.34e-05	1.05e-01	8.95e-01	4.35e-07	0.00e+00	0.00e+00	0.00e+00	0.00e+00	0.00e+00	1.19e-05	8.06e-07	6.70e-07
 9.83719e+17	1.63e-05	1.16e-01	8.84e-01	3.85e-07	0.00e+00	0.00e+00	0.00e+00	0.00e+00	0.00e+00	1.45e-05	9.76e-07	8.14e-07
 1.02507e+18	1.99e-05	1.28e-01	8.72e-01	3.39e-07	0.00e+00	0.00e+00	0.00e+00	0.00e+00	0.00e+00	1.78e-05	1.19e-06	9.93e-07
 1.06807e+18	2.45e-05	1.42e-01	8.58e-01	2.97e-07	0.00e+00	0.00e+00	0.00e+00	0.00e+00	0.00e+00	2.19e-05	1.46e-06	1.22e-06
 1.11279e+18	3.04e-05	1.57e-01	8.43e-01	2.59e-07	0.00e+00	0.00e+00	0.00e+00	0.00e+00	0.00e+00	2.71e-05	1.80e-06	1.51e-06
 1.15931e+18	3.80e-05	1.75e-01	8.25e-01	2.24e-07	0.00e+00	0.00e+00	0.00e+00	0.00e+00	0.00e+00	3.39e-05	2.24e-06	1.89e-06
 1.20768e+18	4.79e-05	1.95e-01	8.05e-01	1.92e-07	0.00e+00	0.00e+00	0.00e+00	0.00e+00	0.00e+00	4.27e-05	2.81e-06	2.37e-06
 1.25798e+18	6.12e-05	2.19e-01	7.81e-01	1.63e-07	0.00e+00	0.00e+00	0.00e+00	0.00e+00	0.00e+00	5.46e-05	3.58e-06	3.03e-06
 1.30890e+18	7.88e-05	2.47e-01	7.53e-01	1.36e-07	0.00e+00	0.00e+00	0.00e+00	0.00e+00	0.00e+00	7.03e-05	4.60e-06	3.90e-06
 1.35706e+18	1.01e-04	2.77e-01	7.23e-01	0.00e+00	0.00e+00	0.00e+00	0.00e+00	0.00e+00	0.00e+00	8.99e-05	5.87e-06	4.99e-06
 1.40007e+18	1.27e-04	3.07e-01	6.93e-01	0.00e+00	0.00e+00	0.00e+00	0.00e+00	0.00e+00	0.00e+00	1.13e-04	7.36e-06	6.26e-06
 1.43846e+18	1.57e-04	3.38e-01	6.62e-01	0.00e+00	0.00e+00	0.00e+00	0.00e+00	0.00e+00	0.00e+00	1.40e-04	9.10e-06	7.75e-06
 1.47340e+18	1.92e-04	3.70e-01	6.30e-01	0.00e+00	0.00e+00	0.00e+00	0.00e+00	0.00e+00	0.00e+00	1.72e-04	1.12e-05	9.52e-06
 1.50519e+18	2.34e-04	4.03e-01	5.97e-01	0.00e+00	0.00e+00	0.00e+00	0.00e+00	0.00e+00	0.00e+00	2.09e-04	1.36e-05	1.16e-05
 1.53377e+18	2.82e-04	4.37e-01	5.62e-01	0.00e+00	0.00e+00	0.00e+00	0.00e+00	0.00e+00	0.00e+00	2.52e-04	1.63e-05	1.40e-05
 1.55913e+18	3.36e-04	4.72e-01	5.28e-01	0.00e+00	0.00e+00	0.00e+00	0.00e+00	0.00e+00	0.00e+00	3.00e-04	1.94e-05	1.66e-05
 1.58146e+18	3.96e-04	5.06e-01	4.94e-01	0.00e+00	0.00e+00	0.00e+00	0.00e+00	0.00e+00	0.00e+00	3.54e-04	2.29e-05	1.96e-05
 1.60117e+18	4.61e-04	5.40e-01	4.60e-01	0.00e+00	0.00e+00	0.00e+00	0.00e+00	0.00e+00	0.00e+00	4.12e-04	2.66e-05	2.28e-05
 1.61860e+18	5.32e-04	5.74e-01	4.26e-01	0.00e+00	0.00e+00	0.00e+00	0.00e+00	0.00e+00	0.00e+00	4.75e-04	3.07e-05	2.63e-05
 1.63407e+18	6.08e-04	6.07e-01	3.92e-01	0.00e+00	0.00e+00	0.00e+00	0.00e+00	0.00e+00	0.00e+00	5.43e-04	3.50e-05	3.01e-05
 1.64772e+18	6.88e-04	6.40e-01	3.60e-01	0.00e+00	0.00e+00	0.00e+00	0.00e+00	0.00e+00	0.00e+00	6.15e-04	3.96e-05	3.41e-05
 1.65967e+18	7.71e-04	6.71e-01	3.28e-01	0.00e+00	0.00e+00	0.00e+00	0.00e+00	0.00e+00	0.00e+00	6.89e-04	4.44e-05	3.82e-05
 1.67009e+18	8.56e-04	7.02e-01	2.98e-01	0.00e+00	0.00e+00	0.00e+00	0.00e+00	0.00e+00	0.00e+00	7.64e-04	4.92e-05	4.24e-05
 1.67921e+18	9.41e-04	7.30e-01	2.69e-01	0.00e+00	0.00e+00	0.00e+00	0.00e+00	0.00e+00	0.00e+00	8.40e-04	5.41e-05	4.66e-05
 1.68723e+18	1.03e-03	7.58e-01	2.41e-01	0.00e+00	0.00e+00	0.00e+00	0.00e+00	0.00e+00	0.00e+00	9.16e-04	5.90e-05	5.08e-05
 1.69427e+18	1.11e-03	7.84e-01	2.15e-01	0.00e+00	0.00e+00	0.00e+00	0.00e+00	0.00e+00	0.00e+00	9.90e-04	6.37e-05	5.49e-05
 1.70041e+18	1.19e-03	8.09e-01	1.90e-01	0.00e+00	0.00e+00	0.00e+00	0.00e+00	0.00e+00	0.00e+00	1.06e-03	6.84e-05	5.90e-05
 1.70576e+18	1.27e-03	8.32e-01	1.67e-01	0.00e+00	0.00e+00	0.00e+00	0.00e+00	0.00e+00	0.00e+00	1.13e-03	7.30e-05	6.29e-05
 1.71045e+18	1.35e-03	8.53e-01	1.46e-01	0.00e+00	0.00e+00	0.00e+00	0.00e+00	0.00e+00	0.00e+00	1.20e-03	7.73e-05	6.67e-05
 1.71458e+18	1.42e-03	8.72e-01	1.26e-01	0.00e+00	0.00e+00	0.00e+00	0.00e+00	0.00e+00	0.00e+00	1.27e-03	8.15e-05	7.03e-05
 1.71824e+18	1.49e-03	8.90e-01	1.08e-01	0.00e+00	0.00e+00	0.00e+00	0.00e+00	0.00e+00	0.00e+00	1.33e-03	8.53e-05	7.36e-05
 1.72149e+18	1.55e-03	9.06e-01	9.21e-02	0.00e+00	0.00e+00	0.00e+00	0.00e+00	0.00e+00	0.00e+00	1.39e-03	8.90e-05	7.68e-05
 1.72433e+18	1.61e-03	9.21e-01	7.76e-02	0.00e+00	0.00e+00	0.00e+00	0.00e+00	0.00e+00	0.00e+00	1.44e-03	9.23e-05	7.97e-05
 1.72684e+18	1.66e-03	9.34e-01	6.48e-02	0.00e+00	0.00e+00	0.00e+00	0.00e+00	0.00e+00	0.00e+00	1.49e-03	9.54e-05	8.24e-05
 1.72907e+18	1.71e-03	9.45e-01	5.36e-02	0.00e+00	0.00e+00	0.00e+00	0.00e+00	0.00e+00	0.00e+00	1.53e-03	9.82e-05	8.48e-05
 1.73107e+18	1.76e-03	9.54e-01	4.38e-02	0.00e+00	0.00e+00	0.00e+00	0.00e+00	0.00e+00	0.00e+00	1.57e-03	1.01e-04	8.71e-05
 1.73289e+18	1.80e-03	9.63e-01	3.54e-02	0.00e+00	0.00e+00	0.00e+00	0.00e+00	0.00e+00	0.00e+00	1.60e-03	1.03e-04	8.90e-05
 1.73455e+18	1.83e-03	9.70e-01	2.83e-02	0.00e+00	0.00e+00	0.00e+00	0.00e+00	0.00e+00	0.00e+00	1.64e-03	1.05e-04	9.07e-05
 1.73607e+18	1.86e-03	9.76e-01	2.23e-02	0.00e+00	0.00e+00	0.00e+00	0.00e+00	0.00e+00	0.00e+00	1.66e-03	1.07e-04	9.22e-05
 1.73746e+18	1.89e-03	9.81e-01	1.74e-02	0.00e+00	0.00e+00	0.00e+00	0.00e+00	0.00e+00	0.00e+00	1.69e-03	1.08e-04	9.36e-05
 1.73879e+18	1.91e-03	9.85e-01	1.33e-02	0.00e+00	0.00e+00	0.00e+00	0.00e+00	0.00e+00	0.00e+00	1.71e-03	1.10e-04	9.48e-05
 1.74007e+18	1.93e-03	9.88e-01	1.00e-02	0.00e+00	0.00e+00	0.00e+00	0.00e+00	0.00e+00	0.00e+00	1.72e-03	1.10e-04	9.55e-05
 1.74153e+18	1.95e-03	9.91e-01	7.00e-03	0.00e+00	0.00e+00	0.00e+00	0.00e+00	0.00e+00	0.00e+00	1.75e-03	1.12e-04	9.68e-05
 1.74311e+18	1.98e-03	9.93e-01	4.64e-03	0.00e+00	0.00e+00	0.00e+00	0.00e+00	0.00e+00	0.00e+00	1.76e-03	1.13e-04	9.80e-05
 1.74455e+18	1.99e-03	9.95e-01	3.11e-03	0.00e+00	0.00e+00	0.00e+00	0.00e+00	0.00e+00	0.00e+00	1.78e-03	1.14e-04	9.88e-05
 1.74615e+18	2.01e-03	9.96e-01	1.96e-03	0.00e+00	0.00e+00	0.00e+00	0.00e+00	0.00e+00	0.00e+00	1.80e-03	1.15e-04	9.99e-05
 1.74823e+18	2.04e-03	9.97e-01	1.09e-03	0.00e+00	0.00e+00	0.00e+00	0.00e+00	0.00e+00	0.00e+00	1.83e-03	1.17e-04	1.01e-04
 1.75093e+18	2.09e-03	9.97e-01	5.10e-04	0.00e+00	0.00e+00	0.00e+00	0.00e+00	0.00e+00	0.00e+00	1.86e-03	1.19e-04	1.03e-04
 1.75445e+18	2.14e-03	9.98e-01	1.99e-04	0.00e+00	0.00e+00	0.00e+00	0.00e+00	0.00e+00	0.00e+00	1.92e-03	1.23e-04	1.06e-04
 1.75902e+18	2.23e-03	9.98e-01	6.23e-05	0.00e+00	0.00e+00	0.00e+00	0.00e+00	0.00e+00	0.00e+00	1.99e-03	1.27e-04	1.11e-04
 1.76496e+18	2.35e-03	9.98e-01	1.52e-05	0.00e+00	0.00e+00	0.00e+00	0.00e+00	0.00e+00	0.00e+00	2.10e-03	1.34e-04	1.17e-04
 1.77268e+18	2.53e-03	9.97e-01	2.76e-06	0.00e+00	0.00e+00	0.00e+00	0.00e+00	0.00e+00	0.00e+00	2.26e-03	1.44e-04	1.25e-04
 1.78272e+18	2.79e-03	9.97e-01	3.52e-07	0.00e+00	0.00e+00	0.00e+00	0.00e+00	0.00e+00	0.00e+00	2.49e-03	1.59e-04	1.39e-04
 1.79578e+18	3.21e-03	9.97e-01	2.96e-08	0.00e+00	0.00e+00	0.00e+00	0.00e+00	0.00e+00	0.00e+00	2.87e-03	1.83e-04	1.59e-04
 1.81275e+18	3.94e-03	9.96e-01	1.81e-09	0.00e+00	0.00e+00	0.00e+00	0.00e+00	0.00e+00	0.00e+00	3.52e-03	2.24e-04	1.95e-04
 1.83082e+18	5.11e-03	9.95e-01	3.26e-10	0.00e+00	0.00e+00	0.00e+00	0.00e+00	0.00e+00	0.00e+00	4.57e-03	2.90e-04	2.54e-04
 1.84499e+18	6.61e-03	9.93e-01	1.87e-10	0.00e+00	0.00e+00	0.00e+00	0.00e+00	0.00e+00	0.00e+00	5.91e-03	3.75e-04	3.28e-04
 1.85455e+18	8.18e-03	9.92e-01	1.33e-10	0.00e+00	0.00e+00	0.00e+00	0.00e+00	0.00e+00	0.00e+00	7.31e-03	4.63e-04	4.06e-04
 1.86169e+18	9.82e-03	9.90e-01	1.02e-10	0.00e+00	0.00e+00	0.00e+00	0.00e+00	0.00e+00	0.00e+00	8.77e-03	5.55e-04	4.87e-04
 1.86823e+18	1.19e-02	9.88e-01	7.93e-11	0.00e+00	0.00e+00	0.00e+00	0.00e+00	0.00e+00	0.00e+00	1.06e-02	6.70e-04	5.89e-04
 1.87460e+18	1.47e-02	9.85e-01	6.24e-11	0.00e+00	0.00e+00	0.00e+00	0.00e+00	0.00e+00	0.00e+00	1.32e-02	8.28e-04	7.29e-04
 1.88031e+18	1.85e-02	9.81e-01	5.08e-11	0.00e+00	0.00e+00	0.00e+00	0.00e+00	0.00e+00	0.00e+00	1.66e-02	1.04e-03	9.16e-04
 1.88492e+18	2.31e-02	9.77e-01	4.35e-11	0.00e+00	0.00e+00	0.00e+00	0.00e+00	0.00e+00	0.00e+00	2.07e-02	1.29e-03	1.14e-03
 1.88856e+18	2.84e-02	9.72e-01	3.88e-11	0.00e+00	0.00e+00	0.00e+00	0.00e+00	0.00e+00	0.00e+00	2.54e-02	1.58e-03	1.40e-03
 1.89161e+18	3.47e-02	9.65e-01	3.54e-11	0.00e+00	0.00e+00	0.00e+00	0.00e+00	0.00e+00	0.00e+00	3.11e-02	1.93e-03	1.71e-03
 1.89430e+18	4.27e-02	9.57e-01	3.27e-11	0.00e+00	0.00e+00	0.00e+00	0.00e+00	0.00e+00	0.00e+00	3.82e-02	2.35e-03	2.09e-03
 1.89668e+18	5.28e-02	9.47e-01	3.04e-11	0.00e+00	0.00e+00	0.00e+00	0.00e+00	0.00e+00	0.00e+00	4.73e-02	2.89e-03	2.58e-03
 1.89873e+18	6.55e-02	9.35e-01	2.84e-11	0.00e+00	0.00e+00	0.00e+00	0.00e+00	0.00e+00	0.00e+00	5.87e-02	3.56e-03	3.18e-03
 1.90026e+18	7.88e-02	9.21e-01	2.69e-11	0.00e+00	0.00e+00	0.00e+00	0.00e+00	0.00e+00	0.00e+00	7.07e-02	4.25e-03	3.81e-03
 1.90127e+18	9.06e-02	9.09e-01	2.59e-11	0.00e+00	0.00e+00	0.00e+00	0.00e+00	0.00e+00	0.00e+00	8.14e-02	4.85e-03	4.36e-03
 1.90213e+18	1.03e-01	8.97e-01	2.49e-11	0.00e+00	0.00e+00	0.00e+00	0.00e+00	0.00e+00	0.00e+00	9.28e-02	5.48e-03	4.94e-03
 1.90311e+18	1.21e-01	8.79e-01	2.41e-11	0.00e+00	0.00e+00	0.00e+00	0.00e+00	0.00e+00	0.00e+00	1.09e-01	6.36e-03	5.75e-03
 1.90414e+18	1.46e-01	8.54e-01	2.32e-11	0.00e+00	0.00e+00	0.00e+00	0.00e+00	0.00e+00	0.00e+00	1.32e-01	7.52e-03	6.84e-03
 1.90495e+18	1.72e-01	8.28e-01	2.26e-11	0.00e+00	0.00e+00	0.00e+00	0.00e+00	0.00e+00	0.00e+00	1.55e-01	8.71e-03	7.95e-03
 1.90556e+18	1.97e-01	8.03e-01	2.21e-11	0.00e+00	0.00e+00	0.00e+00	0.00e+00	0.00e+00	0.00e+00	1.79e-01	9.82e-03	9.00e-03
 1.90612e+18	2.25e-01	7.75e-01	2.18e-11	0.00e+00	0.00e+00	0.00e+00	0.00e+00	0.00e+00	0.00e+00	2.04e-01	1.10e-02	1.01e-02
 1.90675e+18	2.64e-01	7.36e-01	2.14e-11	0.00e+00	0.00e+00	0.00e+00	0.00e+00	0.00e+00	0.00e+00	2.40e-01	1.25e-02	1.16e-02
 1.90740e+18	3.13e-01	6.87e-01	2.11e-11	0.00e+00	0.00e+00	0.00e+00	0.00e+00	0.00e+00	0.00e+00	2.86e-01	1.42e-02	1.33e-02
 1.90789e+18	3.59e-01	6.41e-01	2.08e-11	0.00e+00	0.00e+00	0.00e+00	0.00e+00	0.00e+00	0.00e+00	3.28e-01	1.57e-02	1.48e-02
 1.90821e+18	3.93e-01	6.07e-01	2.06e-11	0.00e+00	0.00e+00	0.00e+00	0.00e+00	0.00e+00	0.00e+00	3.60e-01	1.66e-02	1.57e-02
 1.90845e+18	4.19e-01	5.81e-01	2.05e-11	0.00e+00	0.00e+00	0.00e+00	0.00e+00	0.00e+00	0.00e+00	3.86e-01	1.73e-02	1.64e-02
 1.90866e+18	4.45e-01	5.55e-01	2.04e-11	0.00e+00	0.00e+00	0.00e+00	0.00e+00	0.00e+00	0.00e+00	4.10e-01	1.79e-02	1.71e-02
 1.90887e+18	4.72e-01	5.28e-01	2.01e-11	0.00e+00	0.00e+00	0.00e+00	0.00e+00	0.00e+00	0.00e+00	4.36e-01	1.84e-02	1.77e-02
 1.90907e+18	4.98e-01	5.02e-01	2.00e-11	0.00e+00	0.00e+00	0.00e+00	0.00e+00	0.00e+00	0.00e+00	4.61e-01	1.88e-02	1.82e-02
 1.90925e+18	5.22e-01	4.78e-01	1.98e-11	0.00e+00	0.00e+00	0.00e+00	0.00e+00	0.00e+00	0.00e+00	4.84e-01	1.91e-02	1.86e-02
 1.90941e+18	5.43e-01	4.57e-01	1.96e-11	0.00e+00	0.00e+00	0.00e+00	0.00e+00	0.00e+00	0.00e+00	5.05e-01	1.94e-02	1.89e-02
 1.90955e+18	5.64e-01	4.36e-01	1.94e-11	0.00e+00	0.00e+00	0.00e+00	0.00e+00	0.00e+00	0.00e+00	5.25e-01	1.95e-02	1.91e-02
 1.90969e+18	5.83e-01	4.17e-01	1.92e-11	0.00e+00	0.00e+00	0.00e+00	0.00e+00	0.00e+00	0.00e+00	5.44e-01	1.96e-02	1.93e-02
 1.90980e+18	5.99e-01	4.01e-01	1.90e-11	0.00e+00	0.00e+00	0.00e+00	0.00e+00	0.00e+00	0.00e+00	5.60e-01	1.97e-02	1.94e-02
 1.90989e+18	6.10e-01	3.90e-01	1.89e-11	0.00e+00	0.00e+00	0.00e+00	0.00e+00	0.00e+00	0.00e+00	5.71e-01	1.97e-02	1.95e-02
 1.90996e+18	6.21e-01	3.79e-01	1.87e-11	0.00e+00	0.00e+00	0.00e+00	0.00e+00	0.00e+00	0.00e+00	5.82e-01	1.97e-02	1.95e-02
 1.91004e+18	6.33e-01	3.67e-01	1.85e-11	0.00e+00	0.00e+00	0.00e+00	0.00e+00	0.00e+00	0.00e+00	5.94e-01	1.97e-02	1.96e-02
 1.91013e+18	6.45e-01	3.55e-01	1.83e-11	0.00e+00	0.00e+00	0.00e+00	0.00e+00	0.00e+00	0.00e+00	6.06e-01	1.97e-02	1.96e-02
 1.91022e+18	6.57e-01	3.43e-01	1.81e-11	0.00e+00	0.00e+00	0.00e+00	0.00e+00	0.00e+00	0.00e+00	6.18e-01	1.96e-02	1.96e-02
 1.91030e+18	6.69e-01	3.31e-01	1.79e-11	0.00e+00	0.00e+00	0.00e+00	0.00e+00	0.00e+00	0.00e+00	6.30e-01	1.96e-02	1.96e-02
 1.91038e+18	6.80e-01	3.20e-01	1.77e-11	0.00e+00	0.00e+00	0.00e+00	0.00e+00	0.00e+00	0.00e+00	6.41e-01	1.95e-02	1.95e-02
 1.91046e+18	6.91e-01	3.09e-01	1.75e-11	0.00e+00	0.00e+00	0.00e+00	0.00e+00	0.00e+00	0.00e+00	6.52e-01	1.94e-02	1.95e-02
 1.91054e+18	7.02e-01	2.98e-01	1.72e-11	0.00e+00	0.00e+00	0.00e+00	0.00e+00	0.00e+00	0.00e+00	6.64e-01	1.93e-02	1.94e-02
 1.91062e+18	7.13e-01	2.87e-01	1.70e-11	0.00e+00	0.00e+00	0.00e+00	0.00e+00	0.00e+00	0.00e+00	6.74e-01	1.92e-02	1.94e-02
 1.91070e+18	7.23e-01	2.77e-01	1.68e-11	0.00e+00	0.00e+00	0.00e+00	0.00e+00	0.00e+00	0.00e+00	6.85e-01	1.90e-02	1.93e-02
 1.91078e+18	7.34e-01	2.66e-01	1.65e-11	0.00e+00	0.00e+00	0.00e+00	0.00e+00	0.00e+00	0.00e+00	6.96e-01	1.89e-02	1.92e-02
 1.91086e+18	7.44e-01	2.56e-01	1.62e-11	0.00e+00	0.00e+00	0.00e+00	0.00e+00	0.00e+00	0.00e+00	7.06e-01	1.87e-02	1.90e-02
 1.91094e+18	7.53e-01	2.47e-01	1.60e-11	0.00e+00	0.00e+00	0.00e+00	0.00e+00	0.00e+00	0.00e+00	7.16e-01	1.86e-02	1.89e-02
 1.91102e+18	7.63e-01	2.37e-01	1.57e-11	0.00e+00	0.00e+00	0.00e+00	0.00e+00	0.00e+00	0.00e+00	7.26e-01	1.84e-02	1.88e-02
 1.91110e+18	7.72e-01	2.28e-01	1.54e-11	0.00e+00	0.00e+00	0.00e+00	0.00e+00	0.00e+00	0.00e+00	7.35e-01	1.82e-02	1.86e-02
 1.91117e+18	7.81e-01	2.19e-01	1.52e-11	0.00e+00	0.00e+00	0.00e+00	0.00e+00	0.00e+00	0.00e+00	7.45e-01	1.80e-02	1.85e-02
 1.91125e+18	7.90e-01	2.10e-01	1.49e-11	0.00e+00	0.00e+00	0.00e+00	0.00e+00	0.00e+00	0.00e+00	7.54e-01	1.78e-02	1.83e-02
 1.91133e+18	7.98e-01	2.02e-01	1.46e-11	0.00e+00	0.00e+00	0.00e+00	0.00e+00	0.00e+00	0.00e+00	7.62e-01	1.76e-02	1.81e-02
 1.91140e+18	8.06e-01	1.94e-01	1.43e-11	0.00e+00	0.00e+00	0.00e+00	0.00e+00	0.00e+00	0.00e+00	7.71e-01	1.74e-02	1.79e-02
 1.91148e+18	8.14e-01	1.86e-01	1.40e-11	0.00e+00	0.00e+00	0.00e+00	0.00e+00	0.00e+00	0.00e+00	7.79e-01	1.72e-02	1.78e-02
 1.91155e+18	8.22e-01	1.78e-01	1.37e-11	0.00e+00	0.00e+00	0.00e+00	0.00e+00	0.00e+00	0.00e+00	7.87e-01	1.70e-02	1.76e-02
 1.91163e+18	8.29e-01	1.71e-01	1.34e-11	0.00e+00	0.00e+00	0.00e+00	0.00e+00	0.00e+00	0.00e+00	7.95e-01	1.68e-02	1.74e-02
 1.91170e+18	8.36e-01	1.64e-01	1.31e-11	0.00e+00	0.00e+00	0.00e+00	0.00e+00	0.00e+00	0.00e+00	8.02e-01	1.66e-02	1.72e-02
 1.91177e+18	8.43e-01	1.57e-01	1.28e-11	0.00e+00	0.00e+00	0.00e+00	0.00e+00	0.00e+00	0.00e+00	8.09e-01	1.64e-02	1.70e-02
 1.91184e+18	8.49e-01	1.51e-01	1.25e-11	0.00e+00	0.00e+00	0.00e+00	0.00e+00	0.00e+00	0.00e+00	8.16e-01	1.62e-02	1.68e-02
 1.91191e+18	8.55e-01	1.45e-01	1.23e-11	0.00e+00	0.00e+00	0.00e+00	0.00e+00	0.00e+00	0.00e+00	8.22e-01	1.60e-02	1.66e-02
 1.91198e+18	8.61e-01	1.39e-01	1.20e-11	0.00e+00	0.00e+00	0.00e+00	0.00e+00	0.00e+00	0.00e+00	8.29e-01	1.58e-02	1.64e-02
 1.91205e+18	8.66e-01	1.34e-01	1.17e-11	0.00e+00	0.00e+00	0.00e+00	0.00e+00	0.00e+00	0.00e+00	8.35e-01	1.56e-02	1.63e-02
 1.91211e+18	8.72e-01	1.28e-01	1.14e-11	0.00e+00	0.00e+00	0.00e+00	0.00e+00	0.00e+00	0.00e+00	8.40e-01	1.54e-02	1.61e-02
 1.91218e+18	8.77e-01	1.23e-01	1.12e-11	0.00e+00	0.00e+00	0.00e+00	0.00e+00	0.00e+00	0.00e+00	8.46e-01	1.53e-02	1.59e-02
 1.91225e+18	8.82e-01	1.18e-01	1.09e-11	0.00e+00	0.00e+00	0.00e+00	0.00e+00	0.00e+00	0.00e+00	8.51e-01	1.51e-02	1.57e-02
 1.91231e+18	8.87e-01	1.13e-01	1.06e-11	0.00e+00	0.00e+00	0.00e+00	0.00e+00	0.00e+00	0.00e+00	8.56e-01	1.49e-02	1.55e-02
 1.91238e+18	8.91e-01	1.09e-01	1.04e-11	0.00e+00	0.00e+00	0.00e+00	0.00e+00	0.00e+00	0.00e+00	8.61e-01	1.47e-02	1.54e-02
 1.91244e+18	8.95e-01	1.05e-01	1.01e-11	0.00e+00	0.00e+00	0.00e+00	0.00e+00	0.00e+00	0.00e+00	8.66e-01	1.45e-02	1.52e-02
 1.91251e+18	9.00e-01	1.00e-01	9.86e-12	0.00e+00	0.00e+00	0.00e+00	0.00e+00	0.00e+00	0.00e+00	8.70e-01	1.44e-02	1.50e-02
 1.91257e+18	9.04e-01	9.63e-02	9.62e-12	0.00e+00	0.00e+00	0.00e+00	0.00e+00	0.00e+00	0.00e+00	8.75e-01	1.42e-02	1.49e-02
 1.91264e+18	9.07e-01	9.25e-02	9.38e-12	0.00e+00	0.00e+00	0.00e+00	0.00e+00	0.00e+00	0.00e+00	8.79e-01	1.41e-02	1.47e-02
 1.91270e+18	9.11e-01	8.89e-02	9.14e-12	0.00e+00	0.00e+00	0.00e+00	0.00e+00	0.00e+00	0.00e+00	8.83e-01	1.39e-02	1.46e-02
 1.91276e+18	9.15e-01	8.53e-02	8.91e-12	0.00e+00	0.00e+00	0.00e+00	0.00e+00	0.00e+00	0.00e+00	8.86e-01	1.38e-02	1.44e-02
 1.91282e+18	9.18e-01	8.20e-02	8.68e-12	0.00e+00	0.00e+00	0.00e+00	0.00e+00	0.00e+00	0.00e+00	8.90e-01	1.36e-02	1.43e-02
 1.91289e+18	9.21e-01	7.87e-02	8.45e-12	0.00e+00	0.00e+00	0.00e+00	0.00e+00	0.00e+00	0.00e+00	8.94e-01	1.35e-02	1.41e-02
 1.91295e+18	9.24e-01	7.57e-02	8.24e-12	0.00e+00	0.00e+00	0.00e+00	0.00e+00	0.00e+00	0.00e+00	8.97e-01	1.33e-02	1.40e-02
 1.91301e+18	9.27e-01	7.27e-02	8.02e-12	0.00e+00	0.00e+00	0.00e+00	0.00e+00	0.00e+00	0.00e+00	9.00e-01	1.32e-02	1.38e-02
 1.91307e+18	9.30e-01	6.98e-02	7.81e-12	0.00e+00	0.00e+00	0.00e+00	0.00e+00	0.00e+00	0.00e+00	9.03e-01	1.31e-02	1.37e-02
 1.91313e+18	9.33e-01	6.70e-02	7.60e-12	0.00e+00	0.00e+00	0.00e+00	0.00e+00	0.00e+00	0.00e+00	9.06e-01	1.29e-02	1.36e-02
 1.91319e+18	9.36e-01	6.44e-02	7.40e-12	0.00e+00	0.00e+00	0.00e+00	0.00e+00	0.00e+00	0.00e+00	9.09e-01	1.28e-02	1.35e-02
 1.91325e+18	9.38e-01	6.19e-02	7.20e-12	0.00e+00	0.00e+00	0.00e+00	0.00e+00	0.00e+00	0.00e+00	9.12e-01	1.27e-02	1.33e-02
 1.91331e+18	9.41e-01	5.95e-02	7.01e-12	0.00e+00	0.00e+00	0.00e+00	0.00e+00	0.00e+00	0.00e+00	9.15e-01	1.26e-02	1.32e-02
 1.91337e+18	9.43e-01	5.71e-02	6.82e-12	0.00e+00	0.00e+00	0.00e+00	0.00e+00	0.00e+00	0.00e+00	9.17e-01	1.25e-02	1.31e-02
 1.91343e+18	9.45e-01	5.49e-02	6.64e-12	0.00e+00	0.00e+00	0.00e+00	0.00e+00	0.00e+00	0.00e+00	9.20e-01	1.24e-02	1.30e-02
 1.91349e+18	9.47e-01	5.28e-02	6.45e-12	0.00e+00	0.00e+00	0.00e+00	0.00e+00	0.00e+00	0.00e+00	9.22e-01	1.23e-02	1.29e-02
 1.91355e+18	9.49e-01	5.07e-02	6.28e-12	0.00e+00	0.00e+00	0.00e+00	0.00e+00	0.00e+00	0.00e+00	9.24e-01	1.22e-02	1.28e-02
 1.91361e+18	9.51e-01	4.87e-02	6.10e-12	0.00e+00	0.00e+00	0.00e+00	0.00e+00	0.00e+00	0.00e+00	9.27e-01	1.21e-02	1.27e-02
 1.91367e+18	9.53e-01	4.68e-02	5.94e-12	0.00e+00	0.00e+00	0.00e+00	0.00e+00	0.00e+00	0.00e+00	9.29e-01	1.20e-02	1.26e-02
 1.91373e+18	9.55e-01	4.50e-02	5.77e-12	0.00e+00	0.00e+00	0.00e+00	0.00e+00	0.00e+00	0.00e+00	9.31e-01	1.19e-02	1.25e-02
 1.91379e+18	9.57e-01	4.32e-02	5.61e-12	0.00e+00	0.00e+00	0.00e+00	0.00e+00	0.00e+00	0.00e+00	9.33e-01	1.18e-02	1.24e-02
 1.91385e+18	9.58e-01	4.15e-02	5.46e-12	0.00e+00	0.00e+00	0.00e+00	0.00e+00	0.00e+00	0.00e+00	9.34e-01	1.17e-02	1.23e-02
 1.91391e+18	9.60e-01	3.99e-02	5.30e-12	0.00e+00	0.00e+00	0.00e+00	0.00e+00	0.00e+00	0.00e+00	9.36e-01	1.16e-02	1.22e-02
 1.91397e+18	9.62e-01	3.84e-02	5.16e-12	0.00e+00	0.00e+00	0.00e+00	0.00e+00	0.00e+00	0.00e+00	9.38e-01	1.15e-02	1.21e-02
 1.91403e+18	9.63e-01	3.69e-02	5.01e-12	0.00e+00	0.00e+00	0.00e+00	0.00e+00	0.00e+00	0.00e+00	9.40e-01	1.15e-02	1.21e-02
 1.91409e+18	9.65e-01	3.54e-02	4.87e-12	0.00e+00	0.00e+00	0.00e+00	0.00e+00	0.00e+00	0.00e+00	9.41e-01	1.14e-02	1.20e-02
 1.91415e+18	9.66e-01	3.41e-02	4.73e-12	0.00e+00	0.00e+00	0.00e+00	0.00e+00	0.00e+00	0.00e+00	9.43e-01	1.13e-02	1.19e-02
 1.91421e+18	9.67e-01	3.27e-02	4.60e-12	0.00e+00	0.00e+00	0.00e+00	0.00e+00	0.00e+00	0.00e+00	9.44e-01	1.13e-02	1.18e-02
 1.91427e+18	9.69e-01	3.15e-02	4.47e-12	0.00e+00	0.00e+00	0.00e+00	0.00e+00	0.00e+00	0.00e+00	9.46e-01	1.12e-02	1.18e-02
 1.91433e+18	9.70e-01	3.02e-02	4.34e-12	0.00e+00	0.00e+00	0.00e+00	0.00e+00	0.00e+00	0.00e+00	9.47e-01	1.11e-02	1.17e-02
 1.91439e+18	9.71e-01	2.91e-02	4.21e-12	0.00e+00	0.00e+00	0.00e+00	0.00e+00	0.00e+00	0.00e+00	9.48e-01	1.11e-02	1.16e-02
 1.91445e+18	9.72e-01	2.80e-02	4.09e-12	0.00e+00	0.00e+00	0.00e+00	0.00e+00	0.00e+00	0.00e+00	9.49e-01	1.10e-02	1.16e-02
 1.91451e+18	9.73e-01	2.69e-02	3.98e-12	0.00e+00	0.00e+00	0.00e+00	0.00e+00	0.00e+00	0.00e+00	9.51e-01	1.10e-02	1.15e-02
 1.91457e+18	9.74e-01	2.58e-02	3.86e-12	0.00e+00	0.00e+00	0.00e+00	0.00e+00	0.00e+00	0.00e+00	9.52e-01	1.09e-02	1.14e-02
 1.91463e+18	9.75e-01	2.48e-02	3.75e-12	0.00e+00	0.00e+00	0.00e+00	0.00e+00	0.00e+00	0.00e+00	9.53e-01	1.08e-02	1.14e-02
 1.91469e+18	9.76e-01	2.39e-02	3.64e-12	0.00e+00	0.00e+00	0.00e+00	0.00e+00	0.00e+00	0.00e+00	9.54e-01	1.08e-02	1.13e-02
 1.91475e+18	9.77e-01	2.30e-02	3.54e-12	0.00e+00	0.00e+00	0.00e+00	0.00e+00	0.00e+00	0.00e+00	9.55e-01	1.07e-02	1.13e-02
 1.91481e+18	9.78e-01	2.21e-02	3.44e-12	0.00e+00	0.00e+00	0.00e+00	0.00e+00	0.00e+00	0.00e+00	9.56e-01	1.07e-02	1.12e-02
 1.91487e+18	9.79e-01	2.12e-02	3.34e-12	0.00e+00	0.00e+00	0.00e+00	0.00e+00	0.00e+00	0.00e+00	9.57e-01	1.06e-02	1.12e-02
 1.91493e+18	9.80e-01	2.04e-02	3.24e-12	0.00e+00	0.00e+00	0.00e+00	0.00e+00	0.00e+00	0.00e+00	9.58e-01	1.06e-02	1.11e-02
 1.91499e+18	9.80e-01	1.96e-02	3.15e-12	0.00e+00	0.00e+00	0.00e+00	0.00e+00	0.00e+00	0.00e+00	9.59e-01	1.06e-02	1.11e-02
 1.91505e+18	9.81e-01	1.88e-02	3.05e-12	0.00e+00	0.00e+00	0.00e+00	0.00e+00	0.00e+00	0.00e+00	9.60e-01	1.05e-02	1.10e-02
 1.91511e+18	9.82e-01	1.81e-02	2.96e-12	0.00e+00	0.00e+00	0.00e+00	0.00e+00	0.00e+00	0.00e+00	9.60e-01	1.05e-02	1.10e-02
 1.91518e+18	9.83e-01	1.74e-02	2.88e-12	0.00e+00	0.00e+00	0.00e+00	0.00e+00	0.00e+00	0.00e+00	9.61e-01	1.04e-02	1.10e-02
 1.91524e+18	9.83e-01	1.68e-02	2.79e-12	0.00e+00	0.00e+00	0.00e+00	0.00e+00	0.00e+00	0.00e+00	9.62e-01	1.04e-02	1.09e-02
 1.91530e+18	9.84e-01	1.61e-02	2.71e-12	0.00e+00	0.00e+00	0.00e+00	0.00e+00	0.00e+00	0.00e+00	9.63e-01	1.04e-02	1.09e-02
 1.91536e+18	9.85e-01	1.55e-02	2.63e-12	0.00e+00	0.00e+00	0.00e+00	0.00e+00	0.00e+00	0.00e+00	9.63e-01	1.03e-02	1.09e-02
 1.91543e+18	9.85e-01	1.49e-02	2.56e-12	0.00e+00	0.00e+00	0.00e+00	0.00e+00	0.00e+00	0.00e+00	9.64e-01	1.03e-02	1.08e-02
 1.91549e+18	9.86e-01	1.43e-02	2.48e-12	0.00e+00	0.00e+00	0.00e+00	0.00e+00	0.00e+00	0.00e+00	9.65e-01	1.03e-02	1.08e-02
 1.91556e+18	9.86e-01	1.38e-02	2.41e-12	0.00e+00	0.00e+00	0.00e+00	0.00e+00	0.00e+00	0.00e+00	9.65e-01	1.02e-02	1.07e-02
 1.91562e+18	9.87e-01	1.33e-02	2.34e-12	0.00e+00	0.00e+00	0.00e+00	0.00e+00	0.00e+00	0.00e+00	9.66e-01	1.02e-02	1.07e-02
 1.91569e+18	9.87e-01	1.27e-02	2.27e-12	0.00e+00	0.00e+00	0.00e+00	0.00e+00	0.00e+00	0.00e+00	9.66e-01	1.02e-02	1.07e-02
 1.91576e+18	9.88e-01	1.23e-02	2.20e-12	0.00e+00	0.00e+00	0.00e+00	0.00e+00	0.00e+00	0.00e+00	9.67e-01	1.02e-02	1.06e-02
 1.91583e+18	9.88e-01	1.18e-02	2.14e-12	0.00e+00	0.00e+00	0.00e+00	0.00e+00	0.00e+00	0.00e+00	9.67e-01	1.01e-02	1.06e-02
 1.91590e+18	9.89e-01	1.13e-02	2.08e-12	0.00e+00	0.00e+00	0.00e+00	0.00e+00	0.00e+00	0.00e+00	9.68e-01	1.01e-02	1.06e-02
 1.91597e+18	9.89e-01	1.09e-02	2.02e-12	0.00e+00	0.00e+00	0.00e+00	0.00e+00	0.00e+00	0.00e+00	9.68e-01	1.01e-02	1.06e-02
 1.91604e+18	9.90e-01	1.05e-02	1.96e-12	0.00e+00	0.00e+00	0.00e+00	0.00e+00	0.00e+00	0.00e+00	9.69e-01	1.00e-02	1.05e-02
 1.91611e+18	9.90e-01	1.01e-02	1.90e-12	0.00e+00	0.00e+00	0.00e+00	0.00e+00	0.00e+00	0.00e+00	9.69e-01	1.00e-02	1.05e-02
 1.91619e+18	9.90e-01	9.72e-03	1.85e-12	0.00e+00	0.00e+00	0.00e+00	0.00e+00	0.00e+00	0.00e+00	9.70e-01	1.00e-02	1.05e-02
 1.91626e+18	9.91e-01	9.35e-03	1.79e-12	0.00e+00	0.00e+00	0.00e+00	0.00e+00	0.00e+00	0.00e+00	9.70e-01	9.98e-03	1.05e-02
 1.91634e+18	9.91e-01	9.00e-03	1.74e-12	0.00e+00	0.00e+00	0.00e+00	0.00e+00	0.00e+00	0.00e+00	9.71e-01	9.96e-03	1.04e-02
 1.91642e+18	9.91e-01	8.66e-03	1.69e-12	0.00e+00	0.00e+00	0.00e+00	0.00e+00	0.00e+00	0.00e+00	9.71e-01	9.94e-03	1.04e-02
 1.91651e+18	9.92e-01	8.34e-03	1.64e-12	0.00e+00	0.00e+00	0.00e+00	0.00e+00	0.00e+00	0.00e+00	9.71e-01	9.92e-03	1.04e-02
 1.91659e+18	9.92e-01	8.03e-03	1.60e-12	0.00e+00	0.00e+00	0.00e+00	0.00e+00	0.00e+00	0.00e+00	9.72e-01	9.90e-03	1.04e-02
 1.91668e+18	9.92e-01	7.73e-03	1.55e-12	0.00e+00	0.00e+00	0.00e+00	0.00e+00	0.00e+00	0.00e+00	9.72e-01	9.88e-03	1.03e-02
 1.91678e+18	9.93e-01	7.44e-03	1.51e-12	0.00e+00	0.00e+00	0.00e+00	0.00e+00	0.00e+00	0.00e+00	9.72e-01	9.87e-03	1.03e-02
 1.91687e+18	9.93e-01	7.17e-03	1.46e-12	0.00e+00	0.00e+00	0.00e+00	0.00e+00	0.00e+00	0.00e+00	9.73e-01	9.85e-03	1.03e-02
 1.91698e+18	9.93e-01	6.91e-03	1.42e-12	0.00e+00	0.00e+00	0.00e+00	0.00e+00	0.00e+00	0.00e+00	9.73e-01	9.83e-03	1.03e-02
 1.91709e+18	9.93e-01	6.66e-03	1.38e-12	0.00e+00	0.00e+00	0.00e+00	0.00e+00	0.00e+00	0.00e+00	9.73e-01	9.82e-03	1.03e-02
 1.91720e+18	9.94e-01	6.42e-03	1.35e-12	0.00e+00	0.00e+00	0.00e+00	0.00e+00	0.00e+00	0.00e+00	9.74e-01	9.80e-03	1.03e-02
 1.91733e+18	9.94e-01	6.19e-03	1.31e-12	0.00e+00	0.00e+00	0.00e+00	0.00e+00	0.00e+00	0.00e+00	9.74e-01	9.79e-03	1.02e-02
 1.91747e+18	9.94e-01	5.97e-03	1.28e-12	0.00e+00	0.00e+00	0.00e+00	0.00e+00	0.00e+00	0.00e+00	9.74e-01	9.77e-03	1.02e-02
 1.91762e+18	9.94e-01	5.76e-03	1.24e-12	0.00e+00	0.00e+00	0.00e+00	0.00e+00	0.00e+00	0.00e+00	9.74e-01	9.76e-03	1.02e-02
 1.91778e+18	9.94e-01	5.57e-03	1.21e-12	0.00e+00	0.00e+00	0.00e+00	0.00e+00	0.00e+00	0.00e+00	9.75e-01	9.74e-03	1.02e-02
 1.91797e+18	9.95e-01	5.38e-03	1.18e-12	0.00e+00	0.00e+00	0.00e+00	0.00e+00	0.00e+00	0.00e+00	9.75e-01	9.73e-03	1.02e-02
 1.91819e+18	9.95e-01	5.21e-03	1.15e-12	0.00e+00	0.00e+00	0.00e+00	0.00e+00	0.00e+00	0.00e+00	9.75e-01	9.71e-03	1.02e-02
 1.91843e+18	9.95e-01	5.06e-03	1.13e-12	0.00e+00	0.00e+00	0.00e+00	0.00e+00	0.00e+00	0.00e+00	9.75e-01	9.70e-03	1.01e-02
 1.91867e+18	9.95e-01	4.95e-03	1.11e-12	0.00e+00	0.00e+00	0.00e+00	0.00e+00	0.00e+00	0.00e+00	9.75e-01	9.69e-03	1.01e-02
 1.91891e+18	9.95e-01	4.84e-03	1.10e-12	0.00e+00	0.00e+00	0.00e+00	0.00e+00	0.00e+00	0.00e+00	9.75e-01	9.68e-03	1.01e-02
 1.91915e+18	9.95e-01	4.77e-03	1.09e-12	0.00e+00	0.00e+00	0.00e+00	0.00e+00	0.00e+00	0.00e+00	9.75e-01	9.67e-03	1.01e-02
 1.91940e+18	9.95e-01	4.70e-03	1.07e-12	0.00e+00	0.00e+00	0.00e+00	0.00e+00	0.00e+00	0.00e+00	9.76e-01	9.67e-03	1.01e-02
 1.91964e+18	9.95e-01	4.65e-03	1.07e-12	0.00e+00	0.00e+00	0.00e+00	0.00e+00	0.00e+00	0.00e+00	9.76e-01	9.66e-03	1.01e-02
 1.91988e+18	9.95e-01	4.61e-03	1.06e-12	0.00e+00	0.00e+00	0.00e+00	0.00e+00	0.00e+00	0.00e+00	9.76e-01	9.66e-03	1.01e-02
 1.92012e+18	9.95e-01	4.57e-03	1.05e-12	0.00e+00	0.00e+00	0.00e+00	0.00e+00	0.00e+00	0.00e+00	9.76e-01	9.65e-03	1.01e-02
 1.92037e+18	9.95e-01	4.53e-03	1.05e-12	0.00e+00	0.00e+00	0.00e+00	0.00e+00	0.00e+00	0.00e+00	9.76e-01	9.65e-03	1.01e-02
 1.92061e+18	9.96e-01	4.50e-03	1.04e-12	0.00e+00	0.00e+00	0.00e+00	0.00e+00	0.00e+00	0.00e+00	9.76e-01	9.64e-03	1.01e-02
 1.92085e+18	9.96e-01	4.47e-03	1.04e-12	0.00e+00	0.00e+00	0.00e+00	0.00e+00	0.00e+00	0.00e+00	9.76e-01	9.64e-03	1.01e-02
 1.92109e+18	9.96e-01	4.44e-03	1.03e-12	0.00e+00	0.00e+00	0.00e+00	0.00e+00	0.00e+00	0.00e+00	9.76e-01	9.64e-03	1.01e-02
 1.92134e+18	9.96e-01	4.42e-03	1.03e-12	0.00e+00	0.00e+00	0.00e+00	0.00e+00	0.00e+00	0.00e+00	9.76e-01	9.63e-03	1.01e-02
 1.92158e+18	9.96e-01	4.39e-03	1.02e-12	0.00e+00	0.00e+00	0.00e+00	0.00e+00	0.00e+00	0.00e+00	9.76e-01	9.63e-03	1.01e-02
 1.92182e+18	9.96e-01	4.37e-03	1.02e-12	0.00e+00	0.00e+00	0.00e+00	0.00e+00	0.00e+00	0.00e+00	9.76e-01	9.63e-03	1.01e-02
 1.92206e+18	9.96e-01	4.35e-03	1.01e-12	0.00e+00	0.00e+00	0.00e+00	0.00e+00	0.00e+00	0.00e+00	9.76e-01	9.62e-03	1.00e-02
 1.92230e+18	9.96e-01	4.33e-03	1.01e-12	0.00e+00	0.00e+00	0.00e+00	0.00e+00	0.00e+00	0.00e+00	9.76e-01	9.62e-03	1.00e-02
 1.92255e+18	9.96e-01	4.31e-03	1.01e-12	0.00e+00	0.00e+00	0.00e+00	0.00e+00	0.00e+00	0.00e+00	9.76e-01	9.62e-03	1.00e-02
 1.92279e+18	9.96e-01	4.29e-03	1.00e-12	0.00e+00	0.00e+00	0.00e+00	0.00e+00	0.00e+00	0.00e+00	9.76e-01	9.61e-03	1.00e-02
 1.92303e+18	9.96e-01	4.27e-03	9.99e-13	0.00e+00	0.00e+00	0.00e+00	0.00e+00	0.00e+00	0.00e+00	9.76e-01	9.61e-03	1.00e-02
 1.92327e+18	9.96e-01	4.25e-03	9.95e-13	0.00e+00	0.00e+00	0.00e+00	0.00e+00	0.00e+00	0.00e+00	9.76e-01	9.61e-03	1.00e-02
 1.92352e+18	9.96e-01	4.23e-03	9.92e-13	0.00e+00	0.00e+00	0.00e+00	0.00e+00	0.00e+00	0.00e+00	9.76e-01	9.60e-03	1.00e-02
 1.92376e+18	9.96e-01	4.22e-03	9.89e-13	0.00e+00	0.00e+00	0.00e+00	0.00e+00	0.00e+00	0.00e+00	9.76e-01	9.60e-03	1.00e-02
 1.92400e+18	9.96e-01	4.19e-03	9.85e-13	0.00e+00	0.00e+00	0.00e+00	0.00e+00	0.00e+00	0.00e+00	9.76e-01	9.60e-03	1.00e-02
 1.92424e+18	9.96e-01	4.18e-03	9.83e-13	0.00e+00	0.00e+00	0.00e+00	0.00e+00	0.00e+00	0.00e+00	9.76e-01	9.59e-03	1.00e-02
 1.92448e+18	9.96e-01	4.16e-03	9.80e-13	0.00e+00	0.00e+00	0.00e+00	0.00e+00	0.00e+00	0.00e+00	9.76e-01	9.59e-03	1.00e-02
 1.92473e+18	9.96e-01	4.14e-03	9.76e-13	0.00e+00	0.00e+00	0.00e+00	0.00e+00	0.00e+00	0.00e+00	9.76e-01	9.59e-03	1.00e-02
 1.92497e+18	9.96e-01	4.13e-03	9.73e-13	0.00e+00	0.00e+00	0.00e+00	0.00e+00	0.00e+00	0.00e+00	9.76e-01	9.58e-03	1.00e-02
 1.92521e+18	9.96e-01	4.12e-03	9.71e-13	0.00e+00	0.00e+00	0.00e+00	0.00e+00	0.00e+00	0.00e+00	9.76e-01	9.58e-03	1.00e-02
 1.92545e+18	9.96e-01	4.10e-03	9.67e-13	0.00e+00	0.00e+00	0.00e+00	0.00e+00	0.00e+00	0.00e+00	9.76e-01	9.58e-03	1.00e-02
 1.92569e+18	9.96e-01	4.08e-03	9.64e-13	0.00e+00	0.00e+00	0.00e+00	0.00e+00	0.00e+00	0.00e+00	9.76e-01	9.57e-03	9.99e-03
 1.92594e+18	9.96e-01	4.07e-03	9.61e-13	0.00e+00	0.00e+00	0.00e+00	0.00e+00	0.00e+00	0.00e+00	9.76e-01	9.57e-03	9.99e-03
 1.92618e+18	9.96e-01	4.05e-03	9.59e-13	0.00e+00	0.00e+00	0.00e+00	0.00e+00	0.00e+00	0.00e+00	9.76e-01	9.57e-03	9.99e-03
 1.92642e+18	9.96e-01	4.04e-03	9.56e-13	0.00e+00	0.00e+00	0.00e+00	0.00e+00	0.00e+00	0.00e+00	9.76e-01	9.57e-03	9.98e-03
 1.92666e+18	9.96e-01	4.03e-03	9.54e-13	0.00e+00	0.00e+00	0.00e+00	0.00e+00	0.00e+00	0.00e+00	9.76e-01	9.56e-03	9.98e-03
 1.92691e+18	9.96e-01	4.01e-03	9.50e-13	0.00e+00	0.00e+00	0.00e+00	0.00e+00	0.00e+00	0.00e+00	9.76e-01	9.56e-03	9.98e-03
 1.92715e+18	9.96e-01	4.00e-03	9.48e-13	0.00e+00	0.00e+00	0.00e+00	0.00e+00	0.00e+00	0.00e+00	9.76e-01	9.56e-03	9.97e-03
 1.92739e+18	9.96e-01	3.98e-03	9.46e-13	0.00e+00	0.00e+00	0.00e+00	0.00e+00	0.00e+00	0.00e+00	9.76e-01	9.55e-03	9.97e-03
 1.92763e+18	9.96e-01	3.97e-03	9.43e-13	0.00e+00	0.00e+00	0.00e+00	0.00e+00	0.00e+00	0.00e+00	9.77e-01	9.55e-03	9.97e-03
 1.92787e+18	9.96e-01	3.95e-03	9.40e-13	0.00e+00	0.00e+00	0.00e+00	0.00e+00	0.00e+00	0.00e+00	9.77e-01	9.55e-03	9.96e-03
 1.92812e+18	9.96e-01	3.94e-03	9.38e-13	0.00e+00	0.00e+00	0.00e+00	0.00e+00	0.00e+00	0.00e+00	9.77e-01	9.54e-03	9.96e-03
 1.92836e+18	9.96e-01	3.93e-03	9.36e-13	0.00e+00	0.00e+00	0.00e+00	0.00e+00	0.00e+00	0.00e+00	9.77e-01	9.54e-03	9.95e-03
 1.92860e+18	9.96e-01	3.92e-03	9.34e-13	0.00e+00	0.00e+00	0.00e+00	0.00e+00	0.00e+00	0.00e+00	9.77e-01	9.54e-03	9.95e-03
 1.92884e+18	9.96e-01	3.90e-03	9.31e-13	0.00e+00	0.00e+00	0.00e+00	0.00e+00	0.00e+00	0.00e+00	9.77e-01	9.53e-03	9.95e-03
 1.92908e+18	9.96e-01	3.90e-03	9.29e-13	0.00e+00	0.00e+00	0.00e+00	0.00e+00	0.00e+00	0.00e+00	9.77e-01	9.53e-03	9.94e-03
 1.92933e+18	9.96e-01	3.88e-03	9.26e-13	0.00e+00	0.00e+00	0.00e+00	0.00e+00	0.00e+00	0.00e+00	9.77e-01	9.53e-03	9.94e-03
 1.92957e+18	9.96e-01	3.87e-03	9.24e-13	0.00e+00	0.00e+00	0.00e+00	0.00e+00	0.00e+00	0.00e+00	9.77e-01	9.52e-03	9.94e-03
 1.92981e+18	9.96e-01	3.86e-03	9.22e-13	0.00e+00	0.00e+00	0.00e+00	0.00e+00	0.00e+00	0.00e+00	9.77e-01	9.52e-03	9.93e-03
 1.93005e+18	9.96e-01	3.85e-03	9.20e-13	0.00e+00	0.00e+00	0.00e+00	0.00e+00	0.00e+00	0.00e+00	9.77e-01	9.52e-03	9.93e-03
 1.93029e+18	9.96e-01	3.84e-03	9.18e-13	0.00e+00	0.00e+00	0.00e+00	0.00e+00	0.00e+00	0.00e+00	9.77e-01	9.51e-03	9.92e-03
 1.93054e+18	9.96e-01	3.83e-03	9.16e-13	0.00e+00	0.00e+00	0.00e+00	0.00e+00	0.00e+00	0.00e+00	9.77e-01	9.51e-03	9.92e-03
