#depth	O	O+	O+2	O+3	O+4	O+5	O+6	O+7	O+8	O[1]	O[2]	O[3]
 7.03227e+11	5.59e-09	2.38e-03	8.51e-01	1.46e-01	3.54e-06	0.00e+00	0.00e+00	0.00e+00	0.00e+00	3.36e-09	1.63e-09	5.92e-10
 4.21936e+12	5.58e-09	2.38e-03	8.52e-01	1.46e-01	3.52e-06	0.00e+00	0.00e+00	0.00e+00	0.00e+00	3.36e-09	1.63e-09	5.91e-10
 1.82839e+13	5.60e-09	2.38e-03	8.53e-01	1.44e-01	3.45e-06	0.00e+00	0.00e+00	0.00e+00	0.00e+00	3.37e-09	1.63e-09	5.93e-10
 7.45420e+13	5.67e-09	2.41e-03	8.61e-01	1.37e-01	3.20e-06	0.00e+00	0.00e+00	0.00e+00	0.00e+00	3.41e-09	1.65e-09	6.00e-10
 1.78057e+14	5.77e-09	2.44e-03	8.70e-01	1.27e-01	2.84e-06	0.00e+00	0.00e+00	0.00e+00	0.00e+00	3.47e-09	1.68e-09	6.11e-10
 3.12626e+14	5.90e-09	2.49e-03	8.82e-01	1.16e-01	2.43e-06	0.00e+00	0.00e+00	0.00e+00	0.00e+00	3.55e-09	1.72e-09	6.24e-10
 4.87567e+14	6.07e-09	2.54e-03	8.97e-01	1.01e-01	1.96e-06	0.00e+00	0.00e+00	0.00e+00	0.00e+00	3.65e-09	1.77e-09	6.42e-10
 7.14989e+14	6.28e-09	2.61e-03	9.14e-01	8.34e-02	1.46e-06	0.00e+00	0.00e+00	0.00e+00	0.00e+00	3.78e-09	1.83e-09	6.65e-10
 1.01064e+15	6.56e-09	2.69e-03	9.34e-01	6.37e-02	9.75e-07	0.00e+00	0.00e+00	0.00e+00	0.00e+00	3.95e-09	1.91e-09	6.95e-10
 1.39498e+15	6.92e-09	2.79e-03	9.54e-01	4.34e-02	5.51e-07	0.00e+00	0.00e+00	0.00e+00	0.00e+00	4.17e-09	2.01e-09	7.32e-10
 1.89463e+15	7.32e-09	2.90e-03	9.72e-01	2.53e-02	2.48e-07	0.00e+00	0.00e+00	0.00e+00	0.00e+00	4.42e-09	2.12e-09	7.74e-10
 2.54417e+15	7.80e-09	3.02e-03	9.85e-01	1.19e-02	0.00e+00	0.00e+00	0.00e+00	0.00e+00	0.00e+00	4.71e-09	2.26e-09	8.24e-10
 3.38857e+15	8.38e-09	3.14e-03	9.92e-01	4.42e-03	0.00e+00	0.00e+00	0.00e+00	0.00e+00	0.00e+00	5.07e-09	2.42e-09	8.85e-10
 4.48630e+15	9.13e-09	3.28e-03	9.95e-01	1.28e-03	0.00e+00	0.00e+00	0.00e+00	0.00e+00	0.00e+00	5.54e-09	2.62e-09	9.63e-10
 5.91334e+15	1.02e-08	3.46e-03	9.96e-01	3.41e-04	0.00e+00	0.00e+00	0.00e+00	0.00e+00	0.00e+00	6.17e-09	2.90e-09	1.07e-09
 7.76849e+15	1.16e-08	3.69e-03	9.96e-01	1.34e-04	0.00e+00	0.00e+00	0.00e+00	0.00e+00	0.00e+00	7.07e-09	3.29e-09	1.22e-09
 9.99347e+15	1.35e-08	3.98e-03	9.96e-01	9.66e-05	0.00e+00	0.00e+00	0.00e+00	0.00e+00	0.00e+00	8.27e-09	3.80e-09	1.42e-09
 1.23933e+16	1.58e-08	4.30e-03	9.96e-01	8.57e-05	0.00e+00	0.00e+00	0.00e+00	0.00e+00	0.00e+00	9.74e-09	4.42e-09	1.66e-09
 1.48892e+16	1.86e-08	4.64e-03	9.95e-01	7.83e-05	0.00e+00	0.00e+00	0.00e+00	0.00e+00	0.00e+00	1.15e-08	5.15e-09	1.94e-09
 1.74849e+16	2.18e-08	5.02e-03	9.95e-01	7.20e-05	0.00e+00	0.00e+00	0.00e+00	0.00e+00	0.00e+00	1.35e-08	5.99e-09	2.27e-09
 1.97486e+16	2.49e-08	5.36e-03	9.95e-01	6.71e-05	0.00e+00	0.00e+00	0.00e+00	0.00e+00	0.00e+00	1.55e-08	6.79e-09	2.59e-09
 2.17235e+16	2.79e-08	5.66e-03	9.94e-01	6.32e-05	0.00e+00	0.00e+00	0.00e+00	0.00e+00	0.00e+00	1.74e-08	7.58e-09	2.90e-09
 2.38958e+16	3.16e-08	6.01e-03	9.94e-01	5.93e-05	0.00e+00	0.00e+00	0.00e+00	0.00e+00	0.00e+00	1.98e-08	8.51e-09	3.27e-09
 2.62854e+16	3.60e-08	6.41e-03	9.94e-01	5.54e-05	0.00e+00	0.00e+00	0.00e+00	0.00e+00	0.00e+00	2.26e-08	9.64e-09	3.72e-09
 2.89140e+16	4.14e-08	6.86e-03	9.93e-01	5.15e-05	0.00e+00	0.00e+00	0.00e+00	0.00e+00	0.00e+00	2.61e-08	1.10e-08	4.27e-09
 3.18054e+16	4.81e-08	7.38e-03	9.93e-01	4.76e-05	0.00e+00	0.00e+00	0.00e+00	0.00e+00	0.00e+00	3.04e-08	1.27e-08	4.95e-09
 3.49859e+16	5.64e-08	7.98e-03	9.92e-01	4.38e-05	0.00e+00	0.00e+00	0.00e+00	0.00e+00	0.00e+00	3.58e-08	1.47e-08	5.79e-09
 3.83850e+16	6.64e-08	8.64e-03	9.91e-01	4.02e-05	0.00e+00	0.00e+00	0.00e+00	0.00e+00	0.00e+00	4.23e-08	1.72e-08	6.80e-09
 4.19206e+16	7.82e-08	9.36e-03	9.91e-01	3.69e-05	0.00e+00	0.00e+00	0.00e+00	0.00e+00	0.00e+00	5.00e-08	2.01e-08	8.00e-09
 4.55975e+16	9.23e-08	1.01e-02	9.90e-01	3.38e-05	0.00e+00	0.00e+00	0.00e+00	0.00e+00	0.00e+00	5.92e-08	2.35e-08	9.43e-09
 4.94216e+16	1.09e-07	1.10e-02	9.89e-01	3.10e-05	0.00e+00	0.00e+00	0.00e+00	0.00e+00	0.00e+00	7.01e-08	2.76e-08	1.11e-08
 5.33986e+16	1.29e-07	1.19e-02	9.88e-01	2.84e-05	0.00e+00	0.00e+00	0.00e+00	0.00e+00	0.00e+00	8.30e-08	3.23e-08	1.31e-08
 5.75346e+16	1.52e-07	1.29e-02	9.87e-01	2.60e-05	0.00e+00	0.00e+00	0.00e+00	0.00e+00	0.00e+00	9.84e-08	3.79e-08	1.55e-08
 6.18362e+16	1.80e-07	1.41e-02	9.86e-01	2.38e-05	0.00e+00	0.00e+00	0.00e+00	0.00e+00	0.00e+00	1.17e-07	4.45e-08	1.83e-08
 6.63097e+16	2.13e-07	1.53e-02	9.85e-01	2.18e-05	0.00e+00	0.00e+00	0.00e+00	0.00e+00	0.00e+00	1.39e-07	5.23e-08	2.16e-08
 7.09623e+16	2.52e-07	1.66e-02	9.83e-01	1.99e-05	0.00e+00	0.00e+00	0.00e+00	0.00e+00	0.00e+00	1.65e-07	6.16e-08	2.56e-08
 7.58009e+16	2.99e-07	1.80e-02	9.82e-01	1.81e-05	0.00e+00	0.00e+00	0.00e+00	0.00e+00	0.00e+00	1.96e-07	7.26e-08	3.04e-08
 8.08331e+16	3.56e-07	1.96e-02	9.80e-01	1.66e-05	0.00e+00	0.00e+00	0.00e+00	0.00e+00	0.00e+00	2.33e-07	8.58e-08	3.61e-08
 8.60665e+16	4.23e-07	2.13e-02	9.79e-01	1.51e-05	0.00e+00	0.00e+00	0.00e+00	0.00e+00	0.00e+00	2.78e-07	1.01e-07	4.30e-08
 9.15093e+16	5.04e-07	2.32e-02	9.77e-01	1.37e-05	0.00e+00	0.00e+00	0.00e+00	0.00e+00	0.00e+00	3.32e-07	1.20e-07	5.13e-08
 9.71698e+16	6.01e-07	2.53e-02	9.75e-01	1.25e-05	0.00e+00	0.00e+00	0.00e+00	0.00e+00	0.00e+00	3.97e-07	1.43e-07	6.12e-08
 1.03057e+17	7.19e-07	2.76e-02	9.72e-01	1.13e-05	0.00e+00	0.00e+00	0.00e+00	0.00e+00	0.00e+00	4.76e-07	1.70e-07	7.32e-08
 1.09179e+17	8.60e-07	3.02e-02	9.70e-01	1.03e-05	0.00e+00	0.00e+00	0.00e+00	0.00e+00	0.00e+00	5.70e-07	2.02e-07	8.76e-08
 1.15546e+17	1.03e-06	3.30e-02	9.67e-01	9.33e-06	0.00e+00	0.00e+00	0.00e+00	0.00e+00	0.00e+00	6.86e-07	2.41e-07	1.05e-07
 1.22168e+17	1.24e-06	3.61e-02	9.64e-01	8.42e-06	0.00e+00	0.00e+00	0.00e+00	0.00e+00	0.00e+00	8.27e-07	2.89e-07	1.27e-07
 1.29055e+17	1.50e-06	3.95e-02	9.60e-01	7.60e-06	0.00e+00	0.00e+00	0.00e+00	0.00e+00	0.00e+00	9.99e-07	3.47e-07	1.53e-07
 1.36218e+17	1.82e-06	4.33e-02	9.57e-01	6.85e-06	0.00e+00	0.00e+00	0.00e+00	0.00e+00	0.00e+00	1.21e-06	4.17e-07	1.85e-07
 1.43667e+17	2.21e-06	4.76e-02	9.52e-01	6.16e-06	0.00e+00	0.00e+00	0.00e+00	0.00e+00	0.00e+00	1.47e-06	5.05e-07	2.25e-07
 1.51413e+17	2.69e-06	5.24e-02	9.48e-01	5.53e-06	0.00e+00	0.00e+00	0.00e+00	0.00e+00	0.00e+00	1.80e-06	6.13e-07	2.74e-07
 1.59470e+17	3.30e-06	5.78e-02	9.42e-01	4.94e-06	0.00e+00	0.00e+00	0.00e+00	0.00e+00	0.00e+00	2.21e-06	7.48e-07	3.36e-07
 1.67849e+17	4.07e-06	6.38e-02	9.36e-01	4.41e-06	0.00e+00	0.00e+00	0.00e+00	0.00e+00	0.00e+00	2.73e-06	9.18e-07	4.13e-07
 1.76563e+17	5.05e-06	7.08e-02	9.29e-01	3.92e-06	0.00e+00	0.00e+00	0.00e+00	0.00e+00	0.00e+00	3.40e-06	1.14e-06	5.13e-07
 1.85626e+17	6.31e-06	7.86e-02	9.21e-01	3.47e-06	0.00e+00	0.00e+00	0.00e+00	0.00e+00	0.00e+00	4.26e-06	1.41e-06	6.39e-07
 1.95051e+17	7.98e-06	8.79e-02	9.12e-01	3.07e-06	0.00e+00	0.00e+00	0.00e+00	0.00e+00	0.00e+00	5.39e-06	1.78e-06	8.06e-07
 2.04853e+17	1.02e-05	9.85e-02	9.01e-01	2.70e-06	0.00e+00	0.00e+00	0.00e+00	0.00e+00	0.00e+00	6.89e-06	2.26e-06	1.03e-06
 2.15047e+17	1.32e-05	1.11e-01	8.89e-01	2.34e-06	0.00e+00	0.00e+00	0.00e+00	0.00e+00	0.00e+00	8.93e-06	2.91e-06	1.32e-06
 2.25401e+17	1.72e-05	1.26e-01	8.74e-01	2.03e-06	0.00e+00	0.00e+00	0.00e+00	0.00e+00	0.00e+00	1.17e-05	3.80e-06	1.73e-06
 2.35257e+17	2.25e-05	1.43e-01	8.57e-01	1.77e-06	0.00e+00	0.00e+00	0.00e+00	0.00e+00	0.00e+00	1.53e-05	4.93e-06	2.24e-06
 2.44119e+17	2.88e-05	1.60e-01	8.40e-01	1.55e-06	0.00e+00	0.00e+00	0.00e+00	0.00e+00	0.00e+00	1.96e-05	6.31e-06	2.87e-06
 2.51511e+17	3.59e-05	1.77e-01	8.23e-01	1.38e-06	0.00e+00	0.00e+00	0.00e+00	0.00e+00	0.00e+00	2.44e-05	7.85e-06	3.57e-06
 2.57647e+17	4.34e-05	1.93e-01	8.07e-01	1.25e-06	0.00e+00	0.00e+00	0.00e+00	0.00e+00	0.00e+00	2.95e-05	9.47e-06	4.31e-06
 2.64331e+17	5.42e-05	2.15e-01	7.85e-01	1.10e-06	0.00e+00	0.00e+00	0.00e+00	0.00e+00	0.00e+00	3.69e-05	1.18e-05	5.37e-06
 2.71492e+17	6.96e-05	2.41e-01	7.59e-01	9.59e-07	0.00e+00	0.00e+00	0.00e+00	0.00e+00	0.00e+00	4.75e-05	1.52e-05	6.89e-06
 2.77544e+17	8.76e-05	2.69e-01	7.31e-01	8.39e-07	0.00e+00	0.00e+00	0.00e+00	0.00e+00	0.00e+00	5.98e-05	1.91e-05	8.67e-06
 2.82561e+17	1.08e-04	2.97e-01	7.02e-01	7.35e-07	0.00e+00	0.00e+00	0.00e+00	0.00e+00	0.00e+00	7.37e-05	2.35e-05	1.07e-05
 2.87251e+17	1.33e-04	3.30e-01	6.70e-01	6.38e-07	0.00e+00	0.00e+00	0.00e+00	0.00e+00	0.00e+00	9.09e-05	2.89e-05	1.31e-05
 2.91288e+17	1.62e-04	3.63e-01	6.36e-01	5.51e-07	0.00e+00	0.00e+00	0.00e+00	0.00e+00	0.00e+00	1.10e-04	3.51e-05	1.59e-05
 2.94188e+17	1.89e-04	3.93e-01	6.07e-01	4.85e-07	0.00e+00	0.00e+00	0.00e+00	0.00e+00	0.00e+00	1.29e-04	4.10e-05	1.86e-05
 2.96433e+17	2.14e-04	4.20e-01	5.80e-01	4.33e-07	0.00e+00	0.00e+00	0.00e+00	0.00e+00	0.00e+00	1.46e-04	4.64e-05	2.11e-05
 2.98510e+17	2.43e-04	4.49e-01	5.51e-01	3.82e-07	0.00e+00	0.00e+00	0.00e+00	0.00e+00	0.00e+00	1.66e-04	5.27e-05	2.39e-05
 3.00540e+17	2.76e-04	4.81e-01	5.18e-01	3.33e-07	0.00e+00	0.00e+00	0.00e+00	0.00e+00	0.00e+00	1.89e-04	5.99e-05	2.72e-05
 3.02388e+17	3.13e-04	5.16e-01	4.84e-01	2.86e-07	0.00e+00	0.00e+00	0.00e+00	0.00e+00	0.00e+00	2.14e-04	6.78e-05	3.08e-05
 3.03930e+17	3.50e-04	5.50e-01	4.50e-01	2.45e-07	0.00e+00	0.00e+00	0.00e+00	0.00e+00	0.00e+00	2.39e-04	7.58e-05	3.44e-05
 3.05188e+17	3.85e-04	5.82e-01	4.18e-01	2.10e-07	0.00e+00	0.00e+00	0.00e+00	0.00e+00	0.00e+00	2.63e-04	8.34e-05	3.78e-05
 3.06266e+17	4.21e-04	6.14e-01	3.86e-01	1.79e-07	0.00e+00	0.00e+00	0.00e+00	0.00e+00	0.00e+00	2.88e-04	9.13e-05	4.14e-05
 3.07232e+17	4.58e-04	6.46e-01	3.54e-01	1.51e-07	0.00e+00	0.00e+00	0.00e+00	0.00e+00	0.00e+00	3.13e-04	9.91e-05	4.50e-05
 3.08103e+17	4.95e-04	6.78e-01	3.21e-01	0.00e+00	0.00e+00	0.00e+00	0.00e+00	0.00e+00	0.00e+00	3.39e-04	1.07e-04	4.87e-05
 3.08869e+17	5.33e-04	7.11e-01	2.89e-01	0.00e+00	0.00e+00	0.00e+00	0.00e+00	0.00e+00	0.00e+00	3.65e-04	1.15e-04	5.24e-05
 3.09523e+17	5.68e-04	7.41e-01	2.58e-01	0.00e+00	0.00e+00	0.00e+00	0.00e+00	0.00e+00	0.00e+00	3.89e-04	1.23e-04	5.58e-05
 3.10080e+17	6.03e-04	7.71e-01	2.29e-01	0.00e+00	0.00e+00	0.00e+00	0.00e+00	0.00e+00	0.00e+00	4.13e-04	1.31e-04	5.92e-05
 3.10564e+17	6.34e-04	7.98e-01	2.01e-01	0.00e+00	0.00e+00	0.00e+00	0.00e+00	0.00e+00	0.00e+00	4.34e-04	1.37e-04	6.23e-05
 3.10994e+17	6.68e-04	8.24e-01	1.75e-01	0.00e+00	0.00e+00	0.00e+00	0.00e+00	0.00e+00	0.00e+00	4.57e-04	1.45e-04	6.56e-05
 3.11376e+17	6.97e-04	8.49e-01	1.50e-01	0.00e+00	0.00e+00	0.00e+00	0.00e+00	0.00e+00	0.00e+00	4.77e-04	1.51e-04	6.84e-05
 3.11711e+17	7.25e-04	8.72e-01	1.28e-01	0.00e+00	0.00e+00	0.00e+00	0.00e+00	0.00e+00	0.00e+00	4.96e-04	1.57e-04	7.11e-05
 3.12005e+17	7.50e-04	8.92e-01	1.07e-01	0.00e+00	0.00e+00	0.00e+00	0.00e+00	0.00e+00	0.00e+00	5.13e-04	1.62e-04	7.36e-05
 3.12263e+17	7.71e-04	9.10e-01	8.92e-02	0.00e+00	0.00e+00	0.00e+00	0.00e+00	0.00e+00	0.00e+00	5.27e-04	1.67e-04	7.56e-05
 3.12494e+17	7.92e-04	9.26e-01	7.33e-02	0.00e+00	0.00e+00	0.00e+00	0.00e+00	0.00e+00	0.00e+00	5.42e-04	1.71e-04	7.77e-05
 3.12701e+17	8.09e-04	9.40e-01	5.95e-02	0.00e+00	0.00e+00	0.00e+00	0.00e+00	0.00e+00	0.00e+00	5.53e-04	1.75e-04	7.94e-05
 3.12889e+17	8.23e-04	9.52e-01	4.76e-02	0.00e+00	0.00e+00	0.00e+00	0.00e+00	0.00e+00	0.00e+00	5.63e-04	1.78e-04	8.08e-05
 3.13060e+17	8.36e-04	9.62e-01	3.76e-02	0.00e+00	0.00e+00	0.00e+00	0.00e+00	0.00e+00	0.00e+00	5.72e-04	1.81e-04	8.21e-05
 3.13217e+17	8.47e-04	9.70e-01	2.94e-02	0.00e+00	0.00e+00	0.00e+00	0.00e+00	0.00e+00	0.00e+00	5.80e-04	1.83e-04	8.32e-05
 3.13364e+17	8.55e-04	9.77e-01	2.26e-02	0.00e+00	0.00e+00	0.00e+00	0.00e+00	0.00e+00	0.00e+00	5.85e-04	1.85e-04	8.40e-05
 3.13503e+17	8.62e-04	9.82e-01	1.70e-02	0.00e+00	0.00e+00	0.00e+00	0.00e+00	0.00e+00	0.00e+00	5.90e-04	1.87e-04	8.47e-05
 3.13640e+17	8.69e-04	9.87e-01	1.26e-02	0.00e+00	0.00e+00	0.00e+00	0.00e+00	0.00e+00	0.00e+00	5.95e-04	1.88e-04	8.54e-05
 3.13796e+17	8.76e-04	9.91e-01	8.59e-03	0.00e+00	0.00e+00	0.00e+00	0.00e+00	0.00e+00	0.00e+00	5.99e-04	1.90e-04	8.61e-05
 3.13965e+17	8.81e-04	9.94e-01	5.54e-03	0.00e+00	0.00e+00	0.00e+00	0.00e+00	0.00e+00	0.00e+00	6.03e-04	1.91e-04	8.67e-05
 3.14124e+17	8.85e-04	9.96e-01	3.58e-03	0.00e+00	0.00e+00	0.00e+00	0.00e+00	0.00e+00	0.00e+00	6.05e-04	1.92e-04	8.71e-05
 3.14303e+17	8.90e-04	9.97e-01	2.17e-03	0.00e+00	0.00e+00	0.00e+00	0.00e+00	0.00e+00	0.00e+00	6.09e-04	1.93e-04	8.76e-05
 3.14536e+17	8.97e-04	9.98e-01	1.13e-03	0.00e+00	0.00e+00	0.00e+00	0.00e+00	0.00e+00	0.00e+00	6.14e-04	1.94e-04	8.84e-05
 3.14840e+17	9.06e-04	9.99e-01	4.99e-04	0.00e+00	0.00e+00	0.00e+00	0.00e+00	0.00e+00	0.00e+00	6.20e-04	1.96e-04	8.94e-05
 3.15234e+17	9.20e-04	9.99e-01	1.79e-04	0.00e+00	0.00e+00	0.00e+00	0.00e+00	0.00e+00	0.00e+00	6.29e-04	1.99e-04	9.07e-05
 3.15746e+17	9.38e-04	9.99e-01	5.08e-05	0.00e+00	0.00e+00	0.00e+00	0.00e+00	0.00e+00	0.00e+00	6.42e-04	2.03e-04	9.25e-05
 3.16412e+17	9.64e-04	9.99e-01	1.10e-05	0.00e+00	0.00e+00	0.00e+00	0.00e+00	0.00e+00	0.00e+00	6.59e-04	2.09e-04	9.50e-05
 3.17278e+17	9.99e-04	9.99e-01	1.72e-06	0.00e+00	0.00e+00	0.00e+00	0.00e+00	0.00e+00	0.00e+00	6.83e-04	2.16e-04	9.85e-05
 3.18404e+17	1.05e-03	9.99e-01	1.84e-07	0.00e+00	0.00e+00	0.00e+00	0.00e+00	0.00e+00	0.00e+00	7.16e-04	2.26e-04	1.03e-04
 3.19868e+17	1.12e-03	9.99e-01	1.24e-08	0.00e+00	0.00e+00	0.00e+00	0.00e+00	0.00e+00	0.00e+00	7.64e-04	2.41e-04	1.10e-04
 3.21770e+17	1.22e-03	9.99e-01	6.36e-10	0.00e+00	0.00e+00	0.00e+00	0.00e+00	0.00e+00	0.00e+00	8.33e-04	2.63e-04	1.20e-04
 3.24244e+17	1.37e-03	9.99e-01	2.06e-10	0.00e+00	0.00e+00	0.00e+00	0.00e+00	0.00e+00	0.00e+00	9.40e-04	2.97e-04	1.35e-04
 3.27459e+17	1.63e-03	9.98e-01	2.01e-10	0.00e+00	0.00e+00	0.00e+00	0.00e+00	0.00e+00	0.00e+00	1.12e-03	3.53e-04	1.61e-04
 3.30841e+17	2.02e-03	9.98e-01	1.97e-10	0.00e+00	0.00e+00	0.00e+00	0.00e+00	0.00e+00	0.00e+00	1.38e-03	4.35e-04	1.99e-04
 3.33465e+17	2.45e-03	9.98e-01	1.89e-10	0.00e+00	0.00e+00	0.00e+00	0.00e+00	0.00e+00	0.00e+00	1.68e-03	5.29e-04	2.41e-04
 3.35297e+17	2.87e-03	9.97e-01	1.75e-10	0.00e+00	0.00e+00	0.00e+00	0.00e+00	0.00e+00	0.00e+00	1.96e-03	6.18e-04	2.83e-04
 3.36766e+17	3.29e-03	9.97e-01	1.63e-10	0.00e+00	0.00e+00	0.00e+00	0.00e+00	0.00e+00	0.00e+00	2.26e-03	7.10e-04	3.25e-04
 3.38371e+17	3.91e-03	9.96e-01	1.35e-10	0.00e+00	0.00e+00	0.00e+00	0.00e+00	0.00e+00	0.00e+00	2.68e-03	8.42e-04	3.86e-04
 3.40004e+17	4.76e-03	9.95e-01	1.10e-10	0.00e+00	0.00e+00	0.00e+00	0.00e+00	0.00e+00	0.00e+00	3.26e-03	1.03e-03	4.70e-04
 3.41224e+17	5.67e-03	9.94e-01	8.93e-11	0.00e+00	0.00e+00	0.00e+00	0.00e+00	0.00e+00	0.00e+00	3.88e-03	1.22e-03	5.60e-04
 3.42109e+17	6.54e-03	9.93e-01	7.36e-11	0.00e+00	0.00e+00	0.00e+00	0.00e+00	0.00e+00	0.00e+00	4.48e-03	1.41e-03	6.46e-04
 3.42886e+17	7.52e-03	9.92e-01	5.91e-11	0.00e+00	0.00e+00	0.00e+00	0.00e+00	0.00e+00	0.00e+00	5.16e-03	1.62e-03	7.44e-04
 3.43774e+17	8.99e-03	9.91e-01	4.43e-11	0.00e+00	0.00e+00	0.00e+00	0.00e+00	0.00e+00	0.00e+00	6.16e-03	1.93e-03	8.89e-04
 3.44678e+17	1.11e-02	9.89e-01	3.11e-11	0.00e+00	0.00e+00	0.00e+00	0.00e+00	0.00e+00	0.00e+00	7.60e-03	2.38e-03	1.10e-03
 3.45367e+17	1.34e-02	9.87e-01	2.22e-11	0.00e+00	0.00e+00	0.00e+00	0.00e+00	0.00e+00	0.00e+00	9.18e-03	2.87e-03	1.33e-03
 3.45900e+17	1.59e-02	9.84e-01	1.61e-11	0.00e+00	0.00e+00	0.00e+00	0.00e+00	0.00e+00	0.00e+00	1.09e-02	3.40e-03	1.57e-03
 3.46349e+17	1.87e-02	9.81e-01	1.21e-11	0.00e+00	0.00e+00	0.00e+00	0.00e+00	0.00e+00	0.00e+00	1.28e-02	3.99e-03	1.85e-03
 3.46731e+17	2.18e-02	9.78e-01	9.28e-12	0.00e+00	0.00e+00	0.00e+00	0.00e+00	0.00e+00	0.00e+00	1.50e-02	4.65e-03	2.16e-03
 3.47071e+17	2.55e-02	9.74e-01	7.22e-12	0.00e+00	0.00e+00	0.00e+00	0.00e+00	0.00e+00	0.00e+00	1.75e-02	5.44e-03	2.53e-03
 3.47378e+17	2.99e-02	9.70e-01	5.82e-12	0.00e+00	0.00e+00	0.00e+00	0.00e+00	0.00e+00	0.00e+00	2.06e-02	6.36e-03	2.97e-03
 3.47652e+17	3.51e-02	9.65e-01	4.82e-12	0.00e+00	0.00e+00	0.00e+00	0.00e+00	0.00e+00	0.00e+00	2.42e-02	7.46e-03	3.48e-03
 3.47893e+17	4.12e-02	9.59e-01	4.10e-12	0.00e+00	0.00e+00	0.00e+00	0.00e+00	0.00e+00	0.00e+00	2.84e-02	8.74e-03	4.09e-03
 3.48102e+17	4.83e-02	9.52e-01	3.61e-12	0.00e+00	0.00e+00	0.00e+00	0.00e+00	0.00e+00	0.00e+00	3.33e-02	1.02e-02	4.79e-03
 3.48285e+17	5.65e-02	9.43e-01	3.26e-12	0.00e+00	0.00e+00	0.00e+00	0.00e+00	0.00e+00	0.00e+00	3.90e-02	1.19e-02	5.60e-03
 3.48446e+17	6.61e-02	9.34e-01	3.00e-12	0.00e+00	0.00e+00	0.00e+00	0.00e+00	0.00e+00	0.00e+00	4.56e-02	1.39e-02	6.54e-03
 3.48590e+17	7.72e-02	9.23e-01	2.81e-12	0.00e+00	0.00e+00	0.00e+00	0.00e+00	0.00e+00	0.00e+00	5.34e-02	1.62e-02	7.64e-03
 3.48718e+17	9.02e-02	9.10e-01	2.65e-12	0.00e+00	0.00e+00	0.00e+00	0.00e+00	0.00e+00	0.00e+00	6.24e-02	1.88e-02	8.91e-03
 3.48831e+17	1.05e-01	8.95e-01	2.53e-12	0.00e+00	0.00e+00	0.00e+00	0.00e+00	0.00e+00	0.00e+00	7.30e-02	2.18e-02	1.04e-02
 3.48932e+17	1.23e-01	8.77e-01	2.43e-12	0.00e+00	0.00e+00	0.00e+00	0.00e+00	0.00e+00	0.00e+00	8.51e-02	2.53e-02	1.21e-02
 3.49022e+17	1.43e-01	8.57e-01	2.35e-12	0.00e+00	0.00e+00	0.00e+00	0.00e+00	0.00e+00	0.00e+00	9.92e-02	2.92e-02	1.40e-02
 3.49103e+17	1.66e-01	8.34e-01	2.28e-12	0.00e+00	0.00e+00	0.00e+00	0.00e+00	0.00e+00	0.00e+00	1.16e-01	3.37e-02	1.62e-02
 3.49177e+17	1.92e-01	8.08e-01	2.23e-12	0.00e+00	0.00e+00	0.00e+00	0.00e+00	0.00e+00	0.00e+00	1.34e-01	3.87e-02	1.88e-02
 3.49244e+17	2.22e-01	7.78e-01	2.19e-12	0.00e+00	0.00e+00	0.00e+00	0.00e+00	0.00e+00	0.00e+00	1.56e-01	4.43e-02	2.16e-02
 3.49305e+17	2.56e-01	7.44e-01	2.15e-12	0.00e+00	0.00e+00	0.00e+00	0.00e+00	0.00e+00	0.00e+00	1.81e-01	5.05e-02	2.49e-02
 3.49362e+17	2.95e-01	7.05e-01	2.13e-12	0.00e+00	0.00e+00	0.00e+00	0.00e+00	0.00e+00	0.00e+00	2.09e-01	5.73e-02	2.84e-02
 3.49413e+17	3.36e-01	6.64e-01	2.10e-12	0.00e+00	0.00e+00	0.00e+00	0.00e+00	0.00e+00	0.00e+00	2.40e-01	6.42e-02	3.22e-02
 3.49454e+17	3.75e-01	6.25e-01	2.08e-12	0.00e+00	0.00e+00	0.00e+00	0.00e+00	0.00e+00	0.00e+00	2.69e-01	7.03e-02	3.57e-02
 3.49485e+17	4.07e-01	5.93e-01	2.06e-12	0.00e+00	0.00e+00	0.00e+00	0.00e+00	0.00e+00	0.00e+00	2.94e-01	7.52e-02	3.85e-02
 3.49510e+17	4.35e-01	5.65e-01	2.05e-12	0.00e+00	0.00e+00	0.00e+00	0.00e+00	0.00e+00	0.00e+00	3.15e-01	7.91e-02	4.08e-02
 3.49532e+17	4.61e-01	5.39e-01	2.03e-12	0.00e+00	0.00e+00	0.00e+00	0.00e+00	0.00e+00	0.00e+00	3.35e-01	8.27e-02	4.30e-02
 3.49553e+17	4.87e-01	5.13e-01	2.02e-12	0.00e+00	0.00e+00	0.00e+00	0.00e+00	0.00e+00	0.00e+00	3.56e-01	8.59e-02	4.50e-02
 3.49572e+17	5.11e-01	4.89e-01	1.99e-12	0.00e+00	0.00e+00	0.00e+00	0.00e+00	0.00e+00	0.00e+00	3.76e-01	8.87e-02	4.69e-02
 3.49589e+17	5.34e-01	4.66e-01	1.97e-12	0.00e+00	0.00e+00	0.00e+00	0.00e+00	0.00e+00	0.00e+00	3.94e-01	9.12e-02	4.87e-02
 3.49605e+17	5.56e-01	4.44e-01	1.96e-12	0.00e+00	0.00e+00	0.00e+00	0.00e+00	0.00e+00	0.00e+00	4.12e-01	9.34e-02	5.02e-02
 3.49620e+17	5.75e-01	4.25e-01	1.93e-12	0.00e+00	0.00e+00	0.00e+00	0.00e+00	0.00e+00	0.00e+00	4.29e-01	9.52e-02	5.16e-02
 3.49634e+17	5.94e-01	4.06e-01	1.92e-12	0.00e+00	0.00e+00	0.00e+00	0.00e+00	0.00e+00	0.00e+00	4.44e-01	9.67e-02	5.28e-02
 3.49645e+17	6.09e-01	3.91e-01	1.90e-12	0.00e+00	0.00e+00	0.00e+00	0.00e+00	0.00e+00	0.00e+00	4.57e-01	9.79e-02	5.38e-02
 3.49653e+17	6.20e-01	3.80e-01	1.88e-12	0.00e+00	0.00e+00	0.00e+00	0.00e+00	0.00e+00	0.00e+00	4.67e-01	9.87e-02	5.45e-02
 3.49661e+17	6.31e-01	3.69e-01	1.86e-12	0.00e+00	0.00e+00	0.00e+00	0.00e+00	0.00e+00	0.00e+00	4.76e-01	9.94e-02	5.51e-02
 3.49670e+17	6.43e-01	3.57e-01	1.84e-12	0.00e+00	0.00e+00	0.00e+00	0.00e+00	0.00e+00	0.00e+00	4.87e-01	1.00e-01	5.58e-02
 3.49678e+17	6.55e-01	3.45e-01	1.82e-12	0.00e+00	0.00e+00	0.00e+00	0.00e+00	0.00e+00	0.00e+00	4.98e-01	1.01e-01	5.65e-02
 3.49687e+17	6.67e-01	3.33e-01	1.80e-12	0.00e+00	0.00e+00	0.00e+00	0.00e+00	0.00e+00	0.00e+00	5.09e-01	1.01e-01	5.71e-02
 3.49696e+17	6.78e-01	3.22e-01	1.78e-12	0.00e+00	0.00e+00	0.00e+00	0.00e+00	0.00e+00	0.00e+00	5.19e-01	1.02e-01	5.76e-02
 3.49704e+17	6.90e-01	3.10e-01	1.76e-12	0.00e+00	0.00e+00	0.00e+00	0.00e+00	0.00e+00	0.00e+00	5.29e-01	1.02e-01	5.82e-02
 3.49712e+17	7.00e-01	3.00e-01	1.74e-12	0.00e+00	0.00e+00	0.00e+00	0.00e+00	0.00e+00	0.00e+00	5.39e-01	1.02e-01	5.86e-02
 3.49721e+17	7.11e-01	2.89e-01	1.71e-12	0.00e+00	0.00e+00	0.00e+00	0.00e+00	0.00e+00	0.00e+00	5.50e-01	1.03e-01	5.91e-02
 3.49729e+17	7.22e-01	2.78e-01	1.69e-12	0.00e+00	0.00e+00	0.00e+00	0.00e+00	0.00e+00	0.00e+00	5.59e-01	1.03e-01	5.95e-02
 3.49737e+17	7.32e-01	2.68e-01	1.66e-12	0.00e+00	0.00e+00	0.00e+00	0.00e+00	0.00e+00	0.00e+00	5.70e-01	1.03e-01	5.98e-02
 3.49745e+17	7.42e-01	2.58e-01	1.64e-12	0.00e+00	0.00e+00	0.00e+00	0.00e+00	0.00e+00	0.00e+00	5.79e-01	1.03e-01	6.01e-02
 3.49753e+17	7.52e-01	2.48e-01	1.61e-12	0.00e+00	0.00e+00	0.00e+00	0.00e+00	0.00e+00	0.00e+00	5.89e-01	1.03e-01	6.04e-02
 3.49761e+17	7.61e-01	2.39e-01	1.59e-12	0.00e+00	0.00e+00	0.00e+00	0.00e+00	0.00e+00	0.00e+00	5.98e-01	1.03e-01	6.06e-02
 3.49769e+17	7.71e-01	2.29e-01	1.56e-12	0.00e+00	0.00e+00	0.00e+00	0.00e+00	0.00e+00	0.00e+00	6.08e-01	1.02e-01	6.08e-02
 3.49777e+17	7.80e-01	2.20e-01	1.53e-12	0.00e+00	0.00e+00	0.00e+00	0.00e+00	0.00e+00	0.00e+00	6.17e-01	1.02e-01	6.09e-02
 3.49785e+17	7.89e-01	2.11e-01	1.50e-12	0.00e+00	0.00e+00	0.00e+00	0.00e+00	0.00e+00	0.00e+00	6.26e-01	1.02e-01	6.10e-02
 3.49793e+17	7.97e-01	2.03e-01	1.47e-12	0.00e+00	0.00e+00	0.00e+00	0.00e+00	0.00e+00	0.00e+00	6.34e-01	1.01e-01	6.11e-02
 3.49800e+17	8.05e-01	1.95e-01	1.44e-12	0.00e+00	0.00e+00	0.00e+00	0.00e+00	0.00e+00	0.00e+00	6.43e-01	1.01e-01	6.11e-02
 3.49808e+17	8.13e-01	1.87e-01	1.41e-12	0.00e+00	0.00e+00	0.00e+00	0.00e+00	0.00e+00	0.00e+00	6.51e-01	1.00e-01	6.11e-02
 3.49816e+17	8.21e-01	1.79e-01	1.38e-12	0.00e+00	0.00e+00	0.00e+00	0.00e+00	0.00e+00	0.00e+00	6.60e-01	1.00e-01	6.11e-02
 3.49823e+17	8.28e-01	1.72e-01	1.35e-12	0.00e+00	0.00e+00	0.00e+00	0.00e+00	0.00e+00	0.00e+00	6.67e-01	9.94e-02	6.10e-02
 3.49831e+17	8.35e-01	1.65e-01	1.32e-12	0.00e+00	0.00e+00	0.00e+00	0.00e+00	0.00e+00	0.00e+00	6.75e-01	9.88e-02	6.09e-02
 3.49838e+17	8.42e-01	1.58e-01	1.30e-12	0.00e+00	0.00e+00	0.00e+00	0.00e+00	0.00e+00	0.00e+00	6.83e-01	9.82e-02	6.08e-02
 3.49845e+17	8.48e-01	1.52e-01	1.27e-12	0.00e+00	0.00e+00	0.00e+00	0.00e+00	0.00e+00	0.00e+00	6.90e-01	9.76e-02	6.06e-02
 3.49852e+17	8.54e-01	1.46e-01	1.24e-12	0.00e+00	0.00e+00	0.00e+00	0.00e+00	0.00e+00	0.00e+00	6.97e-01	9.69e-02	6.04e-02
 3.49859e+17	8.60e-01	1.40e-01	1.21e-12	0.00e+00	0.00e+00	0.00e+00	0.00e+00	0.00e+00	0.00e+00	7.04e-01	9.62e-02	6.02e-02
 3.49866e+17	8.66e-01	1.34e-01	1.18e-12	0.00e+00	0.00e+00	0.00e+00	0.00e+00	0.00e+00	0.00e+00	7.10e-01	9.56e-02	6.00e-02
 3.49873e+17	8.71e-01	1.29e-01	1.16e-12	0.00e+00	0.00e+00	0.00e+00	0.00e+00	0.00e+00	0.00e+00	7.16e-01	9.49e-02	5.98e-02
 3.49880e+17	8.76e-01	1.24e-01	1.13e-12	0.00e+00	0.00e+00	0.00e+00	0.00e+00	0.00e+00	0.00e+00	7.22e-01	9.42e-02	5.95e-02
 3.49887e+17	8.81e-01	1.19e-01	1.10e-12	0.00e+00	0.00e+00	0.00e+00	0.00e+00	0.00e+00	0.00e+00	7.29e-01	9.35e-02	5.93e-02
 3.49894e+17	8.86e-01	1.14e-01	1.08e-12	0.00e+00	0.00e+00	0.00e+00	0.00e+00	0.00e+00	0.00e+00	7.34e-01	9.28e-02	5.90e-02
 3.49900e+17	8.91e-01	1.09e-01	1.05e-12	0.00e+00	0.00e+00	0.00e+00	0.00e+00	0.00e+00	0.00e+00	7.40e-01	9.20e-02	5.87e-02
 3.49907e+17	8.95e-01	1.05e-01	1.03e-12	0.00e+00	0.00e+00	0.00e+00	0.00e+00	0.00e+00	0.00e+00	7.45e-01	9.13e-02	5.84e-02
 3.49914e+17	8.99e-01	1.01e-01	1.00e-12	0.00e+00	0.00e+00	0.00e+00	0.00e+00	0.00e+00	0.00e+00	7.50e-01	9.06e-02	5.81e-02
 3.49920e+17	9.03e-01	9.70e-02	9.77e-13	0.00e+00	0.00e+00	0.00e+00	0.00e+00	0.00e+00	0.00e+00	7.55e-01	8.99e-02	5.78e-02
 3.49927e+17	9.07e-01	9.30e-02	9.52e-13	0.00e+00	0.00e+00	0.00e+00	0.00e+00	0.00e+00	0.00e+00	7.60e-01	8.92e-02	5.75e-02
 3.49933e+17	9.11e-01	8.94e-02	9.29e-13	0.00e+00	0.00e+00	0.00e+00	0.00e+00	0.00e+00	0.00e+00	7.65e-01	8.85e-02	5.72e-02
 3.49940e+17	9.14e-01	8.59e-02	9.06e-13	0.00e+00	0.00e+00	0.00e+00	0.00e+00	0.00e+00	0.00e+00	7.69e-01	8.78e-02	5.69e-02
 3.49946e+17	9.17e-01	8.25e-02	8.83e-13	0.00e+00	0.00e+00	0.00e+00	0.00e+00	0.00e+00	0.00e+00	7.74e-01	8.72e-02	5.66e-02
 3.49952e+17	9.21e-01	7.92e-02	8.60e-13	0.00e+00	0.00e+00	0.00e+00	0.00e+00	0.00e+00	0.00e+00	7.78e-01	8.65e-02	5.63e-02
 3.49959e+17	9.24e-01	7.61e-02	8.38e-13	0.00e+00	0.00e+00	0.00e+00	0.00e+00	0.00e+00	0.00e+00	7.82e-01	8.58e-02	5.60e-02
 3.49965e+17	9.27e-01	7.31e-02	8.17e-13	0.00e+00	0.00e+00	0.00e+00	0.00e+00	0.00e+00	0.00e+00	7.86e-01	8.52e-02	5.56e-02
 3.49971e+17	9.30e-01	7.02e-02	7.96e-13	0.00e+00	0.00e+00	0.00e+00	0.00e+00	0.00e+00	0.00e+00	7.90e-01	8.46e-02	5.53e-02
 3.49978e+17	9.33e-01	6.74e-02	7.76e-13	0.00e+00	0.00e+00	0.00e+00	0.00e+00	0.00e+00	0.00e+00	7.94e-01	8.39e-02	5.50e-02
 3.49984e+17	9.35e-01	6.48e-02	7.56e-13	0.00e+00	0.00e+00	0.00e+00	0.00e+00	0.00e+00	0.00e+00	7.97e-01	8.33e-02	5.47e-02
 3.49990e+17	9.38e-01	6.22e-02	7.36e-13	0.00e+00	0.00e+00	0.00e+00	0.00e+00	0.00e+00	0.00e+00	8.01e-01	8.27e-02	5.44e-02
 3.49997e+17	9.40e-01	5.98e-02	7.17e-13	0.00e+00	0.00e+00	0.00e+00	0.00e+00	0.00e+00	0.00e+00	8.04e-01	8.21e-02	5.40e-02
 3.50003e+17	9.43e-01	5.75e-02	6.98e-13	0.00e+00	0.00e+00	0.00e+00	0.00e+00	0.00e+00	0.00e+00	8.07e-01	8.15e-02	5.37e-02
 3.50009e+17	9.45e-01	5.53e-02	6.80e-13	0.00e+00	0.00e+00	0.00e+00	0.00e+00	0.00e+00	0.00e+00	8.10e-01	8.09e-02	5.34e-02
 3.50016e+17	9.47e-01	5.30e-02	6.61e-13	0.00e+00	0.00e+00	0.00e+00	0.00e+00	0.00e+00	0.00e+00	8.13e-01	8.03e-02	5.31e-02
 3.50022e+17	9.49e-01	5.10e-02	6.44e-13	0.00e+00	0.00e+00	0.00e+00	0.00e+00	0.00e+00	0.00e+00	8.16e-01	7.98e-02	5.28e-02
 3.50028e+17	9.51e-01	4.90e-02	6.27e-13	0.00e+00	0.00e+00	0.00e+00	0.00e+00	0.00e+00	0.00e+00	8.19e-01	7.92e-02	5.25e-02
 3.50034e+17	9.53e-01	4.71e-02	6.11e-13	0.00e+00	0.00e+00	0.00e+00	0.00e+00	0.00e+00	0.00e+00	8.22e-01	7.87e-02	5.22e-02
 3.50041e+17	9.55e-01	4.52e-02	5.94e-13	0.00e+00	0.00e+00	0.00e+00	0.00e+00	0.00e+00	0.00e+00	8.25e-01	7.82e-02	5.19e-02
 3.50047e+17	9.56e-01	4.35e-02	5.79e-13	0.00e+00	0.00e+00	0.00e+00	0.00e+00	0.00e+00	0.00e+00	8.27e-01	7.77e-02	5.16e-02
 3.50053e+17	9.58e-01	4.18e-02	5.63e-13	0.00e+00	0.00e+00	0.00e+00	0.00e+00	0.00e+00	0.00e+00	8.30e-01	7.72e-02	5.13e-02
 3.50060e+17	9.60e-01	4.02e-02	5.48e-13	0.00e+00	0.00e+00	0.00e+00	0.00e+00	0.00e+00	0.00e+00	8.32e-01	7.67e-02	5.11e-02
 3.50066e+17	9.61e-01	3.86e-02	5.34e-13	0.00e+00	0.00e+00	0.00e+00	0.00e+00	0.00e+00	0.00e+00	8.34e-01	7.62e-02	5.08e-02
 3.50073e+17	9.63e-01	3.71e-02	5.20e-13	0.00e+00	0.00e+00	0.00e+00	0.00e+00	0.00e+00	0.00e+00	8.37e-01	7.58e-02	5.05e-02
 3.50079e+17	9.64e-01	3.57e-02	5.06e-13	0.00e+00	0.00e+00	0.00e+00	0.00e+00	0.00e+00	0.00e+00	8.39e-01	7.53e-02	5.02e-02
 3.50086e+17	9.66e-01	3.43e-02	4.93e-13	0.00e+00	0.00e+00	0.00e+00	0.00e+00	0.00e+00	0.00e+00	8.41e-01	7.48e-02	4.99e-02
 3.50092e+17	9.67e-01	3.29e-02	4.80e-13	0.00e+00	0.00e+00	0.00e+00	0.00e+00	0.00e+00	0.00e+00	8.43e-01	7.44e-02	4.96e-02
 3.50099e+17	9.68e-01	3.17e-02	4.68e-13	0.00e+00	0.00e+00	0.00e+00	0.00e+00	0.00e+00	0.00e+00	8.45e-01	7.39e-02	4.93e-02
 3.50105e+17	9.70e-01	3.04e-02	4.55e-13	0.00e+00	0.00e+00	0.00e+00	0.00e+00	0.00e+00	0.00e+00	8.47e-01	7.35e-02	4.90e-02
 3.50112e+17	9.71e-01	2.93e-02	4.44e-13	0.00e+00	0.00e+00	0.00e+00	0.00e+00	0.00e+00	0.00e+00	8.49e-01	7.31e-02	4.88e-02
 3.50119e+17	9.72e-01	2.81e-02	4.32e-13	0.00e+00	0.00e+00	0.00e+00	0.00e+00	0.00e+00	0.00e+00	8.51e-01	7.27e-02	4.85e-02
 3.50126e+17	9.73e-01	2.70e-02	4.21e-13	0.00e+00	0.00e+00	0.00e+00	0.00e+00	0.00e+00	0.00e+00	8.53e-01	7.22e-02	4.82e-02
 3.50133e+17	9.74e-01	2.60e-02	4.11e-13	0.00e+00	0.00e+00	0.00e+00	0.00e+00	0.00e+00	0.00e+00	8.54e-01	7.18e-02	4.79e-02
 3.50140e+17	9.75e-01	2.50e-02	4.01e-13	0.00e+00	0.00e+00	0.00e+00	0.00e+00	0.00e+00	0.00e+00	8.56e-01	7.14e-02	4.76e-02
 3.50147e+17	9.76e-01	2.40e-02	3.92e-13	0.00e+00	0.00e+00	0.00e+00	0.00e+00	0.00e+00	0.00e+00	8.58e-01	7.10e-02	4.73e-02
 3.50154e+17	9.77e-01	2.31e-02	3.83e-13	0.00e+00	0.00e+00	0.00e+00	0.00e+00	0.00e+00	0.00e+00	8.59e-01	7.06e-02	4.71e-02
 3.50161e+17	9.78e-01	2.22e-02	3.74e-13	0.00e+00	0.00e+00	0.00e+00	0.00e+00	0.00e+00	0.00e+00	8.61e-01	7.02e-02	4.67e-02
 3.50168e+17	9.79e-01	2.13e-02	3.66e-13	0.00e+00	0.00e+00	0.00e+00	0.00e+00	0.00e+00	0.00e+00	8.62e-01	6.98e-02	4.64e-02
 3.50175e+17	9.80e-01	2.05e-02	3.59e-13	0.00e+00	0.00e+00	0.00e+00	0.00e+00	0.00e+00	0.00e+00	8.64e-01	6.94e-02	4.61e-02
 3.50183e+17	9.80e-01	1.97e-02	3.52e-13	0.00e+00	0.00e+00	0.00e+00	0.00e+00	0.00e+00	0.00e+00	8.66e-01	6.89e-02	4.58e-02
 3.50190e+17	9.81e-01	1.89e-02	3.46e-13	0.00e+00	0.00e+00	0.00e+00	0.00e+00	0.00e+00	0.00e+00	8.67e-01	6.85e-02	4.55e-02
 3.50197e+17	9.82e-01	1.82e-02	3.40e-13	0.00e+00	0.00e+00	0.00e+00	0.00e+00	0.00e+00	0.00e+00	8.69e-01	6.81e-02	4.51e-02
 3.50204e+17	9.83e-01	1.74e-02	3.35e-13	0.00e+00	0.00e+00	0.00e+00	0.00e+00	0.00e+00	0.00e+00	8.70e-01	6.76e-02	4.48e-02
 3.50211e+17	9.83e-01	1.68e-02	3.30e-13	0.00e+00	0.00e+00	0.00e+00	0.00e+00	0.00e+00	0.00e+00	8.72e-01	6.72e-02	4.45e-02
 3.50217e+17	9.84e-01	1.63e-02	3.27e-13	0.00e+00	0.00e+00	0.00e+00	0.00e+00	0.00e+00	0.00e+00	8.73e-01	6.68e-02	4.41e-02
 3.50223e+17	9.84e-01	1.58e-02	3.24e-13	0.00e+00	0.00e+00	0.00e+00	0.00e+00	0.00e+00	0.00e+00	8.74e-01	6.65e-02	4.39e-02
 3.50228e+17	9.85e-01	1.54e-02	3.22e-13	0.00e+00	0.00e+00	0.00e+00	0.00e+00	0.00e+00	0.00e+00	8.75e-01	6.61e-02	4.36e-02
 3.50233e+17	9.85e-01	1.50e-02	3.20e-13	0.00e+00	0.00e+00	0.00e+00	0.00e+00	0.00e+00	0.00e+00	8.76e-01	6.57e-02	4.33e-02
 3.50237e+17	9.85e-01	1.46e-02	3.18e-13	0.00e+00	0.00e+00	0.00e+00	0.00e+00	0.00e+00	0.00e+00	8.77e-01	6.54e-02	4.30e-02
 3.50242e+17	9.86e-01	1.42e-02	3.16e-13	0.00e+00	0.00e+00	0.00e+00	0.00e+00	0.00e+00	0.00e+00	8.78e-01	6.50e-02	4.27e-02
 3.50246e+17	9.86e-01	1.39e-02	3.15e-13	0.00e+00	0.00e+00	0.00e+00	0.00e+00	0.00e+00	0.00e+00	8.79e-01	6.47e-02	4.25e-02
 3.50250e+17	9.86e-01	1.36e-02	3.13e-13	0.00e+00	0.00e+00	0.00e+00	0.00e+00	0.00e+00	0.00e+00	8.80e-01	6.44e-02	4.22e-02
 3.50254e+17	9.87e-01	1.33e-02	3.12e-13	0.00e+00	0.00e+00	0.00e+00	0.00e+00	0.00e+00	0.00e+00	8.81e-01	6.40e-02	4.19e-02
 3.50257e+17	9.87e-01	1.30e-02	3.11e-13	0.00e+00	0.00e+00	0.00e+00	0.00e+00	0.00e+00	0.00e+00	8.82e-01	6.37e-02	4.17e-02
