#depth	O	O+	O+2	O+3	O+4	O+5	O+6	O+7	O+8	O[1]	O[2]	O[3]
 2.54029e+13	2.41e-11	1.03e-04	3.68e-01	6.32e-01	1.49e-04	0.00e+00	0.00e+00	0.00e+00	0.00e+00	1.47e-11	6.84e-12	2.54e-12
 1.52417e+14	2.44e-11	1.04e-04	3.70e-01	6.30e-01	1.47e-04	0.00e+00	0.00e+00	0.00e+00	0.00e+00	1.49e-11	6.93e-12	2.58e-12
 6.60475e+14	2.60e-11	1.08e-04	3.78e-01	6.21e-01	1.41e-04	0.00e+00	0.00e+00	0.00e+00	0.00e+00	1.59e-11	7.37e-12	2.74e-12
 2.08833e+15	3.08e-11	1.21e-04	4.01e-01	5.99e-01	1.26e-04	0.00e+00	0.00e+00	0.00e+00	0.00e+00	1.89e-11	8.67e-12	3.24e-12
 4.17200e+15	3.89e-11	1.42e-04	4.32e-01	5.68e-01	1.08e-04	0.00e+00	0.00e+00	0.00e+00	0.00e+00	2.40e-11	1.08e-11	4.07e-12
 6.33902e+15	4.91e-11	1.66e-04	4.65e-01	5.35e-01	9.11e-05	0.00e+00	0.00e+00	0.00e+00	0.00e+00	3.05e-11	1.34e-11	5.12e-12
 8.59272e+15	6.19e-11	1.93e-04	5.00e-01	5.00e-01	7.62e-05	0.00e+00	0.00e+00	0.00e+00	0.00e+00	3.88e-11	1.67e-11	6.43e-12
 1.09366e+16	7.80e-11	2.24e-04	5.37e-01	4.62e-01	6.29e-05	0.00e+00	0.00e+00	0.00e+00	0.00e+00	4.91e-11	2.08e-11	8.06e-12
 1.33742e+16	9.80e-11	2.61e-04	5.77e-01	4.23e-01	5.11e-05	0.00e+00	0.00e+00	0.00e+00	0.00e+00	6.22e-11	2.57e-11	1.01e-11
 1.59093e+16	1.23e-10	3.03e-04	6.19e-01	3.81e-01	4.07e-05	0.00e+00	0.00e+00	0.00e+00	0.00e+00	7.87e-11	3.18e-11	1.26e-11
 1.85458e+16	1.54e-10	3.51e-04	6.63e-01	3.37e-01	3.17e-05	0.00e+00	0.00e+00	0.00e+00	0.00e+00	9.94e-11	3.92e-11	1.57e-11
 2.12877e+16	1.93e-10	4.05e-04	7.08e-01	2.92e-01	2.39e-05	0.00e+00	0.00e+00	0.00e+00	0.00e+00	1.25e-10	4.81e-11	1.95e-11
 2.41394e+16	2.40e-10	4.66e-04	7.54e-01	2.46e-01	1.74e-05	0.00e+00	0.00e+00	0.00e+00	0.00e+00	1.57e-10	5.87e-11	2.41e-11
 2.71051e+16	2.96e-10	5.34e-04	7.99e-01	2.00e-01	1.22e-05	0.00e+00	0.00e+00	0.00e+00	0.00e+00	1.96e-10	7.12e-11	2.97e-11
 3.01895e+16	3.63e-10	6.07e-04	8.42e-01	1.57e-01	8.06e-06	0.00e+00	0.00e+00	0.00e+00	0.00e+00	2.42e-10	8.55e-11	3.61e-11
 3.33972e+16	4.44e-10	6.87e-04	8.82e-01	1.18e-01	5.01e-06	0.00e+00	0.00e+00	0.00e+00	0.00e+00	2.98e-10	1.02e-10	4.38e-11
 3.67332e+16	5.37e-10	7.71e-04	9.15e-01	8.38e-02	2.91e-06	0.00e+00	0.00e+00	0.00e+00	0.00e+00	3.64e-10	1.21e-10	5.27e-11
 4.02027e+16	6.45e-10	8.57e-04	9.43e-01	5.66e-02	1.58e-06	0.00e+00	0.00e+00	0.00e+00	0.00e+00	4.40e-10	1.42e-10	6.27e-11
 4.38109e+16	7.68e-10	9.46e-04	9.63e-01	3.64e-02	8.01e-07	0.00e+00	0.00e+00	0.00e+00	0.00e+00	5.29e-10	1.65e-10	7.41e-11
 4.75635e+16	9.09e-10	1.04e-03	9.77e-01	2.24e-02	3.83e-07	0.00e+00	0.00e+00	0.00e+00	0.00e+00	6.31e-10	1.91e-10	8.70e-11
 5.14662e+16	1.07e-09	1.13e-03	9.86e-01	1.34e-02	1.74e-07	0.00e+00	0.00e+00	0.00e+00	0.00e+00	7.52e-10	2.19e-10	1.02e-10
 5.55249e+16	1.26e-09	1.23e-03	9.91e-01	7.74e-03	0.00e+00	0.00e+00	0.00e+00	0.00e+00	0.00e+00	8.93e-10	2.51e-10	1.19e-10
 5.97461e+16	1.48e-09	1.34e-03	9.94e-01	4.40e-03	0.00e+00	0.00e+00	0.00e+00	0.00e+00	0.00e+00	1.06e-09	2.88e-10	1.38e-10
 6.41361e+16	1.74e-09	1.45e-03	9.96e-01	2.47e-03	0.00e+00	0.00e+00	0.00e+00	0.00e+00	0.00e+00	1.25e-09	3.28e-10	1.60e-10
 6.87016e+16	2.04e-09	1.57e-03	9.97e-01	1.37e-03	0.00e+00	0.00e+00	0.00e+00	0.00e+00	0.00e+00	1.48e-09	3.74e-10	1.86e-10
 7.34498e+16	2.39e-09	1.69e-03	9.98e-01	7.57e-04	0.00e+00	0.00e+00	0.00e+00	0.00e+00	0.00e+00	1.75e-09	4.25e-10	2.16e-10
 7.83880e+16	2.80e-09	1.83e-03	9.98e-01	4.18e-04	0.00e+00	0.00e+00	0.00e+00	0.00e+00	0.00e+00	2.07e-09	4.84e-10	2.50e-10
 8.35236e+16	3.28e-09	1.98e-03	9.98e-01	2.33e-04	0.00e+00	0.00e+00	0.00e+00	0.00e+00	0.00e+00	2.45e-09	5.50e-10	2.89e-10
 8.88647e+16	3.85e-09	2.14e-03	9.98e-01	1.32e-04	0.00e+00	0.00e+00	0.00e+00	0.00e+00	0.00e+00	2.89e-09	6.24e-10	3.35e-10
 9.44194e+16	4.51e-09	2.32e-03	9.98e-01	7.77e-05	0.00e+00	0.00e+00	0.00e+00	0.00e+00	0.00e+00	3.41e-09	7.09e-10	3.88e-10
 1.00196e+17	5.29e-09	2.51e-03	9.97e-01	4.78e-05	0.00e+00	0.00e+00	0.00e+00	0.00e+00	0.00e+00	4.03e-09	8.05e-10	4.49e-10
 1.06204e+17	6.20e-09	2.71e-03	9.97e-01	3.13e-05	0.00e+00	0.00e+00	0.00e+00	0.00e+00	0.00e+00	4.76e-09	9.14e-10	5.19e-10
 1.12453e+17	7.26e-09	2.93e-03	9.97e-01	2.20e-05	0.00e+00	0.00e+00	0.00e+00	0.00e+00	0.00e+00	5.63e-09	1.04e-09	6.01e-10
 1.18951e+17	8.52e-09	3.17e-03	9.97e-01	1.66e-05	0.00e+00	0.00e+00	0.00e+00	0.00e+00	0.00e+00	6.65e-09	1.18e-09	6.95e-10
 1.25709e+17	9.99e-09	3.43e-03	9.97e-01	1.33e-05	0.00e+00	0.00e+00	0.00e+00	0.00e+00	0.00e+00	7.85e-09	1.34e-09	8.04e-10
 1.32738e+17	1.17e-08	3.71e-03	9.96e-01	1.12e-05	0.00e+00	0.00e+00	0.00e+00	0.00e+00	0.00e+00	9.28e-09	1.52e-09	9.30e-10
 1.40047e+17	1.38e-08	4.01e-03	9.96e-01	9.78e-06	0.00e+00	0.00e+00	0.00e+00	0.00e+00	0.00e+00	1.10e-08	1.73e-09	1.08e-09
 1.47649e+17	1.62e-08	4.34e-03	9.96e-01	8.70e-06	0.00e+00	0.00e+00	0.00e+00	0.00e+00	0.00e+00	1.29e-08	1.97e-09	1.25e-09
 1.55555e+17	1.90e-08	4.69e-03	9.95e-01	7.84e-06	0.00e+00	0.00e+00	0.00e+00	0.00e+00	0.00e+00	1.53e-08	2.24e-09	1.44e-09
 1.63778e+17	2.23e-08	5.08e-03	9.95e-01	7.13e-06	0.00e+00	0.00e+00	0.00e+00	0.00e+00	0.00e+00	1.81e-08	2.55e-09	1.67e-09
 1.72329e+17	2.62e-08	5.49e-03	9.94e-01	6.51e-06	0.00e+00	0.00e+00	0.00e+00	0.00e+00	0.00e+00	2.13e-08	2.91e-09	1.93e-09
 1.81222e+17	3.08e-08	5.95e-03	9.94e-01	5.98e-06	0.00e+00	0.00e+00	0.00e+00	0.00e+00	0.00e+00	2.52e-08	3.32e-09	2.24e-09
 1.90471e+17	3.62e-08	6.43e-03	9.94e-01	5.48e-06	0.00e+00	0.00e+00	0.00e+00	0.00e+00	0.00e+00	2.98e-08	3.79e-09	2.60e-09
 2.00090e+17	4.26e-08	6.96e-03	9.93e-01	5.04e-06	0.00e+00	0.00e+00	0.00e+00	0.00e+00	0.00e+00	3.53e-08	4.33e-09	3.01e-09
 2.10094e+17	5.01e-08	7.54e-03	9.92e-01	4.63e-06	0.00e+00	0.00e+00	0.00e+00	0.00e+00	0.00e+00	4.17e-08	4.95e-09	3.49e-09
 2.20498e+17	5.90e-08	8.16e-03	9.92e-01	4.26e-06	0.00e+00	0.00e+00	0.00e+00	0.00e+00	0.00e+00	4.93e-08	5.68e-09	4.06e-09
 2.31318e+17	6.95e-08	8.83e-03	9.91e-01	3.92e-06	0.00e+00	0.00e+00	0.00e+00	0.00e+00	0.00e+00	5.83e-08	6.51e-09	4.71e-09
 2.42571e+17	8.19e-08	9.56e-03	9.90e-01	3.60e-06	0.00e+00	0.00e+00	0.00e+00	0.00e+00	0.00e+00	6.89e-08	7.48e-09	5.48e-09
 2.54274e+17	9.65e-08	1.03e-02	9.90e-01	3.31e-06	0.00e+00	0.00e+00	0.00e+00	0.00e+00	0.00e+00	8.15e-08	8.60e-09	6.37e-09
 2.66445e+17	1.14e-07	1.12e-02	9.89e-01	3.05e-06	0.00e+00	0.00e+00	0.00e+00	0.00e+00	0.00e+00	9.65e-08	9.91e-09	7.42e-09
 2.79103e+17	1.34e-07	1.21e-02	9.88e-01	2.80e-06	0.00e+00	0.00e+00	0.00e+00	0.00e+00	0.00e+00	1.14e-07	1.14e-08	8.65e-09
 2.92267e+17	1.59e-07	1.31e-02	9.87e-01	2.57e-06	0.00e+00	0.00e+00	0.00e+00	0.00e+00	0.00e+00	1.35e-07	1.32e-08	1.01e-08
 3.05958e+17	1.87e-07	1.42e-02	9.86e-01	2.36e-06	0.00e+00	0.00e+00	0.00e+00	0.00e+00	0.00e+00	1.60e-07	1.53e-08	1.18e-08
 3.20196e+17	2.21e-07	1.54e-02	9.85e-01	2.17e-06	0.00e+00	0.00e+00	0.00e+00	0.00e+00	0.00e+00	1.90e-07	1.77e-08	1.38e-08
 3.35004e+17	2.62e-07	1.67e-02	9.83e-01	1.99e-06	0.00e+00	0.00e+00	0.00e+00	0.00e+00	0.00e+00	2.25e-07	2.06e-08	1.61e-08
 3.50405e+17	3.10e-07	1.81e-02	9.82e-01	1.83e-06	0.00e+00	0.00e+00	0.00e+00	0.00e+00	0.00e+00	2.67e-07	2.39e-08	1.89e-08
 3.66421e+17	3.67e-07	1.96e-02	9.80e-01	1.67e-06	0.00e+00	0.00e+00	0.00e+00	0.00e+00	0.00e+00	3.17e-07	2.78e-08	2.22e-08
 3.83078e+17	4.35e-07	2.13e-02	9.79e-01	1.53e-06	0.00e+00	0.00e+00	0.00e+00	0.00e+00	0.00e+00	3.76e-07	3.24e-08	2.61e-08
 4.00401e+17	5.15e-07	2.31e-02	9.77e-01	1.41e-06	0.00e+00	0.00e+00	0.00e+00	0.00e+00	0.00e+00	4.47e-07	3.79e-08	3.06e-08
 4.18417e+17	6.11e-07	2.51e-02	9.75e-01	1.29e-06	0.00e+00	0.00e+00	0.00e+00	0.00e+00	0.00e+00	5.31e-07	4.43e-08	3.60e-08
 4.37154e+17	7.25e-07	2.72e-02	9.73e-01	1.18e-06	0.00e+00	0.00e+00	0.00e+00	0.00e+00	0.00e+00	6.31e-07	5.18e-08	4.24e-08
 4.56641e+17	8.62e-07	2.95e-02	9.70e-01	1.08e-06	0.00e+00	0.00e+00	0.00e+00	0.00e+00	0.00e+00	7.51e-07	6.08e-08	5.00e-08
 4.76906e+17	1.02e-06	3.20e-02	9.68e-01	9.84e-07	0.00e+00	0.00e+00	0.00e+00	0.00e+00	0.00e+00	8.94e-07	7.14e-08	5.90e-08
 4.97983e+17	1.22e-06	3.48e-02	9.65e-01	8.98e-07	0.00e+00	0.00e+00	0.00e+00	0.00e+00	0.00e+00	1.07e-06	8.39e-08	6.97e-08
 5.19902e+17	1.45e-06	3.78e-02	9.62e-01	8.19e-07	0.00e+00	0.00e+00	0.00e+00	0.00e+00	0.00e+00	1.27e-06	9.88e-08	8.25e-08
 5.42698e+17	1.73e-06	4.11e-02	9.59e-01	7.46e-07	0.00e+00	0.00e+00	0.00e+00	0.00e+00	0.00e+00	1.52e-06	1.16e-07	9.76e-08
 5.66406e+17	2.07e-06	4.47e-02	9.55e-01	6.79e-07	0.00e+00	0.00e+00	0.00e+00	0.00e+00	0.00e+00	1.81e-06	1.38e-07	1.16e-07
 5.91063e+17	2.47e-06	4.86e-02	9.51e-01	6.17e-07	0.00e+00	0.00e+00	0.00e+00	0.00e+00	0.00e+00	2.17e-06	1.63e-07	1.37e-07
 6.16705e+17	2.95e-06	5.30e-02	9.47e-01	5.60e-07	0.00e+00	0.00e+00	0.00e+00	0.00e+00	0.00e+00	2.60e-06	1.93e-07	1.63e-07
 6.43374e+17	3.54e-06	5.77e-02	9.42e-01	5.08e-07	0.00e+00	0.00e+00	0.00e+00	0.00e+00	0.00e+00	3.11e-06	2.28e-07	1.94e-07
 6.71109e+17	4.25e-06	6.29e-02	9.37e-01	4.60e-07	0.00e+00	0.00e+00	0.00e+00	0.00e+00	0.00e+00	3.74e-06	2.72e-07	2.32e-07
 6.99953e+17	5.11e-06	6.86e-02	9.31e-01	4.15e-07	0.00e+00	0.00e+00	0.00e+00	0.00e+00	0.00e+00	4.51e-06	3.24e-07	2.77e-07
 7.29952e+17	6.15e-06	7.49e-02	9.25e-01	3.74e-07	0.00e+00	0.00e+00	0.00e+00	0.00e+00	0.00e+00	5.43e-06	3.87e-07	3.31e-07
 7.61150e+17	7.43e-06	8.19e-02	9.18e-01	3.37e-07	0.00e+00	0.00e+00	0.00e+00	0.00e+00	0.00e+00	6.57e-06	4.63e-07	3.98e-07
 7.93596e+17	8.99e-06	8.96e-02	9.10e-01	3.02e-07	0.00e+00	0.00e+00	0.00e+00	0.00e+00	0.00e+00	7.95e-06	5.56e-07	4.79e-07
 8.27340e+17	1.09e-05	9.81e-02	9.02e-01	2.70e-07	0.00e+00	0.00e+00	0.00e+00	0.00e+00	0.00e+00	9.66e-06	6.70e-07	5.78e-07
 8.62434e+17	1.33e-05	1.08e-01	8.92e-01	2.41e-07	0.00e+00	0.00e+00	0.00e+00	0.00e+00	0.00e+00	1.18e-05	8.11e-07	7.01e-07
 8.98931e+17	1.63e-05	1.18e-01	8.82e-01	2.14e-07	0.00e+00	0.00e+00	0.00e+00	0.00e+00	0.00e+00	1.44e-05	9.85e-07	8.52e-07
 9.36889e+17	2.00e-05	1.30e-01	8.70e-01	1.90e-07	0.00e+00	0.00e+00	0.00e+00	0.00e+00	0.00e+00	1.77e-05	1.20e-06	1.04e-06
 9.75122e+17	2.45e-05	1.43e-01	8.57e-01	1.68e-07	0.00e+00	0.00e+00	0.00e+00	0.00e+00	0.00e+00	2.18e-05	1.47e-06	1.27e-06
 1.01271e+18	2.99e-05	1.57e-01	8.43e-01	1.49e-07	0.00e+00	0.00e+00	0.00e+00	0.00e+00	0.00e+00	2.66e-05	1.78e-06	1.55e-06
 1.05305e+18	3.70e-05	1.73e-01	8.27e-01	1.30e-07	0.00e+00	0.00e+00	0.00e+00	0.00e+00	0.00e+00	3.29e-05	2.19e-06	1.91e-06
 1.09509e+18	4.62e-05	1.92e-01	8.08e-01	0.00e+00	0.00e+00	0.00e+00	0.00e+00	0.00e+00	0.00e+00	4.11e-05	2.72e-06	2.37e-06
 1.13412e+18	5.67e-05	2.11e-01	7.89e-01	0.00e+00	0.00e+00	0.00e+00	0.00e+00	0.00e+00	0.00e+00	5.04e-05	3.33e-06	2.90e-06
 1.17115e+18	6.90e-05	2.31e-01	7.69e-01	0.00e+00	0.00e+00	0.00e+00	0.00e+00	0.00e+00	0.00e+00	6.14e-05	4.04e-06	3.53e-06
 1.21353e+18	8.72e-05	2.56e-01	7.44e-01	0.00e+00	0.00e+00	0.00e+00	0.00e+00	0.00e+00	0.00e+00	7.77e-05	5.09e-06	4.44e-06
 1.25809e+18	1.12e-04	2.86e-01	7.14e-01	0.00e+00	0.00e+00	0.00e+00	0.00e+00	0.00e+00	0.00e+00	9.95e-05	6.49e-06	5.67e-06
 1.29536e+18	1.39e-04	3.15e-01	6.85e-01	0.00e+00	0.00e+00	0.00e+00	0.00e+00	0.00e+00	0.00e+00	1.23e-04	8.03e-06	7.02e-06
 1.32779e+18	1.69e-04	3.44e-01	6.56e-01	0.00e+00	0.00e+00	0.00e+00	0.00e+00	0.00e+00	0.00e+00	1.50e-04	9.76e-06	8.54e-06
 1.35905e+18	2.06e-04	3.75e-01	6.25e-01	0.00e+00	0.00e+00	0.00e+00	0.00e+00	0.00e+00	0.00e+00	1.83e-04	1.19e-05	1.04e-05
 1.38880e+18	2.51e-04	4.09e-01	5.90e-01	0.00e+00	0.00e+00	0.00e+00	0.00e+00	0.00e+00	0.00e+00	2.24e-04	1.45e-05	1.27e-05
 1.41526e+18	3.01e-04	4.44e-01	5.56e-01	0.00e+00	0.00e+00	0.00e+00	0.00e+00	0.00e+00	0.00e+00	2.69e-04	1.73e-05	1.52e-05
 1.43806e+18	3.56e-04	4.78e-01	5.22e-01	0.00e+00	0.00e+00	0.00e+00	0.00e+00	0.00e+00	0.00e+00	3.18e-04	2.05e-05	1.80e-05
 1.45802e+18	4.17e-04	5.11e-01	4.88e-01	0.00e+00	0.00e+00	0.00e+00	0.00e+00	0.00e+00	0.00e+00	3.72e-04	2.39e-05	2.10e-05
 1.47569e+18	4.81e-04	5.45e-01	4.55e-01	0.00e+00	0.00e+00	0.00e+00	0.00e+00	0.00e+00	0.00e+00	4.29e-04	2.76e-05	2.42e-05
 1.49138e+18	5.50e-04	5.78e-01	4.21e-01	0.00e+00	0.00e+00	0.00e+00	0.00e+00	0.00e+00	0.00e+00	4.91e-04	3.16e-05	2.77e-05
 1.50520e+18	6.26e-04	6.11e-01	3.88e-01	0.00e+00	0.00e+00	0.00e+00	0.00e+00	0.00e+00	0.00e+00	5.58e-04	3.59e-05	3.14e-05
 1.51734e+18	7.02e-04	6.44e-01	3.56e-01	0.00e+00	0.00e+00	0.00e+00	0.00e+00	0.00e+00	0.00e+00	6.27e-04	4.03e-05	3.53e-05
 1.52801e+18	7.81e-04	6.75e-01	3.24e-01	0.00e+00	0.00e+00	0.00e+00	0.00e+00	0.00e+00	0.00e+00	6.97e-04	4.48e-05	3.92e-05
 1.53725e+18	8.59e-04	7.05e-01	2.94e-01	0.00e+00	0.00e+00	0.00e+00	0.00e+00	0.00e+00	0.00e+00	7.66e-04	4.92e-05	4.31e-05
 1.54526e+18	9.39e-04	7.34e-01	2.65e-01	0.00e+00	0.00e+00	0.00e+00	0.00e+00	0.00e+00	0.00e+00	8.38e-04	5.38e-05	4.71e-05
 1.55228e+18	1.02e-03	7.61e-01	2.38e-01	0.00e+00	0.00e+00	0.00e+00	0.00e+00	0.00e+00	0.00e+00	9.07e-04	5.82e-05	5.10e-05
 1.55850e+18	1.09e-03	7.87e-01	2.12e-01	0.00e+00	0.00e+00	0.00e+00	0.00e+00	0.00e+00	0.00e+00	9.75e-04	6.25e-05	5.48e-05
 1.56399e+18	1.17e-03	8.11e-01	1.87e-01	0.00e+00	0.00e+00	0.00e+00	0.00e+00	0.00e+00	0.00e+00	1.04e-03	6.67e-05	5.84e-05
 1.56874e+18	1.24e-03	8.34e-01	1.64e-01	0.00e+00	0.00e+00	0.00e+00	0.00e+00	0.00e+00	0.00e+00	1.11e-03	7.09e-05	6.21e-05
 1.57286e+18	1.31e-03	8.55e-01	1.43e-01	0.00e+00	0.00e+00	0.00e+00	0.00e+00	0.00e+00	0.00e+00	1.17e-03	7.47e-05	6.54e-05
 1.57649e+18	1.37e-03	8.75e-01	1.24e-01	0.00e+00	0.00e+00	0.00e+00	0.00e+00	0.00e+00	0.00e+00	1.22e-03	7.83e-05	6.86e-05
 1.57972e+18	1.43e-03	8.92e-01	1.06e-01	0.00e+00	0.00e+00	0.00e+00	0.00e+00	0.00e+00	0.00e+00	1.27e-03	8.16e-05	7.15e-05
 1.58256e+18	1.49e-03	9.09e-01	9.00e-02	0.00e+00	0.00e+00	0.00e+00	0.00e+00	0.00e+00	0.00e+00	1.33e-03	8.49e-05	7.44e-05
 1.58506e+18	1.53e-03	9.23e-01	7.56e-02	0.00e+00	0.00e+00	0.00e+00	0.00e+00	0.00e+00	0.00e+00	1.37e-03	8.78e-05	7.69e-05
 1.58728e+18	1.58e-03	9.35e-01	6.29e-02	0.00e+00	0.00e+00	0.00e+00	0.00e+00	0.00e+00	0.00e+00	1.41e-03	9.03e-05	7.91e-05
 1.58928e+18	1.62e-03	9.47e-01	5.17e-02	0.00e+00	0.00e+00	0.00e+00	0.00e+00	0.00e+00	0.00e+00	1.45e-03	9.26e-05	8.12e-05
 1.59108e+18	1.66e-03	9.56e-01	4.21e-02	0.00e+00	0.00e+00	0.00e+00	0.00e+00	0.00e+00	0.00e+00	1.48e-03	9.49e-05	8.31e-05
 1.59271e+18	1.69e-03	9.64e-01	3.38e-02	0.00e+00	0.00e+00	0.00e+00	0.00e+00	0.00e+00	0.00e+00	1.51e-03	9.67e-05	8.47e-05
 1.59421e+18	1.72e-03	9.71e-01	2.68e-02	0.00e+00	0.00e+00	0.00e+00	0.00e+00	0.00e+00	0.00e+00	1.54e-03	9.83e-05	8.61e-05
 1.59560e+18	1.75e-03	9.77e-01	2.10e-02	0.00e+00	0.00e+00	0.00e+00	0.00e+00	0.00e+00	0.00e+00	1.56e-03	9.97e-05	8.74e-05
 1.59691e+18	1.77e-03	9.82e-01	1.62e-02	0.00e+00	0.00e+00	0.00e+00	0.00e+00	0.00e+00	0.00e+00	1.58e-03	1.01e-04	8.85e-05
 1.59818e+18	1.79e-03	9.86e-01	1.22e-02	0.00e+00	0.00e+00	0.00e+00	0.00e+00	0.00e+00	0.00e+00	1.59e-03	1.02e-04	8.95e-05
 1.59963e+18	1.81e-03	9.90e-01	8.56e-03	0.00e+00	0.00e+00	0.00e+00	0.00e+00	0.00e+00	0.00e+00	1.61e-03	1.03e-04	9.06e-05
 1.60119e+18	1.83e-03	9.92e-01	5.69e-03	0.00e+00	0.00e+00	0.00e+00	0.00e+00	0.00e+00	0.00e+00	1.63e-03	1.04e-04	9.16e-05
 1.60262e+18	1.84e-03	9.94e-01	3.82e-03	0.00e+00	0.00e+00	0.00e+00	0.00e+00	0.00e+00	0.00e+00	1.65e-03	1.05e-04	9.24e-05
 1.60420e+18	1.86e-03	9.96e-01	2.42e-03	0.00e+00	0.00e+00	0.00e+00	0.00e+00	0.00e+00	0.00e+00	1.66e-03	1.06e-04	9.34e-05
 1.60626e+18	1.89e-03	9.97e-01	1.34e-03	0.00e+00	0.00e+00	0.00e+00	0.00e+00	0.00e+00	0.00e+00	1.69e-03	1.08e-04	9.47e-05
 1.60894e+18	1.93e-03	9.97e-01	6.29e-04	0.00e+00	0.00e+00	0.00e+00	0.00e+00	0.00e+00	0.00e+00	1.72e-03	1.10e-04	9.66e-05
 1.61243e+18	1.98e-03	9.98e-01	2.44e-04	0.00e+00	0.00e+00	0.00e+00	0.00e+00	0.00e+00	0.00e+00	1.76e-03	1.13e-04	9.90e-05
 1.61696e+18	2.05e-03	9.98e-01	7.60e-05	0.00e+00	0.00e+00	0.00e+00	0.00e+00	0.00e+00	0.00e+00	1.83e-03	1.17e-04	1.03e-04
 1.62285e+18	2.15e-03	9.98e-01	1.83e-05	0.00e+00	0.00e+00	0.00e+00	0.00e+00	0.00e+00	0.00e+00	1.92e-03	1.22e-04	1.08e-04
 1.63050e+18	2.29e-03	9.98e-01	3.29e-06	0.00e+00	0.00e+00	0.00e+00	0.00e+00	0.00e+00	0.00e+00	2.05e-03	1.30e-04	1.15e-04
 1.64045e+18	2.50e-03	9.97e-01	4.15e-07	0.00e+00	0.00e+00	0.00e+00	0.00e+00	0.00e+00	0.00e+00	2.23e-03	1.42e-04	1.25e-04
 1.65339e+18	2.83e-03	9.97e-01	3.41e-08	0.00e+00	0.00e+00	0.00e+00	0.00e+00	0.00e+00	0.00e+00	2.53e-03	1.61e-04	1.41e-04
 1.67021e+18	3.38e-03	9.97e-01	1.68e-09	0.00e+00	0.00e+00	0.00e+00	0.00e+00	0.00e+00	0.00e+00	3.02e-03	1.92e-04	1.69e-04
 1.68728e+18	4.16e-03	9.96e-01	1.28e-10	0.00e+00	0.00e+00	0.00e+00	0.00e+00	0.00e+00	0.00e+00	3.72e-03	2.36e-04	2.08e-04
 1.69986e+18	5.00e-03	9.95e-01	7.25e-11	0.00e+00	0.00e+00	0.00e+00	0.00e+00	0.00e+00	0.00e+00	4.47e-03	2.84e-04	2.49e-04
 1.70877e+18	5.81e-03	9.94e-01	6.63e-11	0.00e+00	0.00e+00	0.00e+00	0.00e+00	0.00e+00	0.00e+00	5.19e-03	3.29e-04	2.89e-04
 1.71650e+18	6.70e-03	9.93e-01	6.29e-11	0.00e+00	0.00e+00	0.00e+00	0.00e+00	0.00e+00	0.00e+00	5.99e-03	3.79e-04	3.34e-04
 1.72533e+18	8.05e-03	9.92e-01	5.87e-11	0.00e+00	0.00e+00	0.00e+00	0.00e+00	0.00e+00	0.00e+00	7.19e-03	4.54e-04	4.00e-04
 1.73439e+18	1.00e-02	9.90e-01	5.39e-11	0.00e+00	0.00e+00	0.00e+00	0.00e+00	0.00e+00	0.00e+00	8.94e-03	5.63e-04	4.97e-04
 1.74136e+18	1.22e-02	9.88e-01	4.97e-11	0.00e+00	0.00e+00	0.00e+00	0.00e+00	0.00e+00	0.00e+00	1.09e-02	6.87e-04	6.07e-04
 1.74669e+18	1.46e-02	9.85e-01	4.68e-11	0.00e+00	0.00e+00	0.00e+00	0.00e+00	0.00e+00	0.00e+00	1.31e-02	8.21e-04	7.25e-04
 1.75102e+18	1.73e-02	9.83e-01	4.40e-11	0.00e+00	0.00e+00	0.00e+00	0.00e+00	0.00e+00	0.00e+00	1.55e-02	9.67e-04	8.54e-04
 1.75452e+18	2.01e-02	9.80e-01	4.16e-11	0.00e+00	0.00e+00	0.00e+00	0.00e+00	0.00e+00	0.00e+00	1.80e-02	1.12e-03	9.93e-04
 1.75763e+18	2.34e-02	9.77e-01	3.94e-11	0.00e+00	0.00e+00	0.00e+00	0.00e+00	0.00e+00	0.00e+00	2.09e-02	1.30e-03	1.15e-03
 1.76052e+18	2.74e-02	9.73e-01	3.73e-11	0.00e+00	0.00e+00	0.00e+00	0.00e+00	0.00e+00	0.00e+00	2.45e-02	1.52e-03	1.35e-03
 1.76317e+18	3.22e-02	9.68e-01	3.53e-11	0.00e+00	0.00e+00	0.00e+00	0.00e+00	0.00e+00	0.00e+00	2.89e-02	1.78e-03	1.58e-03
 1.76548e+18	3.78e-02	9.62e-01	3.34e-11	0.00e+00	0.00e+00	0.00e+00	0.00e+00	0.00e+00	0.00e+00	3.39e-02	2.08e-03	1.85e-03
 1.76748e+18	4.43e-02	9.56e-01	3.17e-11	0.00e+00	0.00e+00	0.00e+00	0.00e+00	0.00e+00	0.00e+00	3.97e-02	2.42e-03	2.16e-03
 1.76923e+18	5.17e-02	9.48e-01	3.02e-11	0.00e+00	0.00e+00	0.00e+00	0.00e+00	0.00e+00	0.00e+00	4.63e-02	2.81e-03	2.51e-03
 1.77080e+18	6.03e-02	9.40e-01	2.87e-11	0.00e+00	0.00e+00	0.00e+00	0.00e+00	0.00e+00	0.00e+00	5.42e-02	3.27e-03	2.92e-03
 1.77220e+18	7.04e-02	9.30e-01	2.77e-11	0.00e+00	0.00e+00	0.00e+00	0.00e+00	0.00e+00	0.00e+00	6.32e-02	3.78e-03	3.39e-03
 1.77346e+18	8.22e-02	9.18e-01	2.67e-11	0.00e+00	0.00e+00	0.00e+00	0.00e+00	0.00e+00	0.00e+00	7.39e-02	4.38e-03	3.93e-03
 1.77459e+18	9.59e-02	9.04e-01	2.58e-11	0.00e+00	0.00e+00	0.00e+00	0.00e+00	0.00e+00	0.00e+00	8.63e-02	5.06e-03	4.55e-03
 1.77559e+18	1.12e-01	8.88e-01	2.48e-11	0.00e+00	0.00e+00	0.00e+00	0.00e+00	0.00e+00	0.00e+00	1.01e-01	5.84e-03	5.27e-03
 1.77649e+18	1.30e-01	8.70e-01	2.40e-11	0.00e+00	0.00e+00	0.00e+00	0.00e+00	0.00e+00	0.00e+00	1.17e-01	6.70e-03	6.07e-03
 1.77729e+18	1.51e-01	8.49e-01	2.33e-11	0.00e+00	0.00e+00	0.00e+00	0.00e+00	0.00e+00	0.00e+00	1.36e-01	7.67e-03	6.97e-03
 1.77802e+18	1.75e-01	8.25e-01	2.27e-11	0.00e+00	0.00e+00	0.00e+00	0.00e+00	0.00e+00	0.00e+00	1.58e-01	8.74e-03	7.97e-03
 1.77868e+18	2.03e-01	7.97e-01	2.22e-11	0.00e+00	0.00e+00	0.00e+00	0.00e+00	0.00e+00	0.00e+00	1.84e-01	9.91e-03	9.08e-03
 1.77929e+18	2.34e-01	7.66e-01	2.18e-11	0.00e+00	0.00e+00	0.00e+00	0.00e+00	0.00e+00	0.00e+00	2.13e-01	1.12e-02	1.03e-02
 1.77986e+18	2.70e-01	7.30e-01	2.15e-11	0.00e+00	0.00e+00	0.00e+00	0.00e+00	0.00e+00	0.00e+00	2.46e-01	1.25e-02	1.16e-02
 1.78038e+18	3.10e-01	6.90e-01	2.12e-11	0.00e+00	0.00e+00	0.00e+00	0.00e+00	0.00e+00	0.00e+00	2.84e-01	1.39e-02	1.30e-02
 1.78084e+18	3.52e-01	6.48e-01	2.10e-11	0.00e+00	0.00e+00	0.00e+00	0.00e+00	0.00e+00	0.00e+00	3.22e-01	1.52e-02	1.42e-02
 1.78120e+18	3.88e-01	6.12e-01	2.08e-11	0.00e+00	0.00e+00	0.00e+00	0.00e+00	0.00e+00	0.00e+00	3.57e-01	1.61e-02	1.52e-02
 1.78147e+18	4.18e-01	5.82e-01	2.07e-11	0.00e+00	0.00e+00	0.00e+00	0.00e+00	0.00e+00	0.00e+00	3.85e-01	1.69e-02	1.60e-02
 1.78169e+18	4.45e-01	5.55e-01	2.05e-11	0.00e+00	0.00e+00	0.00e+00	0.00e+00	0.00e+00	0.00e+00	4.11e-01	1.74e-02	1.66e-02
 1.78190e+18	4.71e-01	5.29e-01	2.03e-11	0.00e+00	0.00e+00	0.00e+00	0.00e+00	0.00e+00	0.00e+00	4.36e-01	1.79e-02	1.71e-02
 1.78209e+18	4.96e-01	5.04e-01	2.01e-11	0.00e+00	0.00e+00	0.00e+00	0.00e+00	0.00e+00	0.00e+00	4.60e-01	1.82e-02	1.76e-02
 1.78227e+18	5.20e-01	4.80e-01	2.00e-11	0.00e+00	0.00e+00	0.00e+00	0.00e+00	0.00e+00	0.00e+00	4.84e-01	1.85e-02	1.79e-02
 1.78244e+18	5.42e-01	4.58e-01	1.98e-11	0.00e+00	0.00e+00	0.00e+00	0.00e+00	0.00e+00	0.00e+00	5.05e-01	1.87e-02	1.82e-02
 1.78258e+18	5.63e-01	4.37e-01	1.95e-11	0.00e+00	0.00e+00	0.00e+00	0.00e+00	0.00e+00	0.00e+00	5.25e-01	1.89e-02	1.84e-02
 1.78272e+18	5.82e-01	4.18e-01	1.93e-11	0.00e+00	0.00e+00	0.00e+00	0.00e+00	0.00e+00	0.00e+00	5.45e-01	1.89e-02	1.86e-02
 1.78283e+18	5.97e-01	4.03e-01	1.91e-11	0.00e+00	0.00e+00	0.00e+00	0.00e+00	0.00e+00	0.00e+00	5.60e-01	1.90e-02	1.86e-02
 1.78292e+18	6.09e-01	3.91e-01	1.90e-11	0.00e+00	0.00e+00	0.00e+00	0.00e+00	0.00e+00	0.00e+00	5.71e-01	1.90e-02	1.87e-02
 1.78299e+18	6.20e-01	3.80e-01	1.89e-11	0.00e+00	0.00e+00	0.00e+00	0.00e+00	0.00e+00	0.00e+00	5.82e-01	1.90e-02	1.87e-02
 1.78308e+18	6.32e-01	3.68e-01	1.86e-11	0.00e+00	0.00e+00	0.00e+00	0.00e+00	0.00e+00	0.00e+00	5.94e-01	1.89e-02	1.87e-02
 1.78316e+18	6.44e-01	3.56e-01	1.84e-11	0.00e+00	0.00e+00	0.00e+00	0.00e+00	0.00e+00	0.00e+00	6.07e-01	1.89e-02	1.87e-02
 1.78325e+18	6.56e-01	3.44e-01	1.83e-11	0.00e+00	0.00e+00	0.00e+00	0.00e+00	0.00e+00	0.00e+00	6.19e-01	1.88e-02	1.87e-02
 1.78333e+18	6.67e-01	3.33e-01	1.81e-11	0.00e+00	0.00e+00	0.00e+00	0.00e+00	0.00e+00	0.00e+00	6.30e-01	1.87e-02	1.87e-02
 1.78342e+18	6.79e-01	3.21e-01	1.78e-11	0.00e+00	0.00e+00	0.00e+00	0.00e+00	0.00e+00	0.00e+00	6.42e-01	1.86e-02	1.86e-02
 1.78350e+18	6.90e-01	3.10e-01	1.76e-11	0.00e+00	0.00e+00	0.00e+00	0.00e+00	0.00e+00	0.00e+00	6.53e-01	1.85e-02	1.86e-02
 1.78358e+18	7.01e-01	2.99e-01	1.74e-11	0.00e+00	0.00e+00	0.00e+00	0.00e+00	0.00e+00	0.00e+00	6.64e-01	1.84e-02	1.85e-02
 1.78366e+18	7.12e-01	2.88e-01	1.72e-11	0.00e+00	0.00e+00	0.00e+00	0.00e+00	0.00e+00	0.00e+00	6.75e-01	1.83e-02	1.84e-02
 1.78374e+18	7.22e-01	2.78e-01	1.69e-11	0.00e+00	0.00e+00	0.00e+00	0.00e+00	0.00e+00	0.00e+00	6.86e-01	1.81e-02	1.83e-02
 1.78382e+18	7.33e-01	2.67e-01	1.67e-11	0.00e+00	0.00e+00	0.00e+00	0.00e+00	0.00e+00	0.00e+00	6.96e-01	1.80e-02	1.81e-02
 1.78390e+18	7.43e-01	2.57e-01	1.64e-11	0.00e+00	0.00e+00	0.00e+00	0.00e+00	0.00e+00	0.00e+00	7.07e-01	1.78e-02	1.80e-02
 1.78398e+18	7.52e-01	2.48e-01	1.61e-11	0.00e+00	0.00e+00	0.00e+00	0.00e+00	0.00e+00	0.00e+00	7.17e-01	1.76e-02	1.78e-02
 1.78405e+18	7.62e-01	2.38e-01	1.58e-11	0.00e+00	0.00e+00	0.00e+00	0.00e+00	0.00e+00	0.00e+00	7.27e-01	1.74e-02	1.77e-02
 1.78413e+18	7.71e-01	2.29e-01	1.56e-11	0.00e+00	0.00e+00	0.00e+00	0.00e+00	0.00e+00	0.00e+00	7.36e-01	1.72e-02	1.75e-02
 1.78421e+18	7.80e-01	2.20e-01	1.53e-11	0.00e+00	0.00e+00	0.00e+00	0.00e+00	0.00e+00	0.00e+00	7.46e-01	1.70e-02	1.73e-02
 1.78429e+18	7.89e-01	2.11e-01	1.50e-11	0.00e+00	0.00e+00	0.00e+00	0.00e+00	0.00e+00	0.00e+00	7.55e-01	1.68e-02	1.71e-02
 1.78436e+18	7.97e-01	2.03e-01	1.47e-11	0.00e+00	0.00e+00	0.00e+00	0.00e+00	0.00e+00	0.00e+00	7.64e-01	1.66e-02	1.69e-02
 1.78444e+18	8.06e-01	1.94e-01	1.44e-11	0.00e+00	0.00e+00	0.00e+00	0.00e+00	0.00e+00	0.00e+00	7.73e-01	1.63e-02	1.67e-02
 1.78451e+18	8.14e-01	1.86e-01	1.41e-11	0.00e+00	0.00e+00	0.00e+00	0.00e+00	0.00e+00	0.00e+00	7.81e-01	1.61e-02	1.65e-02
 1.78459e+18	8.21e-01	1.79e-01	1.38e-11	0.00e+00	0.00e+00	0.00e+00	0.00e+00	0.00e+00	0.00e+00	7.89e-01	1.59e-02	1.63e-02
 1.78466e+18	8.28e-01	1.72e-01	1.35e-11	0.00e+00	0.00e+00	0.00e+00	0.00e+00	0.00e+00	0.00e+00	7.97e-01	1.57e-02	1.61e-02
 1.78473e+18	8.35e-01	1.65e-01	1.33e-11	0.00e+00	0.00e+00	0.00e+00	0.00e+00	0.00e+00	0.00e+00	8.04e-01	1.55e-02	1.59e-02
 1.78480e+18	8.42e-01	1.58e-01	1.30e-11	0.00e+00	0.00e+00	0.00e+00	0.00e+00	0.00e+00	0.00e+00	8.11e-01	1.52e-02	1.57e-02
 1.78487e+18	8.48e-01	1.52e-01	1.27e-11	0.00e+00	0.00e+00	0.00e+00	0.00e+00	0.00e+00	0.00e+00	8.18e-01	1.50e-02	1.55e-02
 1.78494e+18	8.55e-01	1.45e-01	1.24e-11	0.00e+00	0.00e+00	0.00e+00	0.00e+00	0.00e+00	0.00e+00	8.25e-01	1.48e-02	1.52e-02
 1.78501e+18	8.60e-01	1.40e-01	1.21e-11	0.00e+00	0.00e+00	0.00e+00	0.00e+00	0.00e+00	0.00e+00	8.31e-01	1.46e-02	1.50e-02
 1.78508e+18	8.66e-01	1.34e-01	1.18e-11	0.00e+00	0.00e+00	0.00e+00	0.00e+00	0.00e+00	0.00e+00	8.37e-01	1.44e-02	1.48e-02
 1.78515e+18	8.71e-01	1.29e-01	1.16e-11	0.00e+00	0.00e+00	0.00e+00	0.00e+00	0.00e+00	0.00e+00	8.43e-01	1.42e-02	1.46e-02
 1.78522e+18	8.77e-01	1.23e-01	1.13e-11	0.00e+00	0.00e+00	0.00e+00	0.00e+00	0.00e+00	0.00e+00	8.48e-01	1.40e-02	1.44e-02
 1.78528e+18	8.81e-01	1.19e-01	1.10e-11	0.00e+00	0.00e+00	0.00e+00	0.00e+00	0.00e+00	0.00e+00	8.53e-01	1.38e-02	1.42e-02
 1.78535e+18	8.86e-01	1.14e-01	1.08e-11	0.00e+00	0.00e+00	0.00e+00	0.00e+00	0.00e+00	0.00e+00	8.59e-01	1.36e-02	1.40e-02
 1.78541e+18	8.91e-01	1.09e-01	1.05e-11	0.00e+00	0.00e+00	0.00e+00	0.00e+00	0.00e+00	0.00e+00	8.64e-01	1.34e-02	1.39e-02
 1.78548e+18	8.95e-01	1.05e-01	1.03e-11	0.00e+00	0.00e+00	0.00e+00	0.00e+00	0.00e+00	0.00e+00	8.68e-01	1.32e-02	1.37e-02
 1.78554e+18	8.99e-01	1.01e-01	1.00e-11	0.00e+00	0.00e+00	0.00e+00	0.00e+00	0.00e+00	0.00e+00	8.73e-01	1.30e-02	1.35e-02
 1.78561e+18	9.03e-01	9.67e-02	9.76e-12	0.00e+00	0.00e+00	0.00e+00	0.00e+00	0.00e+00	0.00e+00	8.77e-01	1.29e-02	1.33e-02
 1.78567e+18	9.07e-01	9.29e-02	9.52e-12	0.00e+00	0.00e+00	0.00e+00	0.00e+00	0.00e+00	0.00e+00	8.81e-01	1.27e-02	1.31e-02
 1.78573e+18	9.11e-01	8.92e-02	9.28e-12	0.00e+00	0.00e+00	0.00e+00	0.00e+00	0.00e+00	0.00e+00	8.85e-01	1.25e-02	1.30e-02
 1.78580e+18	9.14e-01	8.57e-02	9.05e-12	0.00e+00	0.00e+00	0.00e+00	0.00e+00	0.00e+00	0.00e+00	8.89e-01	1.24e-02	1.28e-02
 1.78586e+18	9.18e-01	8.22e-02	8.82e-12	0.00e+00	0.00e+00	0.00e+00	0.00e+00	0.00e+00	0.00e+00	8.93e-01	1.22e-02	1.26e-02
 1.78592e+18	9.21e-01	7.91e-02	8.60e-12	0.00e+00	0.00e+00	0.00e+00	0.00e+00	0.00e+00	0.00e+00	8.96e-01	1.20e-02	1.25e-02
 1.78598e+18	9.24e-01	7.59e-02	8.38e-12	0.00e+00	0.00e+00	0.00e+00	0.00e+00	0.00e+00	0.00e+00	9.00e-01	1.19e-02	1.23e-02
 1.78604e+18	9.27e-01	7.29e-02	8.16e-12	0.00e+00	0.00e+00	0.00e+00	0.00e+00	0.00e+00	0.00e+00	9.03e-01	1.18e-02	1.22e-02
 1.78610e+18	9.30e-01	7.00e-02	7.95e-12	0.00e+00	0.00e+00	0.00e+00	0.00e+00	0.00e+00	0.00e+00	9.06e-01	1.16e-02	1.20e-02
 1.78616e+18	9.33e-01	6.73e-02	7.75e-12	0.00e+00	0.00e+00	0.00e+00	0.00e+00	0.00e+00	0.00e+00	9.09e-01	1.15e-02	1.19e-02
 1.78622e+18	9.35e-01	6.46e-02	7.55e-12	0.00e+00	0.00e+00	0.00e+00	0.00e+00	0.00e+00	0.00e+00	9.12e-01	1.13e-02	1.18e-02
 1.78628e+18	9.38e-01	6.21e-02	7.35e-12	0.00e+00	0.00e+00	0.00e+00	0.00e+00	0.00e+00	0.00e+00	9.15e-01	1.12e-02	1.16e-02
 1.78635e+18	9.40e-01	5.96e-02	7.15e-12	0.00e+00	0.00e+00	0.00e+00	0.00e+00	0.00e+00	0.00e+00	9.18e-01	1.11e-02	1.15e-02
 1.78641e+18	9.43e-01	5.73e-02	6.97e-12	0.00e+00	0.00e+00	0.00e+00	0.00e+00	0.00e+00	0.00e+00	9.20e-01	1.10e-02	1.14e-02
 1.78647e+18	9.45e-01	5.50e-02	6.78e-12	0.00e+00	0.00e+00	0.00e+00	0.00e+00	0.00e+00	0.00e+00	9.23e-01	1.09e-02	1.12e-02
 1.78652e+18	9.47e-01	5.29e-02	6.61e-12	0.00e+00	0.00e+00	0.00e+00	0.00e+00	0.00e+00	0.00e+00	9.25e-01	1.07e-02	1.11e-02
 1.78658e+18	9.49e-01	5.08e-02	6.43e-12	0.00e+00	0.00e+00	0.00e+00	0.00e+00	0.00e+00	0.00e+00	9.28e-01	1.06e-02	1.10e-02
 1.78664e+18	9.51e-01	4.88e-02	6.26e-12	0.00e+00	0.00e+00	0.00e+00	0.00e+00	0.00e+00	0.00e+00	9.30e-01	1.05e-02	1.09e-02
 1.78670e+18	9.53e-01	4.69e-02	6.09e-12	0.00e+00	0.00e+00	0.00e+00	0.00e+00	0.00e+00	0.00e+00	9.32e-01	1.04e-02	1.08e-02
 1.78676e+18	9.55e-01	4.51e-02	5.93e-12	0.00e+00	0.00e+00	0.00e+00	0.00e+00	0.00e+00	0.00e+00	9.34e-01	1.03e-02	1.07e-02
 1.78682e+18	9.57e-01	4.33e-02	5.77e-12	0.00e+00	0.00e+00	0.00e+00	0.00e+00	0.00e+00	0.00e+00	9.36e-01	1.02e-02	1.06e-02
 1.78688e+18	9.58e-01	4.16e-02	5.62e-12	0.00e+00	0.00e+00	0.00e+00	0.00e+00	0.00e+00	0.00e+00	9.38e-01	1.01e-02	1.05e-02
 1.78694e+18	9.60e-01	4.00e-02	5.46e-12	0.00e+00	0.00e+00	0.00e+00	0.00e+00	0.00e+00	0.00e+00	9.40e-01	1.00e-02	1.04e-02
 1.78700e+18	9.62e-01	3.84e-02	5.32e-12	0.00e+00	0.00e+00	0.00e+00	0.00e+00	0.00e+00	0.00e+00	9.41e-01	9.96e-03	1.03e-02
 1.78706e+18	9.63e-01	3.69e-02	5.18e-12	0.00e+00	0.00e+00	0.00e+00	0.00e+00	0.00e+00	0.00e+00	9.43e-01	9.87e-03	1.02e-02
 1.78711e+18	9.65e-01	3.55e-02	5.04e-12	0.00e+00	0.00e+00	0.00e+00	0.00e+00	0.00e+00	0.00e+00	9.45e-01	9.78e-03	1.01e-02
 1.78717e+18	9.66e-01	3.41e-02	4.90e-12	0.00e+00	0.00e+00	0.00e+00	0.00e+00	0.00e+00	0.00e+00	9.46e-01	9.70e-03	1.00e-02
 1.78723e+18	9.67e-01	3.27e-02	4.77e-12	0.00e+00	0.00e+00	0.00e+00	0.00e+00	0.00e+00	0.00e+00	9.48e-01	9.62e-03	9.92e-03
 1.78729e+18	9.69e-01	3.15e-02	4.65e-12	0.00e+00	0.00e+00	0.00e+00	0.00e+00	0.00e+00	0.00e+00	9.49e-01	9.54e-03	9.83e-03
 1.78735e+18	9.70e-01	3.02e-02	4.52e-12	0.00e+00	0.00e+00	0.00e+00	0.00e+00	0.00e+00	0.00e+00	9.51e-01	9.47e-03	9.74e-03
 1.78740e+18	9.71e-01	2.90e-02	4.40e-12	0.00e+00	0.00e+00	0.00e+00	0.00e+00	0.00e+00	0.00e+00	9.52e-01	9.39e-03	9.66e-03
 1.78746e+18	9.72e-01	2.79e-02	4.29e-12	0.00e+00	0.00e+00	0.00e+00	0.00e+00	0.00e+00	0.00e+00	9.53e-01	9.32e-03	9.58e-03
 1.78752e+18	9.73e-01	2.68e-02	4.18e-12	0.00e+00	0.00e+00	0.00e+00	0.00e+00	0.00e+00	0.00e+00	9.54e-01	9.25e-03	9.49e-03
 1.78758e+18	9.74e-01	2.57e-02	4.07e-12	0.00e+00	0.00e+00	0.00e+00	0.00e+00	0.00e+00	0.00e+00	9.56e-01	9.18e-03	9.41e-03
 1.78763e+18	9.75e-01	2.48e-02	3.97e-12	0.00e+00	0.00e+00	0.00e+00	0.00e+00	0.00e+00	0.00e+00	9.57e-01	9.12e-03	9.34e-03
 1.78769e+18	9.76e-01	2.38e-02	3.88e-12	0.00e+00	0.00e+00	0.00e+00	0.00e+00	0.00e+00	0.00e+00	9.58e-01	9.05e-03	9.26e-03
 1.78775e+18	9.77e-01	2.28e-02	3.78e-12	0.00e+00	0.00e+00	0.00e+00	0.00e+00	0.00e+00	0.00e+00	9.59e-01	8.98e-03	9.18e-03
 1.78780e+18	9.78e-01	2.19e-02	3.69e-12	0.00e+00	0.00e+00	0.00e+00	0.00e+00	0.00e+00	0.00e+00	9.60e-01	8.92e-03	9.10e-03
 1.78786e+18	9.79e-01	2.10e-02	3.60e-12	0.00e+00	0.00e+00	0.00e+00	0.00e+00	0.00e+00	0.00e+00	9.61e-01	8.85e-03	9.02e-03
 1.78791e+18	9.80e-01	2.02e-02	3.53e-12	0.00e+00	0.00e+00	0.00e+00	0.00e+00	0.00e+00	0.00e+00	9.62e-01	8.79e-03	8.95e-03
 1.78796e+18	9.81e-01	1.94e-02	3.46e-12	0.00e+00	0.00e+00	0.00e+00	0.00e+00	0.00e+00	0.00e+00	9.63e-01	8.72e-03	8.87e-03
 1.78801e+18	9.81e-01	1.86e-02	3.39e-12	0.00e+00	0.00e+00	0.00e+00	0.00e+00	0.00e+00	0.00e+00	9.64e-01	8.66e-03	8.79e-03
 1.78806e+18	9.82e-01	1.78e-02	3.33e-12	0.00e+00	0.00e+00	0.00e+00	0.00e+00	0.00e+00	0.00e+00	9.65e-01	8.60e-03	8.71e-03
 1.78811e+18	9.83e-01	1.71e-02	3.28e-12	0.00e+00	0.00e+00	0.00e+00	0.00e+00	0.00e+00	0.00e+00	9.66e-01	8.53e-03	8.62e-03
 1.78815e+18	9.84e-01	1.64e-02	3.23e-12	0.00e+00	0.00e+00	0.00e+00	0.00e+00	0.00e+00	0.00e+00	9.67e-01	8.46e-03	8.54e-03
 1.78819e+18	9.84e-01	1.59e-02	3.20e-12	0.00e+00	0.00e+00	0.00e+00	0.00e+00	0.00e+00	0.00e+00	9.67e-01	8.41e-03	8.47e-03
 1.78822e+18	9.85e-01	1.54e-02	3.17e-12	0.00e+00	0.00e+00	0.00e+00	0.00e+00	0.00e+00	0.00e+00	9.68e-01	8.36e-03	8.41e-03
 1.78825e+18	9.85e-01	1.49e-02	3.14e-12	0.00e+00	0.00e+00	0.00e+00	0.00e+00	0.00e+00	0.00e+00	9.68e-01	8.31e-03	8.35e-03
 1.78828e+18	9.85e-01	1.45e-02	3.12e-12	0.00e+00	0.00e+00	0.00e+00	0.00e+00	0.00e+00	0.00e+00	9.69e-01	8.27e-03	8.29e-03
 1.78830e+18	9.86e-01	1.42e-02	3.10e-12	0.00e+00	0.00e+00	0.00e+00	0.00e+00	0.00e+00	0.00e+00	9.69e-01	8.22e-03	8.24e-03
 1.78832e+18	9.86e-01	1.38e-02	3.09e-12	0.00e+00	0.00e+00	0.00e+00	0.00e+00	0.00e+00	0.00e+00	9.70e-01	8.18e-03	8.19e-03
 1.78834e+18	9.87e-01	1.35e-02	3.07e-12	0.00e+00	0.00e+00	0.00e+00	0.00e+00	0.00e+00	0.00e+00	9.70e-01	8.14e-03	8.13e-03
 1.78836e+18	9.87e-01	1.31e-02	3.06e-12	0.00e+00	0.00e+00	0.00e+00	0.00e+00	0.00e+00	0.00e+00	9.71e-01	8.10e-03	8.08e-03
 1.78838e+18	9.87e-01	1.28e-02	3.04e-12	0.00e+00	0.00e+00	0.00e+00	0.00e+00	0.00e+00	0.00e+00	9.71e-01	8.05e-03	8.03e-03
 1.78839e+18	9.88e-01	1.25e-02	3.03e-12	0.00e+00	0.00e+00	0.00e+00	0.00e+00	0.00e+00	0.00e+00	9.72e-01	8.01e-03	7.97e-03
