#depth	O	O+	O+2	O+3	O+4	O+5	O+6	O+7	O+8	O[1]	O[2]	O[3]
 6.32647e+11	1.21e-08	3.61e-03	8.79e-01	1.18e-01	2.11e-06	0.00e+00	0.00e+00	0.00e+00	0.00e+00	7.23e-09	3.57e-09	1.32e-09
 3.79588e+12	1.21e-08	3.61e-03	8.79e-01	1.17e-01	2.10e-06	0.00e+00	0.00e+00	0.00e+00	0.00e+00	7.23e-09	3.57e-09	1.32e-09
 1.64488e+13	1.22e-08	3.62e-03	8.81e-01	1.16e-01	2.05e-06	0.00e+00	0.00e+00	0.00e+00	0.00e+00	7.26e-09	3.58e-09	1.32e-09
 6.70606e+13	1.23e-08	3.66e-03	8.87e-01	1.10e-01	1.89e-06	0.00e+00	0.00e+00	0.00e+00	0.00e+00	7.35e-09	3.63e-09	1.34e-09
 1.60186e+14	1.26e-08	3.71e-03	8.95e-01	1.01e-01	1.66e-06	0.00e+00	0.00e+00	0.00e+00	0.00e+00	7.49e-09	3.69e-09	1.37e-09
 2.81250e+14	1.29e-08	3.77e-03	9.05e-01	9.09e-02	1.41e-06	0.00e+00	0.00e+00	0.00e+00	0.00e+00	7.67e-09	3.78e-09	1.40e-09
 4.38632e+14	1.32e-08	3.85e-03	9.18e-01	7.85e-02	1.12e-06	0.00e+00	0.00e+00	0.00e+00	0.00e+00	7.90e-09	3.89e-09	1.44e-09
 6.43229e+14	1.37e-08	3.94e-03	9.32e-01	6.42e-02	8.27e-07	0.00e+00	0.00e+00	0.00e+00	0.00e+00	8.16e-09	4.02e-09	1.49e-09
 9.09205e+14	1.42e-08	4.04e-03	9.47e-01	4.86e-02	5.46e-07	0.00e+00	0.00e+00	0.00e+00	0.00e+00	8.47e-09	4.16e-09	1.55e-09
 1.25497e+15	1.48e-08	4.16e-03	9.63e-01	3.31e-02	3.09e-07	0.00e+00	0.00e+00	0.00e+00	0.00e+00	8.84e-09	4.34e-09	1.62e-09
 1.70447e+15	1.55e-08	4.30e-03	9.76e-01	1.95e-02	1.43e-07	0.00e+00	0.00e+00	0.00e+00	0.00e+00	9.29e-09	4.56e-09	1.70e-09
 2.28882e+15	1.64e-08	4.44e-03	9.86e-01	9.52e-03	0.00e+00	0.00e+00	0.00e+00	0.00e+00	0.00e+00	9.82e-09	4.81e-09	1.80e-09
 3.04848e+15	1.75e-08	4.60e-03	9.92e-01	3.72e-03	0.00e+00	0.00e+00	0.00e+00	0.00e+00	0.00e+00	1.05e-08	5.11e-09	1.92e-09
 4.03603e+15	1.89e-08	4.79e-03	9.94e-01	1.13e-03	0.00e+00	0.00e+00	0.00e+00	0.00e+00	0.00e+00	1.13e-08	5.50e-09	2.07e-09
 5.31985e+15	2.08e-08	5.02e-03	9.95e-01	2.69e-04	0.00e+00	0.00e+00	0.00e+00	0.00e+00	0.00e+00	1.25e-08	6.03e-09	2.28e-09
 6.98881e+15	2.34e-08	5.32e-03	9.95e-01	6.07e-05	0.00e+00	0.00e+00	0.00e+00	0.00e+00	0.00e+00	1.41e-08	6.75e-09	2.57e-09
 9.09085e+15	2.71e-08	5.72e-03	9.94e-01	2.36e-05	0.00e+00	0.00e+00	0.00e+00	0.00e+00	0.00e+00	1.63e-08	7.77e-09	2.98e-09
 1.14546e+16	3.17e-08	6.17e-03	9.94e-01	1.72e-05	0.00e+00	0.00e+00	0.00e+00	0.00e+00	0.00e+00	1.91e-08	9.02e-09	3.50e-09
 1.39129e+16	3.71e-08	6.67e-03	9.93e-01	1.51e-05	0.00e+00	0.00e+00	0.00e+00	0.00e+00	0.00e+00	2.25e-08	1.05e-08	4.11e-09
 1.64696e+16	4.35e-08	7.21e-03	9.93e-01	1.36e-05	0.00e+00	0.00e+00	0.00e+00	0.00e+00	0.00e+00	2.64e-08	1.22e-08	4.83e-09
 1.86616e+16	4.96e-08	7.69e-03	9.92e-01	1.25e-05	0.00e+00	0.00e+00	0.00e+00	0.00e+00	0.00e+00	3.02e-08	1.38e-08	5.52e-09
 2.05278e+16	5.53e-08	8.11e-03	9.92e-01	1.17e-05	0.00e+00	0.00e+00	0.00e+00	0.00e+00	0.00e+00	3.37e-08	1.53e-08	6.17e-09
 2.25806e+16	6.22e-08	8.59e-03	9.91e-01	1.09e-05	0.00e+00	0.00e+00	0.00e+00	0.00e+00	0.00e+00	3.80e-08	1.72e-08	6.96e-09
 2.48386e+16	7.05e-08	9.14e-03	9.91e-01	1.00e-05	0.00e+00	0.00e+00	0.00e+00	0.00e+00	0.00e+00	4.32e-08	1.94e-08	7.91e-09
 2.73225e+16	8.07e-08	9.76e-03	9.90e-01	9.20e-06	0.00e+00	0.00e+00	0.00e+00	0.00e+00	0.00e+00	4.96e-08	2.20e-08	9.07e-09
 3.00548e+16	9.31e-08	1.05e-02	9.90e-01	8.39e-06	0.00e+00	0.00e+00	0.00e+00	0.00e+00	0.00e+00	5.74e-08	2.52e-08	1.05e-08
 3.30602e+16	1.09e-07	1.13e-02	9.89e-01	7.62e-06	0.00e+00	0.00e+00	0.00e+00	0.00e+00	0.00e+00	6.71e-08	2.91e-08	1.22e-08
 3.63273e+16	1.27e-07	1.22e-02	9.88e-01	6.86e-06	0.00e+00	0.00e+00	0.00e+00	0.00e+00	0.00e+00	7.92e-08	3.39e-08	1.44e-08
 3.97805e+16	1.50e-07	1.32e-02	9.87e-01	6.16e-06	0.00e+00	0.00e+00	0.00e+00	0.00e+00	0.00e+00	9.37e-08	3.96e-08	1.70e-08
 4.33719e+16	1.77e-07	1.44e-02	9.86e-01	5.52e-06	0.00e+00	0.00e+00	0.00e+00	0.00e+00	0.00e+00	1.11e-07	4.62e-08	2.00e-08
 4.71069e+16	2.09e-07	1.56e-02	9.84e-01	4.95e-06	0.00e+00	0.00e+00	0.00e+00	0.00e+00	0.00e+00	1.31e-07	5.40e-08	2.36e-08
 5.09913e+16	2.47e-07	1.69e-02	9.83e-01	4.42e-06	0.00e+00	0.00e+00	0.00e+00	0.00e+00	0.00e+00	1.56e-07	6.31e-08	2.78e-08
 5.50311e+16	2.92e-07	1.84e-02	9.82e-01	3.94e-06	0.00e+00	0.00e+00	0.00e+00	0.00e+00	0.00e+00	1.85e-07	7.38e-08	3.27e-08
 5.92325e+16	3.46e-07	1.99e-02	9.80e-01	3.51e-06	0.00e+00	0.00e+00	0.00e+00	0.00e+00	0.00e+00	2.21e-07	8.65e-08	3.86e-08
 6.36019e+16	4.09e-07	2.17e-02	9.78e-01	3.11e-06	0.00e+00	0.00e+00	0.00e+00	0.00e+00	0.00e+00	2.63e-07	1.01e-07	4.55e-08
 6.81461e+16	4.86e-07	2.36e-02	9.76e-01	2.76e-06	0.00e+00	0.00e+00	0.00e+00	0.00e+00	0.00e+00	3.13e-07	1.19e-07	5.37e-08
 7.28721e+16	5.78e-07	2.57e-02	9.74e-01	2.44e-06	0.00e+00	0.00e+00	0.00e+00	0.00e+00	0.00e+00	3.74e-07	1.40e-07	6.34e-08
 7.77871e+16	6.89e-07	2.79e-02	9.72e-01	2.15e-06	0.00e+00	0.00e+00	0.00e+00	0.00e+00	0.00e+00	4.48e-07	1.65e-07	7.50e-08
 8.28988e+16	8.22e-07	3.05e-02	9.70e-01	1.89e-06	0.00e+00	0.00e+00	0.00e+00	0.00e+00	0.00e+00	5.37e-07	1.95e-07	8.89e-08
 8.82148e+16	9.83e-07	3.32e-02	9.67e-01	1.65e-06	0.00e+00	0.00e+00	0.00e+00	0.00e+00	0.00e+00	6.46e-07	2.32e-07	1.06e-07
 9.37436e+16	1.18e-06	3.63e-02	9.64e-01	1.44e-06	0.00e+00	0.00e+00	0.00e+00	0.00e+00	0.00e+00	7.78e-07	2.75e-07	1.26e-07
 9.94935e+16	1.42e-06	3.97e-02	9.60e-01	1.25e-06	0.00e+00	0.00e+00	0.00e+00	0.00e+00	0.00e+00	9.39e-07	3.28e-07	1.50e-07
 1.05473e+17	1.71e-06	4.35e-02	9.56e-01	1.08e-06	0.00e+00	0.00e+00	0.00e+00	0.00e+00	0.00e+00	1.14e-06	3.93e-07	1.80e-07
 1.11692e+17	2.07e-06	4.77e-02	9.52e-01	9.31e-07	0.00e+00	0.00e+00	0.00e+00	0.00e+00	0.00e+00	1.38e-06	4.72e-07	2.17e-07
 1.18160e+17	2.52e-06	5.25e-02	9.47e-01	7.98e-07	0.00e+00	0.00e+00	0.00e+00	0.00e+00	0.00e+00	1.69e-06	5.71e-07	2.62e-07
 1.24887e+17	3.08e-06	5.78e-02	9.42e-01	6.80e-07	0.00e+00	0.00e+00	0.00e+00	0.00e+00	0.00e+00	2.07e-06	6.92e-07	3.19e-07
 1.31709e+17	3.77e-06	6.38e-02	9.36e-01	5.79e-07	0.00e+00	0.00e+00	0.00e+00	0.00e+00	0.00e+00	2.54e-06	8.42e-07	3.88e-07
 1.38472e+17	4.59e-06	7.01e-02	9.30e-01	4.92e-07	0.00e+00	0.00e+00	0.00e+00	0.00e+00	0.00e+00	3.10e-06	1.02e-06	4.71e-07
 1.45678e+17	5.67e-06	7.77e-02	9.22e-01	4.16e-07	0.00e+00	0.00e+00	0.00e+00	0.00e+00	0.00e+00	3.84e-06	1.25e-06	5.79e-07
 1.53202e+17	7.06e-06	8.64e-02	9.14e-01	3.48e-07	0.00e+00	0.00e+00	0.00e+00	0.00e+00	0.00e+00	4.79e-06	1.55e-06	7.19e-07
 1.60313e+17	8.69e-06	9.56e-02	9.04e-01	2.93e-07	0.00e+00	0.00e+00	0.00e+00	0.00e+00	0.00e+00	5.91e-06	1.90e-06	8.83e-07
 1.67136e+17	1.07e-05	1.05e-01	8.95e-01	2.48e-07	0.00e+00	0.00e+00	0.00e+00	0.00e+00	0.00e+00	7.25e-06	2.32e-06	1.08e-06
 1.74946e+17	1.35e-05	1.18e-01	8.82e-01	2.05e-07	0.00e+00	0.00e+00	0.00e+00	0.00e+00	0.00e+00	9.22e-06	2.93e-06	1.37e-06
 1.83244e+17	1.75e-05	1.34e-01	8.66e-01	1.66e-07	0.00e+00	0.00e+00	0.00e+00	0.00e+00	0.00e+00	1.20e-05	3.77e-06	1.77e-06
 1.90308e+17	2.19e-05	1.50e-01	8.50e-01	1.39e-07	0.00e+00	0.00e+00	0.00e+00	0.00e+00	0.00e+00	1.50e-05	4.72e-06	2.22e-06
 1.96510e+17	2.70e-05	1.66e-01	8.34e-01	0.00e+00	0.00e+00	0.00e+00	0.00e+00	0.00e+00	0.00e+00	1.85e-05	5.80e-06	2.73e-06
 2.03472e+17	3.45e-05	1.87e-01	8.13e-01	0.00e+00	0.00e+00	0.00e+00	0.00e+00	0.00e+00	0.00e+00	2.36e-05	7.39e-06	3.48e-06
 2.10466e+17	4.47e-05	2.12e-01	7.88e-01	0.00e+00	0.00e+00	0.00e+00	0.00e+00	0.00e+00	0.00e+00	3.06e-05	9.54e-06	4.50e-06
 2.15789e+17	5.51e-05	2.36e-01	7.64e-01	0.00e+00	0.00e+00	0.00e+00	0.00e+00	0.00e+00	0.00e+00	3.77e-05	1.17e-05	5.55e-06
 2.20178e+17	6.59e-05	2.58e-01	7.42e-01	0.00e+00	0.00e+00	0.00e+00	0.00e+00	0.00e+00	0.00e+00	4.52e-05	1.40e-05	6.65e-06
 2.25065e+17	8.13e-05	2.86e-01	7.14e-01	0.00e+00	0.00e+00	0.00e+00	0.00e+00	0.00e+00	0.00e+00	5.57e-05	1.73e-05	8.20e-06
 2.30377e+17	1.04e-04	3.22e-01	6.78e-01	0.00e+00	0.00e+00	0.00e+00	0.00e+00	0.00e+00	0.00e+00	7.10e-05	2.20e-05	1.05e-05
 2.34960e+17	1.30e-04	3.61e-01	6.39e-01	0.00e+00	0.00e+00	0.00e+00	0.00e+00	0.00e+00	0.00e+00	8.91e-05	2.76e-05	1.31e-05
 2.38751e+17	1.58e-04	3.99e-01	6.01e-01	0.00e+00	0.00e+00	0.00e+00	0.00e+00	0.00e+00	0.00e+00	1.09e-04	3.36e-05	1.60e-05
 2.42080e+17	1.90e-04	4.37e-01	5.63e-01	0.00e+00	0.00e+00	0.00e+00	0.00e+00	0.00e+00	0.00e+00	1.30e-04	4.04e-05	1.92e-05
 2.45054e+17	2.25e-04	4.76e-01	5.23e-01	0.00e+00	0.00e+00	0.00e+00	0.00e+00	0.00e+00	0.00e+00	1.54e-04	4.79e-05	2.27e-05
 2.47704e+17	2.65e-04	5.16e-01	4.83e-01	0.00e+00	0.00e+00	0.00e+00	0.00e+00	0.00e+00	0.00e+00	1.82e-04	5.63e-05	2.68e-05
 2.50039e+17	3.07e-04	5.56e-01	4.44e-01	0.00e+00	0.00e+00	0.00e+00	0.00e+00	0.00e+00	0.00e+00	2.10e-04	6.52e-05	3.10e-05
 2.52070e+17	3.51e-04	5.94e-01	4.05e-01	0.00e+00	0.00e+00	0.00e+00	0.00e+00	0.00e+00	0.00e+00	2.41e-04	7.46e-05	3.55e-05
 2.53833e+17	3.96e-04	6.31e-01	3.69e-01	0.00e+00	0.00e+00	0.00e+00	0.00e+00	0.00e+00	0.00e+00	2.72e-04	8.41e-05	4.00e-05
 2.55370e+17	4.42e-04	6.66e-01	3.34e-01	0.00e+00	0.00e+00	0.00e+00	0.00e+00	0.00e+00	0.00e+00	3.03e-04	9.38e-05	4.46e-05
 2.56702e+17	4.85e-04	6.98e-01	3.01e-01	0.00e+00	0.00e+00	0.00e+00	0.00e+00	0.00e+00	0.00e+00	3.33e-04	1.03e-04	4.91e-05
 2.57861e+17	5.31e-04	7.29e-01	2.70e-01	0.00e+00	0.00e+00	0.00e+00	0.00e+00	0.00e+00	0.00e+00	3.64e-04	1.13e-04	5.36e-05
 2.58881e+17	5.73e-04	7.58e-01	2.42e-01	0.00e+00	0.00e+00	0.00e+00	0.00e+00	0.00e+00	0.00e+00	3.93e-04	1.22e-04	5.79e-05
 2.59773e+17	6.16e-04	7.84e-01	2.15e-01	0.00e+00	0.00e+00	0.00e+00	0.00e+00	0.00e+00	0.00e+00	4.23e-04	1.31e-04	6.22e-05
 2.60544e+17	6.55e-04	8.09e-01	1.91e-01	0.00e+00	0.00e+00	0.00e+00	0.00e+00	0.00e+00	0.00e+00	4.50e-04	1.39e-04	6.61e-05
 2.61209e+17	6.95e-04	8.31e-01	1.68e-01	0.00e+00	0.00e+00	0.00e+00	0.00e+00	0.00e+00	0.00e+00	4.77e-04	1.47e-04	7.01e-05
 2.61784e+17	7.29e-04	8.51e-01	1.48e-01	0.00e+00	0.00e+00	0.00e+00	0.00e+00	0.00e+00	0.00e+00	5.01e-04	1.55e-04	7.35e-05
 2.62289e+17	7.63e-04	8.70e-01	1.30e-01	0.00e+00	0.00e+00	0.00e+00	0.00e+00	0.00e+00	0.00e+00	5.24e-04	1.62e-04	7.69e-05
 2.62728e+17	7.93e-04	8.86e-01	1.13e-01	0.00e+00	0.00e+00	0.00e+00	0.00e+00	0.00e+00	0.00e+00	5.44e-04	1.68e-04	7.99e-05
 2.63110e+17	8.20e-04	9.02e-01	9.76e-02	0.00e+00	0.00e+00	0.00e+00	0.00e+00	0.00e+00	0.00e+00	5.63e-04	1.74e-04	8.27e-05
 2.63444e+17	8.47e-04	9.15e-01	8.40e-02	0.00e+00	0.00e+00	0.00e+00	0.00e+00	0.00e+00	0.00e+00	5.82e-04	1.79e-04	8.54e-05
 2.63738e+17	8.70e-04	9.27e-01	7.17e-02	0.00e+00	0.00e+00	0.00e+00	0.00e+00	0.00e+00	0.00e+00	5.98e-04	1.84e-04	8.76e-05
 2.63996e+17	8.91e-04	9.38e-01	6.07e-02	0.00e+00	0.00e+00	0.00e+00	0.00e+00	0.00e+00	0.00e+00	6.12e-04	1.89e-04	8.98e-05
 2.64224e+17	9.12e-04	9.48e-01	5.10e-02	0.00e+00	0.00e+00	0.00e+00	0.00e+00	0.00e+00	0.00e+00	6.27e-04	1.93e-04	9.19e-05
 2.64427e+17	9.27e-04	9.57e-01	4.25e-02	0.00e+00	0.00e+00	0.00e+00	0.00e+00	0.00e+00	0.00e+00	6.37e-04	1.96e-04	9.34e-05
 2.64609e+17	9.44e-04	9.64e-01	3.50e-02	0.00e+00	0.00e+00	0.00e+00	0.00e+00	0.00e+00	0.00e+00	6.49e-04	2.00e-04	9.51e-05
 2.64772e+17	9.58e-04	9.70e-01	2.86e-02	0.00e+00	0.00e+00	0.00e+00	0.00e+00	0.00e+00	0.00e+00	6.59e-04	2.03e-04	9.65e-05
 2.64919e+17	9.69e-04	9.76e-01	2.31e-02	0.00e+00	0.00e+00	0.00e+00	0.00e+00	0.00e+00	0.00e+00	6.66e-04	2.05e-04	9.76e-05
 2.65056e+17	9.79e-04	9.81e-01	1.83e-02	0.00e+00	0.00e+00	0.00e+00	0.00e+00	0.00e+00	0.00e+00	6.73e-04	2.07e-04	9.86e-05
 2.65183e+17	9.89e-04	9.85e-01	1.44e-02	0.00e+00	0.00e+00	0.00e+00	0.00e+00	0.00e+00	0.00e+00	6.80e-04	2.09e-04	9.96e-05
 2.65303e+17	9.95e-04	9.88e-01	1.11e-02	0.00e+00	0.00e+00	0.00e+00	0.00e+00	0.00e+00	0.00e+00	6.84e-04	2.10e-04	1.00e-04
 2.65419e+17	1.00e-03	9.91e-01	8.39e-03	0.00e+00	0.00e+00	0.00e+00	0.00e+00	0.00e+00	0.00e+00	6.89e-04	2.12e-04	1.01e-04
 2.65551e+17	1.01e-03	9.93e-01	5.97e-03	0.00e+00	0.00e+00	0.00e+00	0.00e+00	0.00e+00	0.00e+00	6.93e-04	2.13e-04	1.01e-04
 2.65697e+17	1.01e-03	9.95e-01	3.94e-03	0.00e+00	0.00e+00	0.00e+00	0.00e+00	0.00e+00	0.00e+00	6.97e-04	2.14e-04	1.02e-04
 2.65836e+17	1.02e-03	9.96e-01	2.58e-03	0.00e+00	0.00e+00	0.00e+00	0.00e+00	0.00e+00	0.00e+00	7.01e-04	2.15e-04	1.03e-04
 2.65993e+17	1.02e-03	9.97e-01	1.60e-03	0.00e+00	0.00e+00	0.00e+00	0.00e+00	0.00e+00	0.00e+00	7.05e-04	2.16e-04	1.03e-04
 2.66197e+17	1.03e-03	9.98e-01	8.62e-04	0.00e+00	0.00e+00	0.00e+00	0.00e+00	0.00e+00	0.00e+00	7.11e-04	2.17e-04	1.04e-04
 2.66463e+17	1.04e-03	9.99e-01	3.89e-04	0.00e+00	0.00e+00	0.00e+00	0.00e+00	0.00e+00	0.00e+00	7.19e-04	2.20e-04	1.05e-04
 2.66808e+17	1.06e-03	9.99e-01	1.42e-04	0.00e+00	0.00e+00	0.00e+00	0.00e+00	0.00e+00	0.00e+00	7.31e-04	2.24e-04	1.07e-04
 2.67257e+17	1.09e-03	9.99e-01	4.02e-05	0.00e+00	0.00e+00	0.00e+00	0.00e+00	0.00e+00	0.00e+00	7.48e-04	2.28e-04	1.09e-04
 2.67840e+17	1.12e-03	9.99e-01	8.46e-06	0.00e+00	0.00e+00	0.00e+00	0.00e+00	0.00e+00	0.00e+00	7.70e-04	2.35e-04	1.12e-04
 2.68599e+17	1.16e-03	9.99e-01	1.27e-06	0.00e+00	0.00e+00	0.00e+00	0.00e+00	0.00e+00	0.00e+00	8.00e-04	2.44e-04	1.17e-04
 2.69585e+17	1.22e-03	9.99e-01	1.31e-07	0.00e+00	0.00e+00	0.00e+00	0.00e+00	0.00e+00	0.00e+00	8.42e-04	2.57e-04	1.22e-04
 2.70867e+17	1.31e-03	9.99e-01	8.70e-09	0.00e+00	0.00e+00	0.00e+00	0.00e+00	0.00e+00	0.00e+00	9.01e-04	2.74e-04	1.31e-04
 2.72533e+17	1.43e-03	9.99e-01	3.52e-10	0.00e+00	0.00e+00	0.00e+00	0.00e+00	0.00e+00	0.00e+00	9.89e-04	3.01e-04	1.43e-04
 2.74699e+17	1.63e-03	9.98e-01	1.42e-11	0.00e+00	0.00e+00	0.00e+00	0.00e+00	0.00e+00	0.00e+00	1.13e-03	3.42e-04	1.63e-04
 2.77515e+17	1.96e-03	9.98e-01	6.98e-12	0.00e+00	0.00e+00	0.00e+00	0.00e+00	0.00e+00	0.00e+00	1.35e-03	4.12e-04	1.96e-04
 2.80403e+17	2.44e-03	9.98e-01	6.72e-12	0.00e+00	0.00e+00	0.00e+00	0.00e+00	0.00e+00	0.00e+00	1.68e-03	5.11e-04	2.43e-04
 2.82553e+17	2.95e-03	9.97e-01	6.55e-12	0.00e+00	0.00e+00	0.00e+00	0.00e+00	0.00e+00	0.00e+00	2.04e-03	6.19e-04	2.93e-04
 2.84037e+17	3.42e-03	9.97e-01	6.42e-12	0.00e+00	0.00e+00	0.00e+00	0.00e+00	0.00e+00	0.00e+00	2.36e-03	7.18e-04	3.40e-04
 2.85265e+17	3.91e-03	9.96e-01	6.30e-12	0.00e+00	0.00e+00	0.00e+00	0.00e+00	0.00e+00	0.00e+00	2.70e-03	8.22e-04	3.88e-04
 2.86639e+17	4.62e-03	9.95e-01	6.14e-12	0.00e+00	0.00e+00	0.00e+00	0.00e+00	0.00e+00	0.00e+00	3.19e-03	9.71e-04	4.58e-04
 2.88033e+17	5.57e-03	9.94e-01	5.96e-12	0.00e+00	0.00e+00	0.00e+00	0.00e+00	0.00e+00	0.00e+00	3.84e-03	1.17e-03	5.52e-04
 2.89077e+17	6.55e-03	9.93e-01	5.78e-12	0.00e+00	0.00e+00	0.00e+00	0.00e+00	0.00e+00	0.00e+00	4.52e-03	1.38e-03	6.49e-04
 2.89845e+17	7.49e-03	9.93e-01	5.66e-12	0.00e+00	0.00e+00	0.00e+00	0.00e+00	0.00e+00	0.00e+00	5.17e-03	1.58e-03	7.41e-04
 2.90635e+17	8.72e-03	9.91e-01	5.52e-12	0.00e+00	0.00e+00	0.00e+00	0.00e+00	0.00e+00	0.00e+00	6.02e-03	1.84e-03	8.63e-04
 2.91469e+17	1.04e-02	9.90e-01	5.33e-12	0.00e+00	0.00e+00	0.00e+00	0.00e+00	0.00e+00	0.00e+00	7.19e-03	2.19e-03	1.03e-03
 2.92147e+17	1.23e-02	9.88e-01	5.13e-12	0.00e+00	0.00e+00	0.00e+00	0.00e+00	0.00e+00	0.00e+00	8.49e-03	2.59e-03	1.22e-03
 2.92682e+17	1.43e-02	9.86e-01	4.97e-12	0.00e+00	0.00e+00	0.00e+00	0.00e+00	0.00e+00	0.00e+00	9.85e-03	3.00e-03	1.41e-03
 2.93170e+17	1.66e-02	9.83e-01	4.80e-12	0.00e+00	0.00e+00	0.00e+00	0.00e+00	0.00e+00	0.00e+00	1.15e-02	3.49e-03	1.64e-03
 2.93646e+17	1.96e-02	9.80e-01	4.58e-12	0.00e+00	0.00e+00	0.00e+00	0.00e+00	0.00e+00	0.00e+00	1.35e-02	4.11e-03	1.94e-03
 2.94078e+17	2.33e-02	9.77e-01	4.37e-12	0.00e+00	0.00e+00	0.00e+00	0.00e+00	0.00e+00	0.00e+00	1.61e-02	4.87e-03	2.30e-03
 2.94441e+17	2.75e-02	9.73e-01	4.16e-12	0.00e+00	0.00e+00	0.00e+00	0.00e+00	0.00e+00	0.00e+00	1.90e-02	5.74e-03	2.71e-03
 2.94747e+17	3.21e-02	9.68e-01	3.97e-12	0.00e+00	0.00e+00	0.00e+00	0.00e+00	0.00e+00	0.00e+00	2.22e-02	6.72e-03	3.17e-03
 2.95014e+17	3.76e-02	9.62e-01	3.78e-12	0.00e+00	0.00e+00	0.00e+00	0.00e+00	0.00e+00	0.00e+00	2.60e-02	7.84e-03	3.71e-03
 2.95254e+17	4.41e-02	9.56e-01	3.55e-12	0.00e+00	0.00e+00	0.00e+00	0.00e+00	0.00e+00	0.00e+00	3.06e-02	9.19e-03	4.35e-03
 2.95467e+17	5.18e-02	9.48e-01	3.39e-12	0.00e+00	0.00e+00	0.00e+00	0.00e+00	0.00e+00	0.00e+00	3.59e-02	1.08e-02	5.10e-03
 2.95652e+17	6.05e-02	9.39e-01	3.25e-12	0.00e+00	0.00e+00	0.00e+00	0.00e+00	0.00e+00	0.00e+00	4.20e-02	1.25e-02	5.96e-03
 2.95816e+17	7.10e-02	9.29e-01	3.09e-12	0.00e+00	0.00e+00	0.00e+00	0.00e+00	0.00e+00	0.00e+00	4.93e-02	1.47e-02	6.98e-03
 2.95961e+17	8.30e-02	9.17e-01	2.94e-12	0.00e+00	0.00e+00	0.00e+00	0.00e+00	0.00e+00	0.00e+00	5.78e-02	1.71e-02	8.17e-03
 2.96088e+17	9.70e-02	9.03e-01	2.80e-12	0.00e+00	0.00e+00	0.00e+00	0.00e+00	0.00e+00	0.00e+00	6.76e-02	1.99e-02	9.53e-03
 2.96199e+17	1.13e-01	8.87e-01	2.68e-12	0.00e+00	0.00e+00	0.00e+00	0.00e+00	0.00e+00	0.00e+00	7.89e-02	2.31e-02	1.11e-02
 2.96298e+17	1.32e-01	8.68e-01	2.58e-12	0.00e+00	0.00e+00	0.00e+00	0.00e+00	0.00e+00	0.00e+00	9.20e-02	2.67e-02	1.29e-02
 2.96387e+17	1.53e-01	8.47e-01	2.49e-12	0.00e+00	0.00e+00	0.00e+00	0.00e+00	0.00e+00	0.00e+00	1.07e-01	3.09e-02	1.50e-02
 2.96467e+17	1.78e-01	8.22e-01	2.42e-12	0.00e+00	0.00e+00	0.00e+00	0.00e+00	0.00e+00	0.00e+00	1.25e-01	3.55e-02	1.73e-02
 2.96539e+17	2.06e-01	7.94e-01	2.37e-12	0.00e+00	0.00e+00	0.00e+00	0.00e+00	0.00e+00	0.00e+00	1.45e-01	4.07e-02	2.00e-02
 2.96605e+17	2.38e-01	7.62e-01	2.32e-12	0.00e+00	0.00e+00	0.00e+00	0.00e+00	0.00e+00	0.00e+00	1.69e-01	4.64e-02	2.30e-02
 2.96665e+17	2.75e-01	7.25e-01	2.28e-12	0.00e+00	0.00e+00	0.00e+00	0.00e+00	0.00e+00	0.00e+00	1.96e-01	5.27e-02	2.64e-02
 2.96721e+17	3.16e-01	6.84e-01	2.25e-12	0.00e+00	0.00e+00	0.00e+00	0.00e+00	0.00e+00	0.00e+00	2.27e-01	5.95e-02	3.02e-02
 2.96769e+17	3.58e-01	6.42e-01	2.22e-12	0.00e+00	0.00e+00	0.00e+00	0.00e+00	0.00e+00	0.00e+00	2.58e-01	6.60e-02	3.39e-02
 2.96805e+17	3.94e-01	6.06e-01	2.20e-12	0.00e+00	0.00e+00	0.00e+00	0.00e+00	0.00e+00	0.00e+00	2.86e-01	7.13e-02	3.70e-02
 2.96832e+17	4.23e-01	5.77e-01	2.18e-12	0.00e+00	0.00e+00	0.00e+00	0.00e+00	0.00e+00	0.00e+00	3.09e-01	7.53e-02	3.95e-02
 2.96855e+17	4.50e-01	5.50e-01	2.16e-12	0.00e+00	0.00e+00	0.00e+00	0.00e+00	0.00e+00	0.00e+00	3.29e-01	7.87e-02	4.17e-02
 2.96876e+17	4.76e-01	5.24e-01	2.15e-12	0.00e+00	0.00e+00	0.00e+00	0.00e+00	0.00e+00	0.00e+00	3.50e-01	8.19e-02	4.38e-02
 2.96896e+17	5.02e-01	4.98e-01	2.12e-12	0.00e+00	0.00e+00	0.00e+00	0.00e+00	0.00e+00	0.00e+00	3.71e-01	8.48e-02	4.58e-02
 2.96914e+17	5.25e-01	4.75e-01	2.11e-12	0.00e+00	0.00e+00	0.00e+00	0.00e+00	0.00e+00	0.00e+00	3.90e-01	8.72e-02	4.75e-02
 2.96930e+17	5.47e-01	4.53e-01	2.09e-12	0.00e+00	0.00e+00	0.00e+00	0.00e+00	0.00e+00	0.00e+00	4.08e-01	8.93e-02	4.91e-02
 2.96945e+17	5.67e-01	4.33e-01	2.07e-12	0.00e+00	0.00e+00	0.00e+00	0.00e+00	0.00e+00	0.00e+00	4.25e-01	9.11e-02	5.05e-02
 2.96959e+17	5.86e-01	4.14e-01	2.04e-12	0.00e+00	0.00e+00	0.00e+00	0.00e+00	0.00e+00	0.00e+00	4.42e-01	9.26e-02	5.18e-02
 2.96970e+17	6.01e-01	3.99e-01	2.03e-12	0.00e+00	0.00e+00	0.00e+00	0.00e+00	0.00e+00	0.00e+00	4.55e-01	9.37e-02	5.27e-02
 2.96978e+17	6.12e-01	3.88e-01	2.01e-12	0.00e+00	0.00e+00	0.00e+00	0.00e+00	0.00e+00	0.00e+00	4.65e-01	9.45e-02	5.34e-02
 2.96986e+17	6.24e-01	3.76e-01	2.00e-12	0.00e+00	0.00e+00	0.00e+00	0.00e+00	0.00e+00	0.00e+00	4.74e-01	9.51e-02	5.41e-02
 2.96994e+17	6.36e-01	3.64e-01	1.98e-12	0.00e+00	0.00e+00	0.00e+00	0.00e+00	0.00e+00	0.00e+00	4.85e-01	9.58e-02	5.48e-02
 2.97003e+17	6.48e-01	3.52e-01	1.96e-12	0.00e+00	0.00e+00	0.00e+00	0.00e+00	0.00e+00	0.00e+00	4.96e-01	9.64e-02	5.54e-02
 2.97012e+17	6.60e-01	3.40e-01	1.94e-12	0.00e+00	0.00e+00	0.00e+00	0.00e+00	0.00e+00	0.00e+00	5.07e-01	9.69e-02	5.60e-02
 2.97020e+17	6.72e-01	3.28e-01	1.92e-12	0.00e+00	0.00e+00	0.00e+00	0.00e+00	0.00e+00	0.00e+00	5.18e-01	9.73e-02	5.66e-02
 2.97028e+17	6.83e-01	3.17e-01	1.90e-12	0.00e+00	0.00e+00	0.00e+00	0.00e+00	0.00e+00	0.00e+00	5.28e-01	9.76e-02	5.71e-02
 2.97036e+17	6.94e-01	3.06e-01	1.88e-12	0.00e+00	0.00e+00	0.00e+00	0.00e+00	0.00e+00	0.00e+00	5.39e-01	9.78e-02	5.76e-02
 2.97044e+17	7.05e-01	2.95e-01	1.85e-12	0.00e+00	0.00e+00	0.00e+00	0.00e+00	0.00e+00	0.00e+00	5.49e-01	9.80e-02	5.80e-02
 2.97052e+17	7.16e-01	2.84e-01	1.83e-12	0.00e+00	0.00e+00	0.00e+00	0.00e+00	0.00e+00	0.00e+00	5.59e-01	9.81e-02	5.84e-02
 2.97060e+17	7.26e-01	2.74e-01	1.81e-12	0.00e+00	0.00e+00	0.00e+00	0.00e+00	0.00e+00	0.00e+00	5.69e-01	9.81e-02	5.88e-02
 2.97068e+17	7.37e-01	2.63e-01	1.78e-12	0.00e+00	0.00e+00	0.00e+00	0.00e+00	0.00e+00	0.00e+00	5.80e-01	9.80e-02	5.91e-02
 2.97076e+17	7.47e-01	2.53e-01	1.76e-12	0.00e+00	0.00e+00	0.00e+00	0.00e+00	0.00e+00	0.00e+00	5.89e-01	9.78e-02	5.93e-02
 2.97083e+17	7.56e-01	2.44e-01	1.73e-12	0.00e+00	0.00e+00	0.00e+00	0.00e+00	0.00e+00	0.00e+00	5.99e-01	9.76e-02	5.95e-02
 2.97091e+17	7.66e-01	2.34e-01	1.71e-12	0.00e+00	0.00e+00	0.00e+00	0.00e+00	0.00e+00	0.00e+00	6.09e-01	9.73e-02	5.97e-02
 2.97099e+17	7.75e-01	2.25e-01	1.68e-12	0.00e+00	0.00e+00	0.00e+00	0.00e+00	0.00e+00	0.00e+00	6.18e-01	9.70e-02	5.98e-02
 2.97106e+17	7.84e-01	2.16e-01	1.65e-12	0.00e+00	0.00e+00	0.00e+00	0.00e+00	0.00e+00	0.00e+00	6.27e-01	9.66e-02	5.99e-02
 2.97114e+17	7.92e-01	2.08e-01	1.63e-12	0.00e+00	0.00e+00	0.00e+00	0.00e+00	0.00e+00	0.00e+00	6.36e-01	9.61e-02	5.99e-02
 2.97121e+17	8.01e-01	1.99e-01	1.60e-12	0.00e+00	0.00e+00	0.00e+00	0.00e+00	0.00e+00	0.00e+00	6.45e-01	9.55e-02	5.99e-02
 2.97128e+17	8.09e-01	1.91e-01	1.57e-12	0.00e+00	0.00e+00	0.00e+00	0.00e+00	0.00e+00	0.00e+00	6.55e-01	9.49e-02	5.97e-02
 2.97136e+17	8.17e-01	1.83e-01	1.54e-12	0.00e+00	0.00e+00	0.00e+00	0.00e+00	0.00e+00	0.00e+00	6.63e-01	9.43e-02	5.96e-02
 2.97143e+17	8.24e-01	1.76e-01	1.52e-12	0.00e+00	0.00e+00	0.00e+00	0.00e+00	0.00e+00	0.00e+00	6.72e-01	9.36e-02	5.93e-02
 2.97150e+17	8.32e-01	1.68e-01	1.49e-12	0.00e+00	0.00e+00	0.00e+00	0.00e+00	0.00e+00	0.00e+00	6.80e-01	9.28e-02	5.91e-02
 2.97157e+17	8.39e-01	1.61e-01	1.46e-12	0.00e+00	0.00e+00	0.00e+00	0.00e+00	0.00e+00	0.00e+00	6.88e-01	9.21e-02	5.88e-02
 2.97163e+17	8.45e-01	1.55e-01	1.44e-12	0.00e+00	0.00e+00	0.00e+00	0.00e+00	0.00e+00	0.00e+00	6.95e-01	9.13e-02	5.85e-02
 2.97170e+17	8.51e-01	1.49e-01	1.41e-12	0.00e+00	0.00e+00	0.00e+00	0.00e+00	0.00e+00	0.00e+00	7.03e-01	9.06e-02	5.82e-02
 2.97177e+17	8.58e-01	1.42e-01	1.38e-12	0.00e+00	0.00e+00	0.00e+00	0.00e+00	0.00e+00	0.00e+00	7.10e-01	8.98e-02	5.78e-02
 2.97183e+17	8.63e-01	1.37e-01	1.36e-12	0.00e+00	0.00e+00	0.00e+00	0.00e+00	0.00e+00	0.00e+00	7.17e-01	8.90e-02	5.74e-02
 2.97189e+17	8.69e-01	1.31e-01	1.33e-12	0.00e+00	0.00e+00	0.00e+00	0.00e+00	0.00e+00	0.00e+00	7.24e-01	8.81e-02	5.70e-02
 2.97196e+17	8.74e-01	1.26e-01	1.31e-12	0.00e+00	0.00e+00	0.00e+00	0.00e+00	0.00e+00	0.00e+00	7.30e-01	8.73e-02	5.66e-02
 2.97202e+17	8.79e-01	1.21e-01	1.28e-12	0.00e+00	0.00e+00	0.00e+00	0.00e+00	0.00e+00	0.00e+00	7.37e-01	8.65e-02	5.62e-02
 2.97208e+17	8.84e-01	1.16e-01	1.26e-12	0.00e+00	0.00e+00	0.00e+00	0.00e+00	0.00e+00	0.00e+00	7.43e-01	8.57e-02	5.58e-02
 2.97214e+17	8.89e-01	1.11e-01	1.23e-12	0.00e+00	0.00e+00	0.00e+00	0.00e+00	0.00e+00	0.00e+00	7.49e-01	8.49e-02	5.54e-02
 2.97221e+17	8.93e-01	1.07e-01	1.21e-12	0.00e+00	0.00e+00	0.00e+00	0.00e+00	0.00e+00	0.00e+00	7.54e-01	8.40e-02	5.49e-02
 2.97227e+17	8.98e-01	1.02e-01	1.19e-12	0.00e+00	0.00e+00	0.00e+00	0.00e+00	0.00e+00	0.00e+00	7.60e-01	8.32e-02	5.45e-02
 2.97233e+17	9.02e-01	9.83e-02	1.16e-12	0.00e+00	0.00e+00	0.00e+00	0.00e+00	0.00e+00	0.00e+00	7.65e-01	8.24e-02	5.40e-02
 2.97238e+17	9.06e-01	9.43e-02	1.14e-12	0.00e+00	0.00e+00	0.00e+00	0.00e+00	0.00e+00	0.00e+00	7.70e-01	8.16e-02	5.36e-02
 2.97244e+17	9.09e-01	9.05e-02	1.12e-12	0.00e+00	0.00e+00	0.00e+00	0.00e+00	0.00e+00	0.00e+00	7.75e-01	8.09e-02	5.32e-02
 2.97250e+17	9.13e-01	8.69e-02	1.10e-12	0.00e+00	0.00e+00	0.00e+00	0.00e+00	0.00e+00	0.00e+00	7.80e-01	8.01e-02	5.27e-02
 2.97256e+17	9.17e-01	8.34e-02	1.07e-12	0.00e+00	0.00e+00	0.00e+00	0.00e+00	0.00e+00	0.00e+00	7.85e-01	7.93e-02	5.23e-02
 2.97262e+17	9.20e-01	7.99e-02	1.05e-12	0.00e+00	0.00e+00	0.00e+00	0.00e+00	0.00e+00	0.00e+00	7.90e-01	7.86e-02	5.18e-02
 2.97267e+17	9.23e-01	7.67e-02	1.03e-12	0.00e+00	0.00e+00	0.00e+00	0.00e+00	0.00e+00	0.00e+00	7.94e-01	7.78e-02	5.14e-02
 2.97273e+17	9.26e-01	7.36e-02	1.01e-12	0.00e+00	0.00e+00	0.00e+00	0.00e+00	0.00e+00	0.00e+00	7.98e-01	7.71e-02	5.09e-02
 2.97279e+17	9.29e-01	7.06e-02	9.90e-13	0.00e+00	0.00e+00	0.00e+00	0.00e+00	0.00e+00	0.00e+00	8.02e-01	7.64e-02	5.05e-02
 2.97284e+17	9.32e-01	6.78e-02	9.70e-13	0.00e+00	0.00e+00	0.00e+00	0.00e+00	0.00e+00	0.00e+00	8.06e-01	7.57e-02	5.01e-02
 2.97290e+17	9.35e-01	6.50e-02	9.51e-13	0.00e+00	0.00e+00	0.00e+00	0.00e+00	0.00e+00	0.00e+00	8.10e-01	7.50e-02	4.97e-02
 2.97296e+17	9.38e-01	6.25e-02	9.34e-13	0.00e+00	0.00e+00	0.00e+00	0.00e+00	0.00e+00	0.00e+00	8.14e-01	7.43e-02	4.92e-02
 2.97301e+17	9.40e-01	6.00e-02	9.15e-13	0.00e+00	0.00e+00	0.00e+00	0.00e+00	0.00e+00	0.00e+00	8.18e-01	7.36e-02	4.88e-02
 2.97307e+17	9.42e-01	5.76e-02	8.98e-13	0.00e+00	0.00e+00	0.00e+00	0.00e+00	0.00e+00	0.00e+00	8.21e-01	7.29e-02	4.84e-02
 2.97312e+17	9.45e-01	5.52e-02	8.81e-13	0.00e+00	0.00e+00	0.00e+00	0.00e+00	0.00e+00	0.00e+00	8.25e-01	7.23e-02	4.80e-02
 2.97317e+17	9.47e-01	5.30e-02	8.64e-13	0.00e+00	0.00e+00	0.00e+00	0.00e+00	0.00e+00	0.00e+00	8.28e-01	7.16e-02	4.75e-02
 2.97323e+17	9.49e-01	5.08e-02	8.48e-13	0.00e+00	0.00e+00	0.00e+00	0.00e+00	0.00e+00	0.00e+00	8.31e-01	7.09e-02	4.71e-02
 2.97328e+17	9.51e-01	4.88e-02	8.32e-13	0.00e+00	0.00e+00	0.00e+00	0.00e+00	0.00e+00	0.00e+00	8.34e-01	7.02e-02	4.67e-02
 2.97333e+17	9.53e-01	4.68e-02	8.17e-13	0.00e+00	0.00e+00	0.00e+00	0.00e+00	0.00e+00	0.00e+00	8.37e-01	6.96e-02	4.62e-02
 2.97339e+17	9.55e-01	4.48e-02	8.02e-13	0.00e+00	0.00e+00	0.00e+00	0.00e+00	0.00e+00	0.00e+00	8.40e-01	6.89e-02	4.58e-02
 2.97344e+17	9.57e-01	4.30e-02	7.88e-13	0.00e+00	0.00e+00	0.00e+00	0.00e+00	0.00e+00	0.00e+00	8.44e-01	6.82e-02	4.53e-02
