#depth	O	O+	O+2	O+3	O+4	O+5	O+6	O+7	O+8	O[1]	O[2]	O[3]
 5.85284e+11	1.91e-08	4.63e-03	8.83e-01	1.12e-01	1.68e-06	0.00e+00	0.00e+00	0.00e+00	0.00e+00	1.11e-08	5.72e-09	2.23e-09
 3.51171e+12	1.92e-08	4.65e-03	8.84e-01	1.12e-01	1.67e-06	0.00e+00	0.00e+00	0.00e+00	0.00e+00	1.12e-08	5.74e-09	2.23e-09
 1.52174e+13	1.94e-08	4.67e-03	8.85e-01	1.10e-01	1.63e-06	0.00e+00	0.00e+00	0.00e+00	0.00e+00	1.13e-08	5.79e-09	2.25e-09
 6.20401e+13	1.98e-08	4.75e-03	8.91e-01	1.04e-01	1.49e-06	0.00e+00	0.00e+00	0.00e+00	0.00e+00	1.16e-08	5.93e-09	2.31e-09
 1.48194e+14	2.03e-08	4.83e-03	8.99e-01	9.58e-02	1.30e-06	0.00e+00	0.00e+00	0.00e+00	0.00e+00	1.19e-08	6.07e-09	2.37e-09
 2.60194e+14	2.08e-08	4.91e-03	9.09e-01	8.56e-02	1.09e-06	0.00e+00	0.00e+00	0.00e+00	0.00e+00	1.21e-08	6.20e-09	2.42e-09
 4.05794e+14	2.12e-08	4.99e-03	9.21e-01	7.36e-02	8.65e-07	0.00e+00	0.00e+00	0.00e+00	0.00e+00	1.24e-08	6.33e-09	2.47e-09
 5.95074e+14	2.17e-08	5.08e-03	9.35e-01	5.99e-02	6.34e-07	0.00e+00	0.00e+00	0.00e+00	0.00e+00	1.27e-08	6.48e-09	2.54e-09
 8.41138e+14	2.24e-08	5.20e-03	9.50e-01	4.52e-02	4.17e-07	0.00e+00	0.00e+00	0.00e+00	0.00e+00	1.31e-08	6.68e-09	2.62e-09
 1.16102e+15	2.32e-08	5.33e-03	9.64e-01	3.08e-02	2.36e-07	0.00e+00	0.00e+00	0.00e+00	0.00e+00	1.36e-08	6.92e-09	2.72e-09
 1.57687e+15	2.42e-08	5.48e-03	9.76e-01	1.83e-02	0.00e+00	0.00e+00	0.00e+00	0.00e+00	0.00e+00	1.41e-08	7.20e-09	2.84e-09
 2.11747e+15	2.54e-08	5.65e-03	9.85e-01	9.09e-03	0.00e+00	0.00e+00	0.00e+00	0.00e+00	0.00e+00	1.49e-08	7.55e-09	2.98e-09
 2.82026e+15	2.69e-08	5.83e-03	9.91e-01	3.65e-03	0.00e+00	0.00e+00	0.00e+00	0.00e+00	0.00e+00	1.57e-08	7.97e-09	3.16e-09
 3.73387e+15	2.88e-08	6.05e-03	9.93e-01	1.14e-03	0.00e+00	0.00e+00	0.00e+00	0.00e+00	0.00e+00	1.69e-08	8.53e-09	3.40e-09
 4.92158e+15	3.15e-08	6.32e-03	9.93e-01	2.73e-04	0.00e+00	0.00e+00	0.00e+00	0.00e+00	0.00e+00	1.85e-08	9.27e-09	3.72e-09
 6.46559e+15	3.51e-08	6.67e-03	9.93e-01	5.15e-05	0.00e+00	0.00e+00	0.00e+00	0.00e+00	0.00e+00	2.07e-08	1.03e-08	4.16e-09
 8.47281e+15	4.04e-08	7.15e-03	9.93e-01	1.06e-05	0.00e+00	0.00e+00	0.00e+00	0.00e+00	0.00e+00	2.38e-08	1.17e-08	4.80e-09
 1.07995e+16	4.71e-08	7.72e-03	9.92e-01	4.79e-06	0.00e+00	0.00e+00	0.00e+00	0.00e+00	0.00e+00	2.79e-08	1.36e-08	5.60e-09
 1.32317e+16	5.51e-08	8.34e-03	9.92e-01	3.69e-06	0.00e+00	0.00e+00	0.00e+00	0.00e+00	0.00e+00	3.29e-08	1.57e-08	6.56e-09
 1.57611e+16	6.45e-08	9.01e-03	9.91e-01	3.16e-06	0.00e+00	0.00e+00	0.00e+00	0.00e+00	0.00e+00	3.86e-08	1.82e-08	7.66e-09
 1.79031e+16	7.34e-08	9.60e-03	9.90e-01	2.84e-06	0.00e+00	0.00e+00	0.00e+00	0.00e+00	0.00e+00	4.42e-08	2.05e-08	8.69e-09
 1.96934e+16	8.14e-08	1.01e-02	9.90e-01	2.60e-06	0.00e+00	0.00e+00	0.00e+00	0.00e+00	0.00e+00	4.91e-08	2.26e-08	9.62e-09
 2.16628e+16	9.13e-08	1.07e-02	9.89e-01	2.36e-06	0.00e+00	0.00e+00	0.00e+00	0.00e+00	0.00e+00	5.53e-08	2.52e-08	1.08e-08
 2.38290e+16	1.03e-07	1.14e-02	9.89e-01	2.13e-06	0.00e+00	0.00e+00	0.00e+00	0.00e+00	0.00e+00	6.27e-08	2.82e-08	1.21e-08
 2.62119e+16	1.17e-07	1.21e-02	9.88e-01	1.90e-06	0.00e+00	0.00e+00	0.00e+00	0.00e+00	0.00e+00	7.19e-08	3.18e-08	1.37e-08
 2.88331e+16	1.35e-07	1.30e-02	9.87e-01	1.68e-06	0.00e+00	0.00e+00	0.00e+00	0.00e+00	0.00e+00	8.30e-08	3.62e-08	1.57e-08
 3.17164e+16	1.57e-07	1.40e-02	9.86e-01	1.48e-06	0.00e+00	0.00e+00	0.00e+00	0.00e+00	0.00e+00	9.71e-08	4.16e-08	1.81e-08
 3.48881e+16	1.84e-07	1.51e-02	9.85e-01	1.28e-06	0.00e+00	0.00e+00	0.00e+00	0.00e+00	0.00e+00	1.14e-07	4.82e-08	2.10e-08
 3.82805e+16	2.17e-07	1.64e-02	9.84e-01	1.10e-06	0.00e+00	0.00e+00	0.00e+00	0.00e+00	0.00e+00	1.36e-07	5.61e-08	2.45e-08
 4.18118e+16	2.55e-07	1.78e-02	9.82e-01	9.39e-07	0.00e+00	0.00e+00	0.00e+00	0.00e+00	0.00e+00	1.61e-07	6.54e-08	2.87e-08
 4.54844e+16	3.02e-07	1.93e-02	9.81e-01	8.02e-07	0.00e+00	0.00e+00	0.00e+00	0.00e+00	0.00e+00	1.92e-07	7.63e-08	3.35e-08
 4.93040e+16	3.57e-07	2.10e-02	9.79e-01	6.79e-07	0.00e+00	0.00e+00	0.00e+00	0.00e+00	0.00e+00	2.28e-07	8.92e-08	3.93e-08
 5.32763e+16	4.23e-07	2.29e-02	9.77e-01	5.74e-07	0.00e+00	0.00e+00	0.00e+00	0.00e+00	0.00e+00	2.72e-07	1.04e-07	4.60e-08
 5.74074e+16	5.01e-07	2.49e-02	9.75e-01	4.82e-07	0.00e+00	0.00e+00	0.00e+00	0.00e+00	0.00e+00	3.25e-07	1.22e-07	5.41e-08
 6.17039e+16	5.96e-07	2.71e-02	9.73e-01	4.03e-07	0.00e+00	0.00e+00	0.00e+00	0.00e+00	0.00e+00	3.88e-07	1.44e-07	6.36e-08
 6.61722e+16	7.10e-07	2.96e-02	9.70e-01	3.34e-07	0.00e+00	0.00e+00	0.00e+00	0.00e+00	0.00e+00	4.65e-07	1.70e-07	7.51e-08
 7.08192e+16	8.47e-07	3.24e-02	9.68e-01	2.75e-07	0.00e+00	0.00e+00	0.00e+00	0.00e+00	0.00e+00	5.58e-07	2.01e-07	8.89e-08
 7.56521e+16	1.01e-06	3.54e-02	9.65e-01	2.25e-07	0.00e+00	0.00e+00	0.00e+00	0.00e+00	0.00e+00	6.70e-07	2.37e-07	1.05e-07
 8.06783e+16	1.22e-06	3.88e-02	9.61e-01	1.83e-07	0.00e+00	0.00e+00	0.00e+00	0.00e+00	0.00e+00	8.08e-07	2.82e-07	1.26e-07
 8.59056e+16	1.47e-06	4.27e-02	9.57e-01	1.47e-07	0.00e+00	0.00e+00	0.00e+00	0.00e+00	0.00e+00	9.79e-07	3.37e-07	1.51e-07
 9.13420e+16	1.78e-06	4.71e-02	9.53e-01	0.00e+00	0.00e+00	0.00e+00	0.00e+00	0.00e+00	0.00e+00	1.19e-06	4.05e-07	1.81e-07
 9.67355e+16	2.14e-06	5.18e-02	9.48e-01	0.00e+00	0.00e+00	0.00e+00	0.00e+00	0.00e+00	0.00e+00	1.44e-06	4.84e-07	2.18e-07
 1.01914e+17	2.56e-06	5.68e-02	9.43e-01	0.00e+00	0.00e+00	0.00e+00	0.00e+00	0.00e+00	0.00e+00	1.73e-06	5.74e-07	2.59e-07
 1.07560e+17	3.11e-06	6.27e-02	9.37e-01	0.00e+00	0.00e+00	0.00e+00	0.00e+00	0.00e+00	0.00e+00	2.10e-06	6.93e-07	3.13e-07
 1.13594e+17	3.83e-06	6.99e-02	9.30e-01	0.00e+00	0.00e+00	0.00e+00	0.00e+00	0.00e+00	0.00e+00	2.60e-06	8.45e-07	3.84e-07
 1.19196e+17	4.63e-06	7.74e-02	9.23e-01	0.00e+00	0.00e+00	0.00e+00	0.00e+00	0.00e+00	0.00e+00	3.15e-06	1.02e-06	4.63e-07
 1.24492e+17	5.56e-06	8.54e-02	9.15e-01	0.00e+00	0.00e+00	0.00e+00	0.00e+00	0.00e+00	0.00e+00	3.79e-06	1.21e-06	5.55e-07
 1.30559e+17	6.87e-06	9.57e-02	9.04e-01	0.00e+00	0.00e+00	0.00e+00	0.00e+00	0.00e+00	0.00e+00	4.69e-06	1.49e-06	6.84e-07
 1.37133e+17	8.68e-06	1.09e-01	8.91e-01	0.00e+00	0.00e+00	0.00e+00	0.00e+00	0.00e+00	0.00e+00	5.95e-06	1.87e-06	8.64e-07
 1.42962e+17	1.07e-05	1.23e-01	8.77e-01	0.00e+00	0.00e+00	0.00e+00	0.00e+00	0.00e+00	0.00e+00	7.37e-06	2.30e-06	1.07e-06
 1.48282e+17	1.31e-05	1.38e-01	8.62e-01	0.00e+00	0.00e+00	0.00e+00	0.00e+00	0.00e+00	0.00e+00	9.02e-06	2.81e-06	1.31e-06
 1.54348e+17	1.66e-05	1.58e-01	8.42e-01	0.00e+00	0.00e+00	0.00e+00	0.00e+00	0.00e+00	0.00e+00	1.14e-05	3.53e-06	1.65e-06
 1.61004e+17	2.18e-05	1.86e-01	8.14e-01	0.00e+00	0.00e+00	0.00e+00	0.00e+00	0.00e+00	0.00e+00	1.50e-05	4.61e-06	2.16e-06
 1.66993e+17	2.82e-05	2.18e-01	7.82e-01	0.00e+00	0.00e+00	0.00e+00	0.00e+00	0.00e+00	0.00e+00	1.94e-05	5.95e-06	2.80e-06
 1.72302e+17	3.59e-05	2.53e-01	7.47e-01	0.00e+00	0.00e+00	0.00e+00	0.00e+00	0.00e+00	0.00e+00	2.48e-05	7.56e-06	3.57e-06
 1.78165e+17	4.71e-05	3.00e-01	7.00e-01	0.00e+00	0.00e+00	0.00e+00	0.00e+00	0.00e+00	0.00e+00	3.25e-05	9.89e-06	4.69e-06
 1.83964e+17	6.33e-05	3.63e-01	6.37e-01	0.00e+00	0.00e+00	0.00e+00	0.00e+00	0.00e+00	0.00e+00	4.37e-05	1.32e-05	6.31e-06
 1.88213e+17	7.96e-05	4.23e-01	5.77e-01	0.00e+00	0.00e+00	0.00e+00	0.00e+00	0.00e+00	0.00e+00	5.50e-05	1.66e-05	7.96e-06
 1.91696e+17	9.59e-05	4.78e-01	5.22e-01	0.00e+00	0.00e+00	0.00e+00	0.00e+00	0.00e+00	0.00e+00	6.63e-05	2.00e-05	9.59e-06
 1.95649e+17	1.18e-04	5.42e-01	4.57e-01	0.00e+00	0.00e+00	0.00e+00	0.00e+00	0.00e+00	0.00e+00	8.14e-05	2.45e-05	1.18e-05
 2.00788e+17	1.52e-04	6.33e-01	3.67e-01	0.00e+00	0.00e+00	0.00e+00	0.00e+00	0.00e+00	0.00e+00	1.06e-04	3.15e-05	1.52e-05
 2.06112e+17	1.99e-04	7.41e-01	2.59e-01	0.00e+00	0.00e+00	0.00e+00	0.00e+00	0.00e+00	0.00e+00	1.38e-04	4.10e-05	1.98e-05
 2.10420e+17	2.42e-04	8.23e-01	1.77e-01	0.00e+00	0.00e+00	0.00e+00	0.00e+00	0.00e+00	0.00e+00	1.68e-04	4.98e-05	2.41e-05
 2.14091e+17	2.82e-04	8.79e-01	1.21e-01	0.00e+00	0.00e+00	0.00e+00	0.00e+00	0.00e+00	0.00e+00	1.96e-04	5.77e-05	2.80e-05
 2.17566e+17	3.21e-04	9.19e-01	8.05e-02	0.00e+00	0.00e+00	0.00e+00	0.00e+00	0.00e+00	0.00e+00	2.24e-04	6.57e-05	3.19e-05
 2.20732e+17	3.61e-04	9.47e-01	5.28e-02	0.00e+00	0.00e+00	0.00e+00	0.00e+00	0.00e+00	0.00e+00	2.52e-04	7.37e-05	3.57e-05
 2.23447e+17	3.98e-04	9.64e-01	3.55e-02	0.00e+00	0.00e+00	0.00e+00	0.00e+00	0.00e+00	0.00e+00	2.77e-04	8.10e-05	3.93e-05
 2.25740e+17	4.32e-04	9.75e-01	2.48e-02	0.00e+00	0.00e+00	0.00e+00	0.00e+00	0.00e+00	0.00e+00	3.01e-04	8.78e-05	4.26e-05
 2.27725e+17	4.64e-04	9.82e-01	1.79e-02	0.00e+00	0.00e+00	0.00e+00	0.00e+00	0.00e+00	0.00e+00	3.24e-04	9.43e-05	4.58e-05
 2.29492e+17	4.96e-04	9.86e-01	1.32e-02	0.00e+00	0.00e+00	0.00e+00	0.00e+00	0.00e+00	0.00e+00	3.46e-04	1.01e-04	4.89e-05
 2.31068e+17	5.27e-04	9.90e-01	9.83e-03	0.00e+00	0.00e+00	0.00e+00	0.00e+00	0.00e+00	0.00e+00	3.68e-04	1.07e-04	5.19e-05
 2.32451e+17	5.57e-04	9.92e-01	7.47e-03	0.00e+00	0.00e+00	0.00e+00	0.00e+00	0.00e+00	0.00e+00	3.90e-04	1.13e-04	5.48e-05
 2.33653e+17	5.84e-04	9.94e-01	5.79e-03	0.00e+00	0.00e+00	0.00e+00	0.00e+00	0.00e+00	0.00e+00	4.09e-04	1.18e-04	5.74e-05
 2.34695e+17	6.13e-04	9.95e-01	4.56e-03	0.00e+00	0.00e+00	0.00e+00	0.00e+00	0.00e+00	0.00e+00	4.29e-04	1.24e-04	6.01e-05
 2.35600e+17	6.38e-04	9.96e-01	3.65e-03	0.00e+00	0.00e+00	0.00e+00	0.00e+00	0.00e+00	0.00e+00	4.46e-04	1.29e-04	6.25e-05
 2.36395e+17	6.60e-04	9.96e-01	2.95e-03	0.00e+00	0.00e+00	0.00e+00	0.00e+00	0.00e+00	0.00e+00	4.62e-04	1.33e-04	6.47e-05
 2.37094e+17	6.84e-04	9.97e-01	2.40e-03	0.00e+00	0.00e+00	0.00e+00	0.00e+00	0.00e+00	0.00e+00	4.79e-04	1.38e-04	6.69e-05
 2.37705e+17	7.04e-04	9.97e-01	1.97e-03	0.00e+00	0.00e+00	0.00e+00	0.00e+00	0.00e+00	0.00e+00	4.93e-04	1.42e-04	6.88e-05
 2.38235e+17	7.24e-04	9.98e-01	1.63e-03	0.00e+00	0.00e+00	0.00e+00	0.00e+00	0.00e+00	0.00e+00	5.08e-04	1.46e-04	7.08e-05
 2.38695e+17	7.42e-04	9.98e-01	1.35e-03	0.00e+00	0.00e+00	0.00e+00	0.00e+00	0.00e+00	0.00e+00	5.20e-04	1.49e-04	7.24e-05
 2.39098e+17	7.57e-04	9.98e-01	1.13e-03	0.00e+00	0.00e+00	0.00e+00	0.00e+00	0.00e+00	0.00e+00	5.31e-04	1.52e-04	7.38e-05
 2.39451e+17	7.71e-04	9.98e-01	9.40e-04	0.00e+00	0.00e+00	0.00e+00	0.00e+00	0.00e+00	0.00e+00	5.41e-04	1.55e-04	7.53e-05
 2.39760e+17	7.85e-04	9.98e-01	7.85e-04	0.00e+00	0.00e+00	0.00e+00	0.00e+00	0.00e+00	0.00e+00	5.51e-04	1.58e-04	7.65e-05
 2.40031e+17	7.97e-04	9.99e-01	6.55e-04	0.00e+00	0.00e+00	0.00e+00	0.00e+00	0.00e+00	0.00e+00	5.59e-04	1.60e-04	7.77e-05
 2.40270e+17	8.09e-04	9.99e-01	5.46e-04	0.00e+00	0.00e+00	0.00e+00	0.00e+00	0.00e+00	0.00e+00	5.68e-04	1.62e-04	7.88e-05
 2.40484e+17	8.18e-04	9.99e-01	4.53e-04	0.00e+00	0.00e+00	0.00e+00	0.00e+00	0.00e+00	0.00e+00	5.74e-04	1.64e-04	7.96e-05
 2.40674e+17	8.27e-04	9.99e-01	3.73e-04	0.00e+00	0.00e+00	0.00e+00	0.00e+00	0.00e+00	0.00e+00	5.81e-04	1.66e-04	8.04e-05
 2.40842e+17	8.35e-04	9.99e-01	3.06e-04	0.00e+00	0.00e+00	0.00e+00	0.00e+00	0.00e+00	0.00e+00	5.86e-04	1.67e-04	8.12e-05
 2.40993e+17	8.41e-04	9.99e-01	2.49e-04	0.00e+00	0.00e+00	0.00e+00	0.00e+00	0.00e+00	0.00e+00	5.91e-04	1.68e-04	8.18e-05
 2.41129e+17	8.47e-04	9.99e-01	2.01e-04	0.00e+00	0.00e+00	0.00e+00	0.00e+00	0.00e+00	0.00e+00	5.95e-04	1.70e-04	8.23e-05
 2.41255e+17	8.52e-04	9.99e-01	1.61e-04	0.00e+00	0.00e+00	0.00e+00	0.00e+00	0.00e+00	0.00e+00	5.99e-04	1.71e-04	8.28e-05
 2.41372e+17	8.56e-04	9.99e-01	1.27e-04	0.00e+00	0.00e+00	0.00e+00	0.00e+00	0.00e+00	0.00e+00	6.02e-04	1.71e-04	8.31e-05
 2.41483e+17	8.60e-04	9.99e-01	9.85e-05	0.00e+00	0.00e+00	0.00e+00	0.00e+00	0.00e+00	0.00e+00	6.05e-04	1.72e-04	8.35e-05
 2.41590e+17	8.63e-04	9.99e-01	7.50e-05	0.00e+00	0.00e+00	0.00e+00	0.00e+00	0.00e+00	0.00e+00	6.07e-04	1.72e-04	8.37e-05
 2.41711e+17	8.66e-04	9.99e-01	5.42e-05	0.00e+00	0.00e+00	0.00e+00	0.00e+00	0.00e+00	0.00e+00	6.09e-04	1.73e-04	8.40e-05
 2.41843e+17	8.68e-04	9.99e-01	3.61e-05	0.00e+00	0.00e+00	0.00e+00	0.00e+00	0.00e+00	0.00e+00	6.11e-04	1.73e-04	8.42e-05
 2.41967e+17	8.71e-04	9.99e-01	2.39e-05	0.00e+00	0.00e+00	0.00e+00	0.00e+00	0.00e+00	0.00e+00	6.13e-04	1.74e-04	8.44e-05
 2.42107e+17	8.74e-04	9.99e-01	1.52e-05	0.00e+00	0.00e+00	0.00e+00	0.00e+00	0.00e+00	0.00e+00	6.15e-04	1.74e-04	8.46e-05
 2.42289e+17	8.79e-04	9.99e-01	8.41e-06	0.00e+00	0.00e+00	0.00e+00	0.00e+00	0.00e+00	0.00e+00	6.19e-04	1.75e-04	8.50e-05
 2.42526e+17	8.87e-04	9.99e-01	3.88e-06	0.00e+00	0.00e+00	0.00e+00	0.00e+00	0.00e+00	0.00e+00	6.24e-04	1.77e-04	8.58e-05
 2.42834e+17	8.99e-04	9.99e-01	1.44e-06	0.00e+00	0.00e+00	0.00e+00	0.00e+00	0.00e+00	0.00e+00	6.33e-04	1.79e-04	8.70e-05
 2.43234e+17	9.16e-04	9.99e-01	4.06e-07	0.00e+00	0.00e+00	0.00e+00	0.00e+00	0.00e+00	0.00e+00	6.45e-04	1.82e-04	8.86e-05
 2.43755e+17	9.39e-04	9.99e-01	8.26e-08	0.00e+00	0.00e+00	0.00e+00	0.00e+00	0.00e+00	0.00e+00	6.61e-04	1.87e-04	9.09e-05
 2.44431e+17	9.71e-04	9.99e-01	1.14e-08	0.00e+00	0.00e+00	0.00e+00	0.00e+00	0.00e+00	0.00e+00	6.84e-04	1.93e-04	9.40e-05
 2.45311e+17	1.01e-03	9.99e-01	1.04e-09	0.00e+00	0.00e+00	0.00e+00	0.00e+00	0.00e+00	0.00e+00	7.14e-04	2.02e-04	9.82e-05
 2.46454e+17	1.08e-03	9.99e-01	6.79e-11	0.00e+00	0.00e+00	0.00e+00	0.00e+00	0.00e+00	0.00e+00	7.57e-04	2.14e-04	1.04e-04
 2.47940e+17	1.16e-03	9.99e-01	1.11e-11	0.00e+00	0.00e+00	0.00e+00	0.00e+00	0.00e+00	0.00e+00	8.19e-04	2.32e-04	1.13e-04
 2.49872e+17	1.30e-03	9.99e-01	9.13e-12	0.00e+00	0.00e+00	0.00e+00	0.00e+00	0.00e+00	0.00e+00	9.13e-04	2.59e-04	1.26e-04
 2.52384e+17	1.51e-03	9.98e-01	8.95e-12	0.00e+00	0.00e+00	0.00e+00	0.00e+00	0.00e+00	0.00e+00	1.06e-03	3.01e-04	1.47e-04
 2.55649e+17	1.88e-03	9.98e-01	8.73e-12	0.00e+00	0.00e+00	0.00e+00	0.00e+00	0.00e+00	0.00e+00	1.32e-03	3.76e-04	1.83e-04
 2.58805e+17	2.43e-03	9.98e-01	8.47e-12	0.00e+00	0.00e+00	0.00e+00	0.00e+00	0.00e+00	0.00e+00	1.70e-03	4.85e-04	2.37e-04
 2.60882e+17	2.97e-03	9.97e-01	8.27e-12	0.00e+00	0.00e+00	0.00e+00	0.00e+00	0.00e+00	0.00e+00	2.08e-03	5.93e-04	2.90e-04
 2.62204e+17	3.42e-03	9.97e-01	8.12e-12	0.00e+00	0.00e+00	0.00e+00	0.00e+00	0.00e+00	0.00e+00	2.40e-03	6.85e-04	3.36e-04
 2.63483e+17	3.98e-03	9.96e-01	7.96e-12	0.00e+00	0.00e+00	0.00e+00	0.00e+00	0.00e+00	0.00e+00	2.79e-03	7.98e-04	3.91e-04
 2.64877e+17	4.78e-03	9.95e-01	7.75e-12	0.00e+00	0.00e+00	0.00e+00	0.00e+00	0.00e+00	0.00e+00	3.35e-03	9.58e-04	4.70e-04
 2.66046e+17	5.68e-03	9.94e-01	7.53e-12	0.00e+00	0.00e+00	0.00e+00	0.00e+00	0.00e+00	0.00e+00	3.98e-03	1.14e-03	5.60e-04
 2.66926e+17	6.59e-03	9.93e-01	7.36e-12	0.00e+00	0.00e+00	0.00e+00	0.00e+00	0.00e+00	0.00e+00	4.61e-03	1.32e-03	6.50e-04
 2.67655e+17	7.54e-03	9.92e-01	7.19e-12	0.00e+00	0.00e+00	0.00e+00	0.00e+00	0.00e+00	0.00e+00	5.28e-03	1.52e-03	7.45e-04
 2.68346e+17	8.67e-03	9.91e-01	7.00e-12	0.00e+00	0.00e+00	0.00e+00	0.00e+00	0.00e+00	0.00e+00	6.07e-03	1.75e-03	8.57e-04
 2.69018e+17	1.01e-02	9.90e-01	6.77e-12	0.00e+00	0.00e+00	0.00e+00	0.00e+00	0.00e+00	0.00e+00	7.06e-03	2.03e-03	9.97e-04
 2.69636e+17	1.18e-02	9.88e-01	6.55e-12	0.00e+00	0.00e+00	0.00e+00	0.00e+00	0.00e+00	0.00e+00	8.23e-03	2.37e-03	1.16e-03
 2.70179e+17	1.37e-02	9.86e-01	6.30e-12	0.00e+00	0.00e+00	0.00e+00	0.00e+00	0.00e+00	0.00e+00	9.59e-03	2.76e-03	1.36e-03
 2.70664e+17	1.60e-02	9.84e-01	6.05e-12	0.00e+00	0.00e+00	0.00e+00	0.00e+00	0.00e+00	0.00e+00	1.12e-02	3.22e-03	1.58e-03
 2.71116e+17	1.87e-02	9.81e-01	5.79e-12	0.00e+00	0.00e+00	0.00e+00	0.00e+00	0.00e+00	0.00e+00	1.31e-02	3.77e-03	1.85e-03
 2.71547e+17	2.22e-02	9.78e-01	5.50e-12	0.00e+00	0.00e+00	0.00e+00	0.00e+00	0.00e+00	0.00e+00	1.56e-02	4.48e-03	2.20e-03
 2.71962e+17	2.69e-02	9.73e-01	5.17e-12	0.00e+00	0.00e+00	0.00e+00	0.00e+00	0.00e+00	0.00e+00	1.88e-02	5.40e-03	2.65e-03
 2.72349e+17	3.30e-02	9.67e-01	4.81e-12	0.00e+00	0.00e+00	0.00e+00	0.00e+00	0.00e+00	0.00e+00	2.31e-02	6.62e-03	3.25e-03
 2.72689e+17	4.07e-02	9.59e-01	4.51e-12	0.00e+00	0.00e+00	0.00e+00	0.00e+00	0.00e+00	0.00e+00	2.85e-02	8.16e-03	4.01e-03
 2.72976e+17	5.01e-02	9.50e-01	4.19e-12	0.00e+00	0.00e+00	0.00e+00	0.00e+00	0.00e+00	0.00e+00	3.51e-02	1.00e-02	4.94e-03
 2.73219e+17	6.17e-02	9.38e-01	3.88e-12	0.00e+00	0.00e+00	0.00e+00	0.00e+00	0.00e+00	0.00e+00	4.33e-02	1.23e-02	6.08e-03
 2.73428e+17	7.62e-02	9.24e-01	3.60e-12	0.00e+00	0.00e+00	0.00e+00	0.00e+00	0.00e+00	0.00e+00	5.36e-02	1.51e-02	7.49e-03
 2.73607e+17	9.41e-02	9.06e-01	3.37e-12	0.00e+00	0.00e+00	0.00e+00	0.00e+00	0.00e+00	0.00e+00	6.62e-02	1.86e-02	9.23e-03
 2.73743e+17	1.13e-01	8.87e-01	3.19e-12	0.00e+00	0.00e+00	0.00e+00	0.00e+00	0.00e+00	0.00e+00	7.98e-02	2.22e-02	1.11e-02
 2.73834e+17	1.30e-01	8.70e-01	3.05e-12	0.00e+00	0.00e+00	0.00e+00	0.00e+00	0.00e+00	0.00e+00	9.21e-02	2.55e-02	1.27e-02
 2.73911e+17	1.48e-01	8.52e-01	2.96e-12	0.00e+00	0.00e+00	0.00e+00	0.00e+00	0.00e+00	0.00e+00	1.05e-01	2.88e-02	1.45e-02
 2.73997e+17	1.74e-01	8.26e-01	2.84e-12	0.00e+00	0.00e+00	0.00e+00	0.00e+00	0.00e+00	0.00e+00	1.24e-01	3.36e-02	1.69e-02
 2.74087e+17	2.09e-01	7.91e-01	2.76e-12	0.00e+00	0.00e+00	0.00e+00	0.00e+00	0.00e+00	0.00e+00	1.49e-01	3.97e-02	2.02e-02
 2.74164e+17	2.49e-01	7.51e-01	2.67e-12	0.00e+00	0.00e+00	0.00e+00	0.00e+00	0.00e+00	0.00e+00	1.78e-01	4.65e-02	2.39e-02
 2.74233e+17	2.95e-01	7.05e-01	2.61e-12	0.00e+00	0.00e+00	0.00e+00	0.00e+00	0.00e+00	0.00e+00	2.13e-01	5.40e-02	2.81e-02
 2.74289e+17	3.41e-01	6.59e-01	2.56e-12	0.00e+00	0.00e+00	0.00e+00	0.00e+00	0.00e+00	0.00e+00	2.48e-01	6.11e-02	3.22e-02
 2.74329e+17	3.80e-01	6.20e-01	2.53e-12	0.00e+00	0.00e+00	0.00e+00	0.00e+00	0.00e+00	0.00e+00	2.78e-01	6.67e-02	3.55e-02
 2.74356e+17	4.10e-01	5.90e-01	2.50e-12	0.00e+00	0.00e+00	0.00e+00	0.00e+00	0.00e+00	0.00e+00	3.01e-01	7.07e-02	3.80e-02
 2.74380e+17	4.37e-01	5.63e-01	2.47e-12	0.00e+00	0.00e+00	0.00e+00	0.00e+00	0.00e+00	0.00e+00	3.23e-01	7.42e-02	4.02e-02
 2.74402e+17	4.65e-01	5.35e-01	2.45e-12	0.00e+00	0.00e+00	0.00e+00	0.00e+00	0.00e+00	0.00e+00	3.45e-01	7.74e-02	4.23e-02
 2.74422e+17	4.92e-01	5.08e-01	2.44e-12	0.00e+00	0.00e+00	0.00e+00	0.00e+00	0.00e+00	0.00e+00	3.67e-01	8.03e-02	4.42e-02
 2.74440e+17	5.16e-01	4.84e-01	2.42e-12	0.00e+00	0.00e+00	0.00e+00	0.00e+00	0.00e+00	0.00e+00	3.87e-01	8.27e-02	4.59e-02
 2.74456e+17	5.38e-01	4.62e-01	2.40e-12	0.00e+00	0.00e+00	0.00e+00	0.00e+00	0.00e+00	0.00e+00	4.06e-01	8.47e-02	4.73e-02
 2.74471e+17	5.59e-01	4.41e-01	2.38e-12	0.00e+00	0.00e+00	0.00e+00	0.00e+00	0.00e+00	0.00e+00	4.23e-01	8.65e-02	4.86e-02
 2.74485e+17	5.79e-01	4.21e-01	2.36e-12	0.00e+00	0.00e+00	0.00e+00	0.00e+00	0.00e+00	0.00e+00	4.41e-01	8.80e-02	4.98e-02
 2.74498e+17	5.98e-01	4.02e-01	2.33e-12	0.00e+00	0.00e+00	0.00e+00	0.00e+00	0.00e+00	0.00e+00	4.58e-01	8.92e-02	5.08e-02
 2.74508e+17	6.13e-01	3.87e-01	2.31e-12	0.00e+00	0.00e+00	0.00e+00	0.00e+00	0.00e+00	0.00e+00	4.71e-01	9.01e-02	5.16e-02
 2.74516e+17	6.24e-01	3.76e-01	2.30e-12	0.00e+00	0.00e+00	0.00e+00	0.00e+00	0.00e+00	0.00e+00	4.81e-01	9.07e-02	5.21e-02
 2.74523e+17	6.35e-01	3.65e-01	2.28e-12	0.00e+00	0.00e+00	0.00e+00	0.00e+00	0.00e+00	0.00e+00	4.91e-01	9.12e-02	5.26e-02
 2.74531e+17	6.47e-01	3.53e-01	2.26e-12	0.00e+00	0.00e+00	0.00e+00	0.00e+00	0.00e+00	0.00e+00	5.03e-01	9.17e-02	5.31e-02
 2.74539e+17	6.59e-01	3.41e-01	2.24e-12	0.00e+00	0.00e+00	0.00e+00	0.00e+00	0.00e+00	0.00e+00	5.14e-01	9.21e-02	5.36e-02
 2.74547e+17	6.71e-01	3.29e-01	2.22e-12	0.00e+00	0.00e+00	0.00e+00	0.00e+00	0.00e+00	0.00e+00	5.25e-01	9.24e-02	5.40e-02
 2.74555e+17	6.82e-01	3.18e-01	2.20e-12	0.00e+00	0.00e+00	0.00e+00	0.00e+00	0.00e+00	0.00e+00	5.35e-01	9.26e-02	5.43e-02
 2.74563e+17	6.94e-01	3.06e-01	2.18e-12	0.00e+00	0.00e+00	0.00e+00	0.00e+00	0.00e+00	0.00e+00	5.46e-01	9.28e-02	5.47e-02
 2.74570e+17	7.05e-01	2.95e-01	2.15e-12	0.00e+00	0.00e+00	0.00e+00	0.00e+00	0.00e+00	0.00e+00	5.57e-01	9.28e-02	5.49e-02
 2.74578e+17	7.16e-01	2.84e-01	2.13e-12	0.00e+00	0.00e+00	0.00e+00	0.00e+00	0.00e+00	0.00e+00	5.68e-01	9.28e-02	5.51e-02
 2.74585e+17	7.26e-01	2.74e-01	2.10e-12	0.00e+00	0.00e+00	0.00e+00	0.00e+00	0.00e+00	0.00e+00	5.78e-01	9.27e-02	5.53e-02
 2.74593e+17	7.36e-01	2.64e-01	2.08e-12	0.00e+00	0.00e+00	0.00e+00	0.00e+00	0.00e+00	0.00e+00	5.88e-01	9.26e-02	5.54e-02
 2.74600e+17	7.46e-01	2.54e-01	2.05e-12	0.00e+00	0.00e+00	0.00e+00	0.00e+00	0.00e+00	0.00e+00	5.98e-01	9.23e-02	5.55e-02
 2.74607e+17	7.56e-01	2.44e-01	2.03e-12	0.00e+00	0.00e+00	0.00e+00	0.00e+00	0.00e+00	0.00e+00	6.08e-01	9.21e-02	5.55e-02
 2.74615e+17	7.66e-01	2.34e-01	2.00e-12	0.00e+00	0.00e+00	0.00e+00	0.00e+00	0.00e+00	0.00e+00	6.18e-01	9.17e-02	5.55e-02
 2.74622e+17	7.75e-01	2.25e-01	1.97e-12	0.00e+00	0.00e+00	0.00e+00	0.00e+00	0.00e+00	0.00e+00	6.28e-01	9.13e-02	5.54e-02
 2.74629e+17	7.84e-01	2.16e-01	1.94e-12	0.00e+00	0.00e+00	0.00e+00	0.00e+00	0.00e+00	0.00e+00	6.38e-01	9.08e-02	5.53e-02
 2.74636e+17	7.93e-01	2.07e-01	1.91e-12	0.00e+00	0.00e+00	0.00e+00	0.00e+00	0.00e+00	0.00e+00	6.47e-01	9.03e-02	5.52e-02
 2.74643e+17	8.01e-01	1.99e-01	1.89e-12	0.00e+00	0.00e+00	0.00e+00	0.00e+00	0.00e+00	0.00e+00	6.56e-01	8.97e-02	5.50e-02
 2.74650e+17	8.09e-01	1.91e-01	1.86e-12	0.00e+00	0.00e+00	0.00e+00	0.00e+00	0.00e+00	0.00e+00	6.65e-01	8.91e-02	5.48e-02
 2.74656e+17	8.17e-01	1.83e-01	1.83e-12	0.00e+00	0.00e+00	0.00e+00	0.00e+00	0.00e+00	0.00e+00	6.74e-01	8.85e-02	5.46e-02
 2.74663e+17	8.25e-01	1.75e-01	1.79e-12	0.00e+00	0.00e+00	0.00e+00	0.00e+00	0.00e+00	0.00e+00	6.83e-01	8.78e-02	5.43e-02
 2.74670e+17	8.32e-01	1.68e-01	1.76e-12	0.00e+00	0.00e+00	0.00e+00	0.00e+00	0.00e+00	0.00e+00	6.91e-01	8.71e-02	5.40e-02
 2.74676e+17	8.39e-01	1.61e-01	1.73e-12	0.00e+00	0.00e+00	0.00e+00	0.00e+00	0.00e+00	0.00e+00	6.99e-01	8.64e-02	5.37e-02
 2.74683e+17	8.46e-01	1.54e-01	1.70e-12	0.00e+00	0.00e+00	0.00e+00	0.00e+00	0.00e+00	0.00e+00	7.07e-01	8.56e-02	5.33e-02
 2.74689e+17	8.52e-01	1.48e-01	1.68e-12	0.00e+00	0.00e+00	0.00e+00	0.00e+00	0.00e+00	0.00e+00	7.14e-01	8.48e-02	5.30e-02
 2.74695e+17	8.58e-01	1.42e-01	1.65e-12	0.00e+00	0.00e+00	0.00e+00	0.00e+00	0.00e+00	0.00e+00	7.22e-01	8.40e-02	5.26e-02
 2.74702e+17	8.64e-01	1.36e-01	1.62e-12	0.00e+00	0.00e+00	0.00e+00	0.00e+00	0.00e+00	0.00e+00	7.29e-01	8.31e-02	5.22e-02
 2.74708e+17	8.70e-01	1.30e-01	1.59e-12	0.00e+00	0.00e+00	0.00e+00	0.00e+00	0.00e+00	0.00e+00	7.36e-01	8.23e-02	5.18e-02
 2.74713e+17	8.75e-01	1.25e-01	1.56e-12	0.00e+00	0.00e+00	0.00e+00	0.00e+00	0.00e+00	0.00e+00	7.42e-01	8.14e-02	5.14e-02
 2.74719e+17	8.80e-01	1.20e-01	1.53e-12	0.00e+00	0.00e+00	0.00e+00	0.00e+00	0.00e+00	0.00e+00	7.49e-01	8.06e-02	5.09e-02
 2.74725e+17	8.85e-01	1.15e-01	1.50e-12	0.00e+00	0.00e+00	0.00e+00	0.00e+00	0.00e+00	0.00e+00	7.55e-01	7.97e-02	5.05e-02
 2.74731e+17	8.90e-01	1.10e-01	1.48e-12	0.00e+00	0.00e+00	0.00e+00	0.00e+00	0.00e+00	0.00e+00	7.61e-01	7.89e-02	5.00e-02
 2.74737e+17	8.95e-01	1.05e-01	1.45e-12	0.00e+00	0.00e+00	0.00e+00	0.00e+00	0.00e+00	0.00e+00	7.67e-01	7.81e-02	4.96e-02
 2.74742e+17	8.99e-01	1.01e-01	1.42e-12	0.00e+00	0.00e+00	0.00e+00	0.00e+00	0.00e+00	0.00e+00	7.73e-01	7.72e-02	4.91e-02
 2.74748e+17	9.03e-01	9.69e-02	1.40e-12	0.00e+00	0.00e+00	0.00e+00	0.00e+00	0.00e+00	0.00e+00	7.78e-01	7.64e-02	4.86e-02
