#depth	He	He+	He+2
 5.85284e+11	3.76e-05	8.22e-01	1.78e-01
 3.51171e+12	3.77e-05	8.23e-01	1.77e-01
 1.52174e+13	3.79e-05	8.24e-01	1.76e-01
 6.20401e+13	3.85e-05	8.31e-01	1.69e-01
 1.48194e+14	3.89e-05	8.35e-01	1.65e-01
 2.60194e+14	3.94e-05	8.44e-01	1.56e-01
 4.05794e+14	4.01e-05	8.58e-01	1.42e-01
 5.95074e+14	4.11e-05	8.78e-01	1.22e-01
 8.41138e+14	4.25e-05	9.03e-01	9.69e-02
 1.16102e+15	4.41e-05	9.31e-01	6.90e-02
 1.57687e+15	4.59e-05	9.58e-01	4.23e-02
 2.11747e+15	4.76e-05	9.79e-01	2.14e-02
 2.82026e+15	4.94e-05	9.91e-01	8.57e-03
 3.73387e+15	5.13e-05	9.97e-01	2.62e-03
 4.92158e+15	5.36e-05	9.99e-01	5.88e-04
 6.46559e+15	5.68e-05	1.00e+00	9.51e-05
 8.47281e+15	6.11e-05	1.00e+00	1.13e-05
 1.07995e+16	6.64e-05	1.00e+00	1.27e-06
 1.32317e+16	7.22e-05	1.00e+00	1.85e-07
 1.57611e+16	7.85e-05	1.00e+00	3.32e-08
 1.79031e+16	8.41e-05	1.00e+00	9.07e-09
 1.96934e+16	8.89e-05	1.00e+00	3.43e-09
 2.16628e+16	9.45e-05	1.00e+00	1.30e-09
 2.38290e+16	1.01e-04	1.00e+00	5.20e-10
 2.62119e+16	1.08e-04	1.00e+00	2.33e-10
 2.88331e+16	1.16e-04	1.00e+00	1.27e-10
 3.17164e+16	1.26e-04	1.00e+00	8.38e-11
 3.48881e+16	1.37e-04	1.00e+00	6.36e-11
 3.82805e+16	1.49e-04	1.00e+00	5.19e-11
 4.18118e+16	1.63e-04	1.00e+00	4.43e-11
 4.54844e+16	1.78e-04	1.00e+00	3.85e-11
 4.93040e+16	1.94e-04	1.00e+00	3.41e-11
 5.32763e+16	2.11e-04	1.00e+00	3.07e-11
 5.74074e+16	2.31e-04	1.00e+00	2.80e-11
 6.17039e+16	2.52e-04	1.00e+00	2.58e-11
 6.61722e+16	2.75e-04	1.00e+00	2.42e-11
 7.08192e+16	3.00e-04	1.00e+00	2.29e-11
 7.56521e+16	3.28e-04	1.00e+00	2.19e-11
 8.06783e+16	3.59e-04	1.00e+00	2.11e-11
 8.59056e+16	3.93e-04	1.00e+00	2.05e-11
 9.13420e+16	4.30e-04	1.00e+00	2.01e-11
 9.67355e+16	4.70e-04	1.00e+00	1.98e-11
 1.01914e+17	5.10e-04	9.99e-01	1.95e-11
 1.07560e+17	5.58e-04	9.99e-01	1.94e-11
 1.13594e+17	6.13e-04	9.99e-01	1.92e-11
 1.19196e+17	6.67e-04	9.99e-01	1.91e-11
 1.24492e+17	7.23e-04	9.99e-01	1.91e-11
 1.30559e+17	7.95e-04	9.99e-01	1.90e-11
 1.37133e+17	8.80e-04	9.99e-01	1.90e-11
 1.42962e+17	9.62e-04	9.99e-01	1.90e-11
 1.48282e+17	1.05e-03	9.99e-01	1.90e-11
 1.54348e+17	1.16e-03	9.99e-01	1.90e-11
 1.61004e+17	1.30e-03	9.99e-01	1.91e-11
 1.66993e+17	1.45e-03	9.99e-01	1.91e-11
 1.72302e+17	1.60e-03	9.98e-01	1.92e-11
 1.78165e+17	1.80e-03	9.98e-01	1.94e-11
 1.83964e+17	2.04e-03	9.98e-01	1.95e-11
 1.88213e+17	2.25e-03	9.98e-01	1.97e-11
 1.91696e+17	2.45e-03	9.98e-01	1.99e-11
 1.95649e+17	2.72e-03	9.97e-01	2.00e-11
 2.00788e+17	3.15e-03	9.97e-01	2.03e-11
 2.06112e+17	3.71e-03	9.96e-01	2.07e-11
 2.10420e+17	4.34e-03	9.96e-01	2.11e-11
 2.14091e+17	5.02e-03	9.95e-01	2.13e-11
 2.17566e+17	5.88e-03	9.94e-01	2.15e-11
 2.20732e+17	6.94e-03	9.93e-01	2.16e-11
 2.23447e+17	8.16e-03	9.92e-01	2.17e-11
 2.25740e+17	9.54e-03	9.90e-01	2.18e-11
 2.27725e+17	1.11e-02	9.89e-01	2.18e-11
 2.29492e+17	1.30e-02	9.87e-01	2.18e-11
 2.31068e+17	1.53e-02	9.85e-01	2.18e-11
 2.32451e+17	1.79e-02	9.82e-01	2.18e-11
 2.33653e+17	2.10e-02	9.79e-01	2.18e-11
 2.34695e+17	2.46e-02	9.75e-01	2.18e-11
 2.35600e+17	2.88e-02	9.71e-01	2.18e-11
 2.36395e+17	3.38e-02	9.66e-01	2.18e-11
 2.37094e+17	3.95e-02	9.60e-01	2.18e-11
 2.37705e+17	4.64e-02	9.54e-01	2.18e-11
 2.38235e+17	5.44e-02	9.46e-01	2.18e-11
 2.38695e+17	6.37e-02	9.36e-01	2.18e-11
 2.39098e+17	7.46e-02	9.25e-01	2.18e-11
 2.39451e+17	8.74e-02	9.13e-01	2.18e-11
 2.39760e+17	1.02e-01	8.98e-01	2.18e-11
 2.40031e+17	1.20e-01	8.80e-01	2.18e-11
 2.40270e+17	1.40e-01	8.60e-01	2.19e-11
 2.40484e+17	1.63e-01	8.37e-01	2.18e-11
 2.40674e+17	1.91e-01	8.09e-01	2.17e-11
 2.40842e+17	2.23e-01	7.77e-01	2.15e-11
 2.40993e+17	2.59e-01	7.41e-01	2.13e-11
 2.41129e+17	3.01e-01	6.99e-01	2.10e-11
 2.41255e+17	3.49e-01	6.51e-01	2.05e-11
 2.41372e+17	4.04e-01	5.96e-01	1.99e-11
 2.41483e+17	4.67e-01	5.33e-01	1.86e-11
 2.41590e+17	5.37e-01	4.63e-01	1.74e-11
 2.41711e+17	6.23e-01	3.77e-01	1.51e-11
 2.41843e+17	7.20e-01	2.80e-01	1.22e-11
 2.41967e+17	8.05e-01	1.95e-01	9.08e-12
 2.42107e+17	8.78e-01	1.22e-01	6.06e-12
 2.42289e+17	9.37e-01	6.31e-02	3.28e-12
 2.42526e+17	9.71e-01	2.86e-02	1.53e-12
 2.42834e+17	9.86e-01	1.43e-02	7.81e-13
 2.43234e+17	9.90e-01	9.54e-03	5.23e-13
 2.43755e+17	9.91e-01	8.51e-03	4.65e-13
 2.44431e+17	9.92e-01	8.42e-03	4.58e-13
 2.45311e+17	9.92e-01	7.99e-03	4.35e-13
 2.46454e+17	9.93e-01	7.46e-03	4.07e-13
 2.47940e+17	9.93e-01	6.79e-03	3.72e-13
 2.49872e+17	9.94e-01	5.90e-03	3.26e-13
 2.52384e+17	9.95e-01	4.88e-03	2.72e-13
 2.55649e+17	9.96e-01	3.69e-03	2.09e-13
 2.58805e+17	9.97e-01	2.76e-03	1.59e-13
 2.60882e+17	9.98e-01	2.33e-03	1.37e-13
 2.62204e+17	9.98e-01	2.12e-03	1.25e-13
 2.63483e+17	9.98e-01	1.93e-03	1.15e-13
 2.64877e+17	9.98e-01	1.68e-03	1.02e-13
 2.66046e+17	9.99e-01	1.48e-03	9.12e-14
 2.66926e+17	9.99e-01	1.35e-03	8.43e-14
 2.67655e+17	9.99e-01	1.24e-03	7.88e-14
 2.68346e+17	9.99e-01	1.14e-03	7.32e-14
 2.69018e+17	9.99e-01	1.03e-03	6.73e-14
 2.69636e+17	9.99e-01	9.33e-04	6.20e-14
 2.70179e+17	9.99e-01	8.45e-04	5.71e-14
 2.70664e+17	9.99e-01	7.67e-04	5.29e-14
 2.71116e+17	9.99e-01	6.91e-04	4.88e-14
 2.71547e+17	9.99e-01	6.15e-04	4.47e-14
 2.71962e+17	9.99e-01	5.39e-04	4.06e-14
 2.72349e+17	1.00e+00	4.62e-04	3.64e-14
 2.72689e+17	1.00e+00	3.90e-04	3.29e-14
 2.72976e+17	1.00e+00	3.29e-04	2.98e-14
 2.73219e+17	1.00e+00	2.77e-04	2.72e-14
 2.73428e+17	1.00e+00	2.30e-04	2.49e-14
 2.73607e+17	1.00e+00	1.88e-04	2.31e-14
 2.73743e+17	1.00e+00	1.53e-04	2.13e-14
 2.73834e+17	1.00e+00	1.34e-04	2.07e-14
 2.73911e+17	1.00e+00	1.18e-04	2.05e-14
 2.73997e+17	1.00e+00	1.01e-04	2.04e-14
 2.74087e+17	1.00e+00	7.88e-05	1.93e-14
 2.74164e+17	1.00e+00	6.41e-05	1.95e-14
 2.74233e+17	1.00e+00	5.13e-05	1.98e-14
 2.74289e+17	1.00e+00	4.10e-05	2.00e-14
 2.74329e+17	1.00e+00	3.49e-05	2.05e-14
 2.74356e+17	1.00e+00	3.15e-05	2.14e-14
 2.74380e+17	1.00e+00	2.88e-05	2.23e-14
 2.74402e+17	1.00e+00	2.61e-05	2.30e-14
 2.74422e+17	1.00e+00	2.35e-05	2.38e-14
 2.74440e+17	1.00e+00	2.14e-05	2.45e-14
 2.74456e+17	1.00e+00	1.99e-05	2.54e-14
 2.74471e+17	1.00e+00	1.86e-05	2.63e-14
 2.74485e+17	1.00e+00	1.73e-05	2.71e-14
 2.74498e+17	1.00e+00	1.61e-05	2.79e-14
 2.74508e+17	1.00e+00	1.50e-05	2.81e-14
 2.74516e+17	1.00e+00	1.46e-05	2.90e-14
 2.74523e+17	1.00e+00	1.42e-05	2.99e-14
 2.74531e+17	1.00e+00	1.36e-05	3.04e-14
 2.74539e+17	1.00e+00	1.29e-05	3.09e-14
 2.74547e+17	1.00e+00	1.24e-05	3.16e-14
 2.74555e+17	1.00e+00	1.18e-05	3.23e-14
 2.74563e+17	1.00e+00	1.13e-05	3.31e-14
 2.74570e+17	1.00e+00	1.09e-05	3.37e-14
 2.74578e+17	1.00e+00	1.04e-05	3.44e-14
 2.74585e+17	1.00e+00	9.97e-06	3.51e-14
 2.74593e+17	1.00e+00	9.56e-06	3.59e-14
 2.74600e+17	1.00e+00	9.16e-06	3.67e-14
 2.74607e+17	1.00e+00	8.79e-06	3.75e-14
 2.74615e+17	1.00e+00	8.41e-06	3.82e-14
 2.74622e+17	1.00e+00	8.05e-06	3.89e-14
 2.74629e+17	1.00e+00	7.73e-06	3.97e-14
 2.74636e+17	1.00e+00	7.42e-06	4.05e-14
 2.74643e+17	1.00e+00	7.11e-06	4.13e-14
 2.74650e+17	1.00e+00	6.82e-06	4.21e-14
 2.74656e+17	1.00e+00	6.55e-06	4.28e-14
 2.74663e+17	1.00e+00	6.28e-06	4.36e-14
 2.74670e+17	1.00e+00	6.04e-06	4.43e-14
 2.74676e+17	1.00e+00	5.80e-06	4.51e-14
 2.74683e+17	1.00e+00	5.58e-06	4.58e-14
 2.74689e+17	1.00e+00	5.37e-06	4.66e-14
 2.74695e+17	1.00e+00	5.17e-06	4.73e-14
 2.74702e+17	1.00e+00	4.98e-06	4.80e-14
 2.74708e+17	1.00e+00	4.80e-06	4.86e-14
 2.74713e+17	1.00e+00	4.63e-06	4.93e-14
 2.74719e+17	1.00e+00	4.47e-06	4.99e-14
 2.74725e+17	1.00e+00	4.31e-06	5.04e-14
 2.74731e+17	1.00e+00	4.16e-06	5.11e-14
 2.74737e+17	1.00e+00	4.01e-06	5.15e-14
 2.74742e+17	1.00e+00	3.86e-06	5.18e-14
 2.74748e+17	1.00e+00	3.67e-06	5.14e-14
