#depth	O	O+	O+2	O+3	O+4	O+5	O+6	O+7	O+8	O[1]	O[2]	O[3]
 4.70639e+12	0.00e+00	0.00e+00	6.58e-05	3.30e-01	6.70e-01	8.71e-05	0.00e+00	0.00e+00	0.00e+00	0.00e+00	0.00e+00	0.00e+00
 2.82383e+13	0.00e+00	0.00e+00	6.58e-05	3.30e-01	6.70e-01	8.70e-05	0.00e+00	0.00e+00	0.00e+00	0.00e+00	0.00e+00	0.00e+00
 1.22366e+14	0.00e+00	0.00e+00	6.63e-05	3.31e-01	6.69e-01	8.66e-05	0.00e+00	0.00e+00	0.00e+00	0.00e+00	0.00e+00	0.00e+00
 4.98877e+14	0.00e+00	0.00e+00	6.79e-05	3.34e-01	6.66e-01	8.49e-05	0.00e+00	0.00e+00	0.00e+00	0.00e+00	0.00e+00	0.00e+00
 1.19166e+15	0.00e+00	0.00e+00	7.13e-05	3.40e-01	6.60e-01	8.19e-05	0.00e+00	0.00e+00	0.00e+00	0.00e+00	0.00e+00	0.00e+00
 2.09227e+15	0.00e+00	0.00e+00	7.57e-05	3.48e-01	6.52e-01	7.82e-05	0.00e+00	0.00e+00	0.00e+00	0.00e+00	0.00e+00	0.00e+00
 3.26307e+15	0.00e+00	0.00e+00	8.16e-05	3.58e-01	6.42e-01	7.37e-05	0.00e+00	0.00e+00	0.00e+00	0.00e+00	0.00e+00	0.00e+00
 4.78511e+15	0.00e+00	0.00e+00	8.97e-05	3.71e-01	6.29e-01	6.84e-05	0.00e+00	0.00e+00	0.00e+00	0.00e+00	0.00e+00	0.00e+00
 6.75837e+15	0.00e+00	0.00e+00	1.01e-04	3.88e-01	6.12e-01	6.21e-05	0.00e+00	0.00e+00	0.00e+00	0.00e+00	0.00e+00	0.00e+00
 9.02884e+15	0.00e+00	0.00e+00	1.15e-04	4.06e-01	5.94e-01	5.58e-05	0.00e+00	0.00e+00	0.00e+00	0.00e+00	0.00e+00	0.00e+00
 1.13901e+16	0.00e+00	0.00e+00	1.30e-04	4.25e-01	5.75e-01	5.01e-05	0.00e+00	0.00e+00	0.00e+00	0.00e+00	0.00e+00	0.00e+00
 1.38459e+16	0.00e+00	0.00e+00	1.47e-04	4.44e-01	5.56e-01	4.49e-05	0.00e+00	0.00e+00	0.00e+00	0.00e+00	0.00e+00	0.00e+00
 1.63999e+16	0.00e+00	0.00e+00	1.66e-04	4.63e-01	5.36e-01	4.02e-05	0.00e+00	0.00e+00	0.00e+00	0.00e+00	0.00e+00	0.00e+00
 1.90560e+16	0.00e+00	0.00e+00	1.86e-04	4.83e-01	5.17e-01	3.60e-05	0.00e+00	0.00e+00	0.00e+00	0.00e+00	0.00e+00	0.00e+00
 2.18184e+16	0.00e+00	0.00e+00	2.09e-04	5.02e-01	4.98e-01	3.22e-05	0.00e+00	0.00e+00	0.00e+00	0.00e+00	0.00e+00	0.00e+00
 2.46912e+16	0.00e+00	0.00e+00	2.34e-04	5.22e-01	4.78e-01	2.87e-05	0.00e+00	0.00e+00	0.00e+00	0.00e+00	0.00e+00	0.00e+00
 2.76790e+16	0.00e+00	0.00e+00	2.61e-04	5.41e-01	4.59e-01	2.56e-05	0.00e+00	0.00e+00	0.00e+00	0.00e+00	0.00e+00	0.00e+00
 3.07863e+16	0.00e+00	0.00e+00	2.92e-04	5.60e-01	4.40e-01	2.27e-05	0.00e+00	0.00e+00	0.00e+00	0.00e+00	0.00e+00	0.00e+00
 3.40179e+16	0.00e+00	0.00e+00	3.26e-04	5.79e-01	4.21e-01	2.02e-05	0.00e+00	0.00e+00	0.00e+00	0.00e+00	0.00e+00	0.00e+00
 3.73788e+16	0.00e+00	0.00e+00	3.64e-04	5.98e-01	4.02e-01	1.79e-05	0.00e+00	0.00e+00	0.00e+00	0.00e+00	0.00e+00	0.00e+00
 4.08741e+16	0.00e+00	0.00e+00	4.05e-04	6.17e-01	3.83e-01	1.58e-05	0.00e+00	0.00e+00	0.00e+00	0.00e+00	0.00e+00	0.00e+00
 4.45092e+16	0.00e+00	0.00e+00	4.51e-04	6.35e-01	3.65e-01	1.39e-05	0.00e+00	0.00e+00	0.00e+00	0.00e+00	0.00e+00	0.00e+00
 4.82897e+16	0.00e+00	0.00e+00	5.02e-04	6.53e-01	3.47e-01	1.23e-05	0.00e+00	0.00e+00	0.00e+00	0.00e+00	0.00e+00	0.00e+00
 5.22214e+16	0.00e+00	0.00e+00	5.58e-04	6.70e-01	3.29e-01	1.08e-05	0.00e+00	0.00e+00	0.00e+00	0.00e+00	0.00e+00	0.00e+00
 5.63104e+16	0.00e+00	0.00e+00	6.20e-04	6.87e-01	3.12e-01	9.46e-06	0.00e+00	0.00e+00	0.00e+00	0.00e+00	0.00e+00	0.00e+00
 6.05629e+16	0.00e+00	0.00e+00	6.88e-04	7.04e-01	2.95e-01	8.28e-06	0.00e+00	0.00e+00	0.00e+00	0.00e+00	0.00e+00	0.00e+00
 6.49856e+16	0.00e+00	0.00e+00	7.62e-04	7.20e-01	2.79e-01	7.24e-06	0.00e+00	0.00e+00	0.00e+00	0.00e+00	0.00e+00	0.00e+00
 6.95851e+16	0.00e+00	0.00e+00	8.44e-04	7.36e-01	2.64e-01	6.33e-06	0.00e+00	0.00e+00	0.00e+00	0.00e+00	0.00e+00	0.00e+00
 7.43687e+16	0.00e+00	1.11e-10	9.33e-04	7.50e-01	2.49e-01	5.52e-06	0.00e+00	0.00e+00	0.00e+00	0.00e+00	0.00e+00	0.00e+00
 7.93436e+16	0.00e+00	1.33e-10	1.03e-03	7.65e-01	2.34e-01	4.80e-06	0.00e+00	0.00e+00	0.00e+00	0.00e+00	0.00e+00	0.00e+00
 8.45175e+16	0.00e+00	1.58e-10	1.14e-03	7.79e-01	2.20e-01	4.18e-06	0.00e+00	0.00e+00	0.00e+00	0.00e+00	0.00e+00	0.00e+00
 8.98983e+16	0.00e+00	1.88e-10	1.26e-03	7.92e-01	2.07e-01	3.63e-06	0.00e+00	0.00e+00	0.00e+00	0.00e+00	0.00e+00	0.00e+00
 9.54944e+16	0.00e+00	2.25e-10	1.38e-03	8.04e-01	1.94e-01	3.15e-06	0.00e+00	0.00e+00	0.00e+00	0.00e+00	0.00e+00	0.00e+00
 1.01314e+17	0.00e+00	2.67e-10	1.52e-03	8.16e-01	1.82e-01	2.73e-06	0.00e+00	0.00e+00	0.00e+00	0.00e+00	0.00e+00	0.00e+00
 1.07367e+17	0.00e+00	3.18e-10	1.68e-03	8.28e-01	1.70e-01	2.36e-06	0.00e+00	0.00e+00	0.00e+00	0.00e+00	0.00e+00	0.00e+00
 1.13662e+17	0.00e+00	3.78e-10	1.84e-03	8.39e-01	1.59e-01	2.04e-06	0.00e+00	0.00e+00	0.00e+00	0.00e+00	0.00e+00	0.00e+00
 1.20208e+17	0.00e+00	4.47e-10	2.02e-03	8.49e-01	1.49e-01	1.76e-06	0.00e+00	0.00e+00	0.00e+00	0.00e+00	0.00e+00	0.00e+00
 1.27017e+17	0.00e+00	5.35e-10	2.23e-03	8.59e-01	1.39e-01	1.52e-06	0.00e+00	0.00e+00	0.00e+00	0.00e+00	0.00e+00	0.00e+00
 1.34098e+17	0.00e+00	6.32e-10	2.44e-03	8.68e-01	1.30e-01	1.31e-06	0.00e+00	0.00e+00	0.00e+00	0.00e+00	0.00e+00	0.00e+00
 1.41462e+17	0.00e+00	7.49e-10	2.68e-03	8.76e-01	1.21e-01	1.13e-06	0.00e+00	0.00e+00	0.00e+00	0.00e+00	0.00e+00	0.00e+00
 1.49120e+17	0.00e+00	8.88e-10	2.94e-03	8.84e-01	1.13e-01	9.71e-07	0.00e+00	0.00e+00	0.00e+00	0.00e+00	0.00e+00	0.00e+00
 1.57085e+17	0.00e+00	1.06e-09	3.23e-03	8.92e-01	1.05e-01	8.33e-07	0.00e+00	0.00e+00	0.00e+00	0.00e+00	0.00e+00	0.00e+00
 1.65369e+17	0.00e+00	1.25e-09	3.54e-03	8.99e-01	9.74e-02	7.15e-07	0.00e+00	0.00e+00	0.00e+00	0.00e+00	0.00e+00	0.00e+00
 1.73984e+17	0.00e+00	1.48e-09	3.88e-03	9.06e-01	9.04e-02	6.14e-07	0.00e+00	0.00e+00	0.00e+00	0.00e+00	0.00e+00	0.00e+00
 1.82943e+17	0.00e+00	1.76e-09	4.26e-03	9.12e-01	8.39e-02	5.26e-07	0.00e+00	0.00e+00	0.00e+00	0.00e+00	0.00e+00	0.00e+00
 1.92261e+17	0.00e+00	2.11e-09	4.69e-03	9.18e-01	7.77e-02	4.48e-07	0.00e+00	0.00e+00	0.00e+00	0.00e+00	0.00e+00	0.00e+00
 2.01952e+17	0.00e+00	2.50e-09	5.14e-03	9.23e-01	7.20e-02	3.83e-07	0.00e+00	0.00e+00	0.00e+00	0.00e+00	0.00e+00	0.00e+00
 2.12030e+17	0.00e+00	2.96e-09	5.65e-03	9.28e-01	6.66e-02	3.27e-07	0.00e+00	0.00e+00	0.00e+00	0.00e+00	0.00e+00	0.00e+00
 2.22511e+17	0.00e+00	3.51e-09	6.21e-03	9.32e-01	6.15e-02	2.79e-07	0.00e+00	0.00e+00	0.00e+00	0.00e+00	0.00e+00	0.00e+00
 2.33412e+17	0.00e+00	4.22e-09	6.86e-03	9.36e-01	5.67e-02	2.37e-07	0.00e+00	0.00e+00	0.00e+00	0.00e+00	0.00e+00	0.00e+00
 2.44748e+17	0.00e+00	5.01e-09	7.56e-03	9.40e-01	5.23e-02	2.02e-07	0.00e+00	0.00e+00	0.00e+00	0.00e+00	0.00e+00	0.00e+00
 2.56538e+17	0.00e+00	5.97e-09	8.34e-03	9.44e-01	4.81e-02	1.71e-07	0.00e+00	0.00e+00	0.00e+00	0.00e+00	0.00e+00	0.00e+00
 2.68800e+17	0.00e+00	7.14e-09	9.24e-03	9.47e-01	4.42e-02	1.45e-07	0.00e+00	0.00e+00	0.00e+00	0.00e+00	0.00e+00	0.00e+00
 2.81552e+17	0.00e+00	8.68e-09	1.03e-02	9.49e-01	4.05e-02	0.00e+00	0.00e+00	0.00e+00	0.00e+00	0.00e+00	0.00e+00	0.00e+00
 2.94815e+17	0.00e+00	1.04e-08	1.15e-02	9.51e-01	3.71e-02	0.00e+00	0.00e+00	0.00e+00	0.00e+00	0.00e+00	0.00e+00	0.00e+00
 3.08607e+17	0.00e+00	1.26e-08	1.28e-02	9.53e-01	3.39e-02	0.00e+00	0.00e+00	0.00e+00	0.00e+00	0.00e+00	0.00e+00	0.00e+00
 3.22952e+17	0.00e+00	1.52e-08	1.44e-02	9.55e-01	3.09e-02	0.00e+00	0.00e+00	0.00e+00	0.00e+00	0.00e+00	0.00e+00	0.00e+00
 3.37870e+17	0.00e+00	1.88e-08	1.63e-02	9.56e-01	2.80e-02	0.00e+00	0.00e+00	0.00e+00	0.00e+00	0.00e+00	0.00e+00	0.00e+00
 3.53385e+17	0.00e+00	2.31e-08	1.86e-02	9.56e-01	2.53e-02	0.00e+00	0.00e+00	0.00e+00	0.00e+00	0.00e+00	0.00e+00	0.00e+00
 3.67757e+17	0.00e+00	2.79e-08	2.10e-02	9.56e-01	2.31e-02	0.00e+00	0.00e+00	0.00e+00	0.00e+00	0.00e+00	0.00e+00	0.00e+00
 3.80115e+17	0.00e+00	3.29e-08	2.34e-02	9.55e-01	2.13e-02	0.00e+00	0.00e+00	0.00e+00	0.00e+00	0.00e+00	0.00e+00	0.00e+00
 3.93671e+17	0.00e+00	4.00e-08	2.66e-02	9.54e-01	1.94e-02	0.00e+00	0.00e+00	0.00e+00	0.00e+00	0.00e+00	0.00e+00	0.00e+00
 4.08961e+17	0.00e+00	4.93e-08	3.07e-02	9.52e-01	1.75e-02	0.00e+00	0.00e+00	0.00e+00	0.00e+00	0.00e+00	0.00e+00	0.00e+00
 4.23391e+17	0.00e+00	6.07e-08	3.55e-02	9.49e-01	1.57e-02	0.00e+00	0.00e+00	0.00e+00	0.00e+00	0.00e+00	0.00e+00	0.00e+00
 4.36704e+17	0.00e+00	7.54e-08	4.13e-02	9.44e-01	1.42e-02	0.00e+00	0.00e+00	0.00e+00	0.00e+00	0.00e+00	0.00e+00	0.00e+00
 4.51682e+17	0.00e+00	9.52e-08	4.93e-02	9.38e-01	1.26e-02	0.00e+00	0.00e+00	0.00e+00	0.00e+00	0.00e+00	0.00e+00	0.00e+00
 4.66638e+17	0.00e+00	1.25e-07	6.04e-02	9.29e-01	1.10e-02	0.00e+00	0.00e+00	0.00e+00	0.00e+00	0.00e+00	0.00e+00	0.00e+00
 4.78854e+17	0.00e+00	1.57e-07	7.28e-02	9.18e-01	9.70e-03	0.00e+00	0.00e+00	0.00e+00	0.00e+00	0.00e+00	0.00e+00	0.00e+00
 4.88502e+17	0.00e+00	1.95e-07	8.66e-02	9.05e-01	8.65e-03	0.00e+00	0.00e+00	0.00e+00	0.00e+00	0.00e+00	0.00e+00	0.00e+00
 4.95396e+17	0.00e+00	2.30e-07	9.94e-02	8.93e-01	7.88e-03	0.00e+00	0.00e+00	0.00e+00	0.00e+00	0.00e+00	0.00e+00	0.00e+00
 5.01100e+17	0.00e+00	2.67e-07	1.13e-01	8.80e-01	7.22e-03	0.00e+00	0.00e+00	0.00e+00	0.00e+00	0.00e+00	0.00e+00	0.00e+00
 5.06539e+17	0.00e+00	3.11e-07	1.28e-01	8.65e-01	6.58e-03	0.00e+00	0.00e+00	0.00e+00	0.00e+00	0.00e+00	0.00e+00	0.00e+00
 5.11725e+17	0.00e+00	3.65e-07	1.47e-01	8.47e-01	5.93e-03	0.00e+00	0.00e+00	0.00e+00	0.00e+00	0.00e+00	0.00e+00	0.00e+00
 5.16277e+17	0.00e+00	4.26e-07	1.69e-01	8.26e-01	5.33e-03	0.00e+00	0.00e+00	0.00e+00	0.00e+00	0.00e+00	0.00e+00	0.00e+00
 5.20034e+17	0.00e+00	4.91e-07	1.92e-01	8.04e-01	4.80e-03	0.00e+00	0.00e+00	0.00e+00	0.00e+00	0.00e+00	0.00e+00	0.00e+00
 5.23152e+17	0.00e+00	5.59e-07	2.15e-01	7.81e-01	4.33e-03	0.00e+00	0.00e+00	0.00e+00	0.00e+00	0.00e+00	0.00e+00	0.00e+00
 5.25864e+17	0.00e+00	6.29e-07	2.39e-01	7.57e-01	3.90e-03	0.00e+00	0.00e+00	0.00e+00	0.00e+00	0.00e+00	0.00e+00	0.00e+00
 5.28293e+17	0.00e+00	7.06e-07	2.66e-01	7.30e-01	3.50e-03	0.00e+00	0.00e+00	0.00e+00	0.00e+00	0.00e+00	0.00e+00	0.00e+00
 5.30446e+17	0.00e+00	7.87e-07	2.95e-01	7.02e-01	3.12e-03	0.00e+00	0.00e+00	0.00e+00	0.00e+00	0.00e+00	0.00e+00	0.00e+00
 5.32307e+17	0.00e+00	8.72e-07	3.24e-01	6.73e-01	2.77e-03	0.00e+00	0.00e+00	0.00e+00	0.00e+00	0.00e+00	0.00e+00	0.00e+00
 5.33901e+17	0.00e+00	9.53e-07	3.53e-01	6.45e-01	2.46e-03	0.00e+00	0.00e+00	0.00e+00	0.00e+00	0.00e+00	0.00e+00	0.00e+00
 5.35279e+17	0.00e+00	1.03e-06	3.82e-01	6.16e-01	2.19e-03	0.00e+00	0.00e+00	0.00e+00	0.00e+00	0.00e+00	0.00e+00	0.00e+00
 5.36492e+17	0.00e+00	1.11e-06	4.11e-01	5.87e-01	1.93e-03	0.00e+00	0.00e+00	0.00e+00	0.00e+00	0.00e+00	0.00e+00	0.00e+00
 5.37570e+17	0.00e+00	1.18e-06	4.39e-01	5.59e-01	1.70e-03	0.00e+00	0.00e+00	0.00e+00	0.00e+00	0.00e+00	0.00e+00	0.00e+00
 5.38526e+17	0.00e+00	1.25e-06	4.66e-01	5.32e-01	1.50e-03	0.00e+00	0.00e+00	0.00e+00	0.00e+00	0.00e+00	0.00e+00	0.00e+00
 5.39370e+17	0.00e+00	1.31e-06	4.93e-01	5.06e-01	1.31e-03	0.00e+00	0.00e+00	0.00e+00	0.00e+00	0.00e+00	0.00e+00	0.00e+00
 5.40119e+17	0.00e+00	1.37e-06	5.17e-01	4.82e-01	1.15e-03	0.00e+00	0.00e+00	0.00e+00	0.00e+00	0.00e+00	0.00e+00	0.00e+00
 5.40793e+17	0.00e+00	1.41e-06	5.40e-01	4.59e-01	1.01e-03	0.00e+00	0.00e+00	0.00e+00	0.00e+00	0.00e+00	0.00e+00	0.00e+00
 5.41410e+17	0.00e+00	1.45e-06	5.61e-01	4.38e-01	8.78e-04	0.00e+00	0.00e+00	0.00e+00	0.00e+00	0.00e+00	0.00e+00	0.00e+00
 5.41981e+17	0.00e+00	1.48e-06	5.80e-01	4.19e-01	7.62e-04	0.00e+00	0.00e+00	0.00e+00	0.00e+00	0.00e+00	0.00e+00	0.00e+00
 5.42518e+17	0.00e+00	1.49e-06	5.98e-01	4.01e-01	6.58e-04	0.00e+00	0.00e+00	0.00e+00	0.00e+00	0.00e+00	0.00e+00	0.00e+00
 5.43031e+17	0.00e+00	1.50e-06	6.14e-01	3.86e-01	5.63e-04	0.00e+00	0.00e+00	0.00e+00	0.00e+00	0.00e+00	0.00e+00	0.00e+00
 5.43612e+17	0.00e+00	1.51e-06	6.30e-01	3.70e-01	4.64e-04	0.00e+00	0.00e+00	0.00e+00	0.00e+00	0.00e+00	0.00e+00	0.00e+00
 5.44243e+17	0.00e+00	1.49e-06	6.43e-01	3.56e-01	3.71e-04	0.00e+00	0.00e+00	0.00e+00	0.00e+00	0.00e+00	0.00e+00	0.00e+00
 5.44825e+17	0.00e+00	1.47e-06	6.53e-01	3.46e-01	2.94e-04	0.00e+00	0.00e+00	0.00e+00	0.00e+00	0.00e+00	0.00e+00	0.00e+00
 5.45465e+17	0.00e+00	1.45e-06	6.61e-01	3.39e-01	2.24e-04	0.00e+00	0.00e+00	0.00e+00	0.00e+00	0.00e+00	0.00e+00	0.00e+00
 5.46297e+17	0.00e+00	1.43e-06	6.67e-01	3.33e-01	1.54e-04	0.00e+00	0.00e+00	0.00e+00	0.00e+00	0.00e+00	0.00e+00	0.00e+00
 5.47379e+17	0.00e+00	1.41e-06	6.71e-01	3.29e-01	9.36e-05	0.00e+00	0.00e+00	0.00e+00	0.00e+00	0.00e+00	0.00e+00	0.00e+00
 5.48785e+17	0.00e+00	1.40e-06	6.74e-01	3.26e-01	4.89e-05	0.00e+00	0.00e+00	0.00e+00	0.00e+00	0.00e+00	0.00e+00	0.00e+00
 5.50613e+17	0.00e+00	1.40e-06	6.76e-01	3.24e-01	2.15e-05	0.00e+00	0.00e+00	0.00e+00	0.00e+00	0.00e+00	0.00e+00	0.00e+00
 5.52989e+17	0.00e+00	1.41e-06	6.78e-01	3.22e-01	7.72e-06	0.00e+00	0.00e+00	0.00e+00	0.00e+00	0.00e+00	0.00e+00	0.00e+00
 5.56079e+17	0.00e+00	1.42e-06	6.80e-01	3.20e-01	2.23e-06	0.00e+00	0.00e+00	0.00e+00	0.00e+00	0.00e+00	0.00e+00	0.00e+00
 5.60095e+17	0.00e+00	1.44e-06	6.83e-01	3.17e-01	5.09e-07	0.00e+00	0.00e+00	0.00e+00	0.00e+00	0.00e+00	0.00e+00	0.00e+00
 5.65316e+17	0.00e+00	1.47e-06	6.88e-01	3.12e-01	0.00e+00	0.00e+00	0.00e+00	0.00e+00	0.00e+00	0.00e+00	0.00e+00	0.00e+00
 5.72103e+17	0.00e+00	1.51e-06	6.93e-01	3.07e-01	0.00e+00	0.00e+00	0.00e+00	0.00e+00	0.00e+00	0.00e+00	0.00e+00	0.00e+00
 5.80926e+17	0.00e+00	1.56e-06	7.00e-01	3.00e-01	0.00e+00	0.00e+00	0.00e+00	0.00e+00	0.00e+00	0.00e+00	0.00e+00	0.00e+00
 5.92397e+17	0.00e+00	1.62e-06	7.08e-01	2.92e-01	0.00e+00	0.00e+00	0.00e+00	0.00e+00	0.00e+00	0.00e+00	0.00e+00	0.00e+00
 6.07308e+17	0.00e+00	1.71e-06	7.19e-01	2.81e-01	0.00e+00	0.00e+00	0.00e+00	0.00e+00	0.00e+00	0.00e+00	0.00e+00	0.00e+00
 6.26694e+17	0.00e+00	1.83e-06	7.32e-01	2.68e-01	0.00e+00	0.00e+00	0.00e+00	0.00e+00	0.00e+00	0.00e+00	0.00e+00	0.00e+00
 6.51403e+17	0.00e+00	1.99e-06	7.47e-01	2.53e-01	0.00e+00	0.00e+00	0.00e+00	0.00e+00	0.00e+00	0.00e+00	0.00e+00	0.00e+00
 6.79460e+17	0.00e+00	2.17e-06	7.63e-01	2.37e-01	0.00e+00	0.00e+00	0.00e+00	0.00e+00	0.00e+00	0.00e+00	0.00e+00	0.00e+00
 7.08638e+17	0.00e+00	2.37e-06	7.78e-01	2.22e-01	0.00e+00	0.00e+00	0.00e+00	0.00e+00	0.00e+00	0.00e+00	0.00e+00	0.00e+00
 7.38984e+17	0.00e+00	2.58e-06	7.92e-01	2.08e-01	0.00e+00	0.00e+00	0.00e+00	0.00e+00	0.00e+00	0.00e+00	0.00e+00	0.00e+00
 7.70543e+17	0.00e+00	2.82e-06	8.06e-01	1.94e-01	0.00e+00	0.00e+00	0.00e+00	0.00e+00	0.00e+00	0.00e+00	0.00e+00	0.00e+00
 8.03365e+17	0.00e+00	3.06e-06	8.18e-01	1.82e-01	0.00e+00	0.00e+00	0.00e+00	0.00e+00	0.00e+00	0.00e+00	0.00e+00	0.00e+00
 8.37500e+17	0.00e+00	3.34e-06	8.30e-01	1.70e-01	0.00e+00	0.00e+00	0.00e+00	0.00e+00	0.00e+00	0.00e+00	0.00e+00	0.00e+00
 8.73000e+17	0.00e+00	3.63e-06	8.41e-01	1.59e-01	0.00e+00	0.00e+00	0.00e+00	0.00e+00	0.00e+00	0.00e+00	0.00e+00	0.00e+00
 9.09920e+17	0.00e+00	3.95e-06	8.52e-01	1.48e-01	0.00e+00	0.00e+00	0.00e+00	0.00e+00	0.00e+00	0.00e+00	0.00e+00	0.00e+00
 9.48317e+17	0.00e+00	4.28e-06	8.62e-01	1.38e-01	0.00e+00	0.00e+00	0.00e+00	0.00e+00	0.00e+00	0.00e+00	0.00e+00	0.00e+00
 9.88250e+17	0.00e+00	4.65e-06	8.72e-01	1.28e-01	0.00e+00	0.00e+00	0.00e+00	0.00e+00	0.00e+00	0.00e+00	0.00e+00	0.00e+00
 1.02978e+18	0.00e+00	5.04e-06	8.80e-01	1.20e-01	0.00e+00	0.00e+00	0.00e+00	0.00e+00	0.00e+00	0.00e+00	0.00e+00	0.00e+00
 1.07297e+18	0.00e+00	5.46e-06	8.89e-01	1.11e-01	0.00e+00	0.00e+00	0.00e+00	0.00e+00	0.00e+00	0.00e+00	0.00e+00	0.00e+00
 1.11789e+18	0.00e+00	5.91e-06	8.96e-01	1.04e-01	0.00e+00	0.00e+00	0.00e+00	0.00e+00	0.00e+00	0.00e+00	0.00e+00	0.00e+00
 1.16461e+18	0.00e+00	6.41e-06	9.04e-01	9.62e-02	0.00e+00	0.00e+00	0.00e+00	0.00e+00	0.00e+00	0.00e+00	0.00e+00	0.00e+00
 1.21319e+18	0.00e+00	6.93e-06	9.10e-01	8.95e-02	0.00e+00	0.00e+00	0.00e+00	0.00e+00	0.00e+00	0.00e+00	0.00e+00	0.00e+00
 1.26372e+18	0.00e+00	7.50e-06	9.17e-01	8.31e-02	0.00e+00	0.00e+00	0.00e+00	0.00e+00	0.00e+00	0.00e+00	0.00e+00	0.00e+00
 1.31627e+18	0.00e+00	8.10e-06	9.23e-01	7.73e-02	0.00e+00	0.00e+00	0.00e+00	0.00e+00	0.00e+00	0.00e+00	0.00e+00	0.00e+00
 1.37092e+18	0.00e+00	8.77e-06	9.28e-01	7.17e-02	0.00e+00	0.00e+00	0.00e+00	0.00e+00	0.00e+00	0.00e+00	0.00e+00	0.00e+00
 1.42775e+18	0.00e+00	9.46e-06	9.33e-01	6.66e-02	0.00e+00	0.00e+00	0.00e+00	0.00e+00	0.00e+00	0.00e+00	0.00e+00	0.00e+00
 1.48687e+18	0.00e+00	1.02e-05	9.38e-01	6.18e-02	0.00e+00	0.00e+00	0.00e+00	0.00e+00	0.00e+00	0.00e+00	0.00e+00	0.00e+00
 1.54834e+18	0.00e+00	1.10e-05	9.43e-01	5.74e-02	0.00e+00	0.00e+00	0.00e+00	0.00e+00	0.00e+00	0.00e+00	0.00e+00	0.00e+00
 1.61227e+18	0.00e+00	1.19e-05	9.47e-01	5.32e-02	0.00e+00	0.00e+00	0.00e+00	0.00e+00	0.00e+00	0.00e+00	0.00e+00	0.00e+00
 1.67876e+18	0.00e+00	1.28e-05	9.51e-01	4.94e-02	0.00e+00	0.00e+00	0.00e+00	0.00e+00	0.00e+00	0.00e+00	0.00e+00	0.00e+00
 1.74792e+18	0.00e+00	1.39e-05	9.54e-01	4.57e-02	0.00e+00	0.00e+00	0.00e+00	0.00e+00	0.00e+00	0.00e+00	0.00e+00	0.00e+00
 1.81983e+18	0.00e+00	1.50e-05	9.58e-01	4.24e-02	0.00e+00	0.00e+00	0.00e+00	0.00e+00	0.00e+00	0.00e+00	0.00e+00	0.00e+00
 1.89463e+18	0.00e+00	1.62e-05	9.61e-01	3.93e-02	0.00e+00	0.00e+00	0.00e+00	0.00e+00	0.00e+00	0.00e+00	0.00e+00	0.00e+00
 1.97241e+18	0.00e+00	1.74e-05	9.64e-01	3.64e-02	0.00e+00	0.00e+00	0.00e+00	0.00e+00	0.00e+00	0.00e+00	0.00e+00	0.00e+00
 2.05331e+18	0.00e+00	1.88e-05	9.66e-01	3.37e-02	0.00e+00	0.00e+00	0.00e+00	0.00e+00	0.00e+00	0.00e+00	0.00e+00	0.00e+00
 2.13744e+18	0.00e+00	2.03e-05	9.69e-01	3.13e-02	0.00e+00	0.00e+00	0.00e+00	0.00e+00	0.00e+00	0.00e+00	0.00e+00	0.00e+00
 2.22494e+18	0.00e+00	2.18e-05	9.71e-01	2.90e-02	0.00e+00	0.00e+00	0.00e+00	0.00e+00	0.00e+00	0.00e+00	0.00e+00	0.00e+00
 2.31594e+18	0.00e+00	2.35e-05	9.73e-01	2.68e-02	0.00e+00	0.00e+00	0.00e+00	0.00e+00	0.00e+00	0.00e+00	0.00e+00	0.00e+00
 2.41057e+18	0.00e+00	2.54e-05	9.75e-01	2.49e-02	0.00e+00	0.00e+00	0.00e+00	0.00e+00	0.00e+00	0.00e+00	0.00e+00	0.00e+00
 2.50900e+18	0.00e+00	2.73e-05	9.77e-01	2.30e-02	0.00e+00	0.00e+00	0.00e+00	0.00e+00	0.00e+00	0.00e+00	0.00e+00	0.00e+00
 2.61136e+18	0.00e+00	2.95e-05	9.79e-01	2.13e-02	0.00e+00	0.00e+00	0.00e+00	0.00e+00	0.00e+00	0.00e+00	0.00e+00	0.00e+00
 2.71781e+18	0.00e+00	3.18e-05	9.80e-01	1.97e-02	0.00e+00	0.00e+00	0.00e+00	0.00e+00	0.00e+00	0.00e+00	0.00e+00	0.00e+00
 2.82852e+18	0.00e+00	3.42e-05	9.82e-01	1.83e-02	0.00e+00	0.00e+00	0.00e+00	0.00e+00	0.00e+00	0.00e+00	0.00e+00	0.00e+00
 2.94366e+18	0.00e+00	3.69e-05	9.83e-01	1.69e-02	0.00e+00	0.00e+00	0.00e+00	0.00e+00	0.00e+00	0.00e+00	0.00e+00	0.00e+00
 3.06341e+18	0.00e+00	3.98e-05	9.84e-01	1.57e-02	0.00e+00	0.00e+00	0.00e+00	0.00e+00	0.00e+00	0.00e+00	0.00e+00	0.00e+00
 3.18795e+18	0.00e+00	4.30e-05	9.85e-01	1.45e-02	0.00e+00	0.00e+00	0.00e+00	0.00e+00	0.00e+00	0.00e+00	0.00e+00	0.00e+00
 3.31747e+18	0.00e+00	4.63e-05	9.87e-01	1.34e-02	0.00e+00	0.00e+00	0.00e+00	0.00e+00	0.00e+00	0.00e+00	0.00e+00	0.00e+00
 3.45216e+18	1.09e-10	5.00e-05	9.88e-01	1.24e-02	0.00e+00	0.00e+00	0.00e+00	0.00e+00	0.00e+00	7.43e-11	2.36e-11	1.09e-11
 3.59225e+18	1.27e-10	5.40e-05	9.88e-01	1.15e-02	0.00e+00	0.00e+00	0.00e+00	0.00e+00	0.00e+00	7.40e-11	3.87e-11	1.36e-11
 3.73794e+18	1.47e-10	5.83e-05	9.89e-01	1.07e-02	0.00e+00	0.00e+00	0.00e+00	0.00e+00	0.00e+00	8.61e-11	4.47e-11	1.57e-11
 3.88946e+18	1.71e-10	6.29e-05	9.90e-01	9.87e-03	0.00e+00	0.00e+00	0.00e+00	0.00e+00	0.00e+00	1.00e-10	5.17e-11	1.82e-11
 4.04704e+18	1.98e-10	6.80e-05	9.91e-01	9.13e-03	0.00e+00	0.00e+00	0.00e+00	0.00e+00	0.00e+00	1.17e-10	5.97e-11	2.11e-11
 4.21092e+18	2.31e-10	7.35e-05	9.91e-01	8.45e-03	0.00e+00	0.00e+00	0.00e+00	0.00e+00	0.00e+00	1.37e-10	6.90e-11	2.44e-11
 4.38136e+18	2.68e-10	7.94e-05	9.92e-01	7.82e-03	0.00e+00	0.00e+00	0.00e+00	0.00e+00	0.00e+00	1.59e-10	7.96e-11	2.83e-11
 4.55861e+18	3.12e-10	8.59e-05	9.93e-01	7.23e-03	0.00e+00	0.00e+00	0.00e+00	0.00e+00	0.00e+00	1.86e-10	9.20e-11	3.28e-11
 4.74295e+18	3.63e-10	9.30e-05	9.93e-01	6.69e-03	0.00e+00	0.00e+00	0.00e+00	0.00e+00	0.00e+00	2.17e-10	1.06e-10	3.80e-11
 4.93467e+18	4.23e-10	1.01e-04	9.94e-01	6.19e-03	0.00e+00	0.00e+00	0.00e+00	0.00e+00	0.00e+00	2.54e-10	1.23e-10	4.41e-11
 5.13406e+18	4.93e-10	1.09e-04	9.94e-01	5.72e-03	0.00e+00	0.00e+00	0.00e+00	0.00e+00	0.00e+00	2.98e-10	1.43e-10	5.13e-11
 5.34142e+18	5.75e-10	1.18e-04	9.95e-01	5.29e-03	0.00e+00	0.00e+00	0.00e+00	0.00e+00	0.00e+00	3.49e-10	1.65e-10	5.95e-11
 5.55708e+18	6.71e-10	1.28e-04	9.95e-01	4.89e-03	0.00e+00	0.00e+00	0.00e+00	0.00e+00	0.00e+00	4.09e-10	1.91e-10	6.92e-11
 5.78136e+18	7.86e-10	1.39e-04	9.95e-01	4.51e-03	0.00e+00	0.00e+00	0.00e+00	0.00e+00	0.00e+00	4.81e-10	2.22e-10	8.06e-11
 6.01462e+18	9.21e-10	1.51e-04	9.96e-01	4.17e-03	0.00e+00	0.00e+00	0.00e+00	0.00e+00	0.00e+00	5.66e-10	2.58e-10	9.41e-11
 6.25720e+18	1.08e-09	1.65e-04	9.96e-01	3.85e-03	0.00e+00	0.00e+00	0.00e+00	0.00e+00	0.00e+00	6.68e-10	3.01e-10	1.10e-10
 6.50949e+18	1.27e-09	1.79e-04	9.96e-01	3.55e-03	0.00e+00	0.00e+00	0.00e+00	0.00e+00	0.00e+00	7.89e-10	3.51e-10	1.29e-10
 6.77187e+18	1.51e-09	1.96e-04	9.97e-01	3.27e-03	0.00e+00	0.00e+00	0.00e+00	0.00e+00	0.00e+00	9.39e-10	4.13e-10	1.52e-10
 7.04475e+18	1.79e-09	2.13e-04	9.97e-01	3.02e-03	0.00e+00	0.00e+00	0.00e+00	0.00e+00	0.00e+00	1.12e-09	4.85e-10	1.79e-10
 7.32854e+18	2.14e-09	2.34e-04	9.97e-01	2.77e-03	0.00e+00	0.00e+00	0.00e+00	0.00e+00	0.00e+00	1.34e-09	5.75e-10	2.13e-10
 7.62368e+18	2.55e-09	2.55e-04	9.97e-01	2.55e-03	0.00e+00	0.00e+00	0.00e+00	0.00e+00	0.00e+00	1.61e-09	6.81e-10	2.53e-10
 7.91185e+18	3.05e-09	2.79e-04	9.97e-01	2.36e-03	0.00e+00	0.00e+00	0.00e+00	0.00e+00	0.00e+00	1.93e-09	8.09e-10	3.02e-10
 8.17889e+18	3.60e-09	3.03e-04	9.98e-01	2.19e-03	0.00e+00	0.00e+00	0.00e+00	0.00e+00	0.00e+00	2.29e-09	9.47e-10	3.54e-10
 8.47539e+18	4.32e-09	3.30e-04	9.98e-01	2.03e-03	0.00e+00	0.00e+00	0.00e+00	0.00e+00	0.00e+00	2.76e-09	1.13e-09	4.24e-10
 8.79683e+18	5.28e-09	3.63e-04	9.98e-01	1.87e-03	0.00e+00	0.00e+00	0.00e+00	0.00e+00	0.00e+00	3.38e-09	1.37e-09	5.15e-10
 9.08476e+18	6.39e-09	3.96e-04	9.98e-01	1.73e-03	0.00e+00	0.00e+00	0.00e+00	0.00e+00	0.00e+00	4.11e-09	1.65e-09	6.21e-10
 9.34462e+18	7.54e-09	4.27e-04	9.98e-01	1.62e-03	0.00e+00	0.00e+00	0.00e+00	0.00e+00	0.00e+00	4.86e-09	1.93e-09	7.30e-10
 9.63489e+18	9.21e-09	4.65e-04	9.98e-01	1.51e-03	0.00e+00	0.00e+00	0.00e+00	0.00e+00	0.00e+00	5.95e-09	2.35e-09	8.88e-10
 9.94723e+18	1.15e-08	5.12e-04	9.98e-01	1.39e-03	0.00e+00	0.00e+00	0.00e+00	0.00e+00	0.00e+00	7.43e-09	2.90e-09	1.10e-09
 1.02203e+19	1.40e-08	5.56e-04	9.98e-01	1.30e-03	0.00e+00	0.00e+00	0.00e+00	0.00e+00	0.00e+00	9.09e-09	3.52e-09	1.34e-09
 1.04630e+19	1.69e-08	5.99e-04	9.98e-01	1.22e-03	0.00e+00	0.00e+00	0.00e+00	0.00e+00	0.00e+00	1.10e-08	4.23e-09	1.61e-09
 1.07301e+19	2.11e-08	6.54e-04	9.98e-01	1.14e-03	0.00e+00	0.00e+00	0.00e+00	0.00e+00	0.00e+00	1.38e-08	5.27e-09	2.01e-09
 1.10081e+19	2.70e-08	7.16e-04	9.98e-01	1.05e-03	0.00e+00	0.00e+00	0.00e+00	0.00e+00	0.00e+00	1.76e-08	6.70e-09	2.56e-09
 1.12417e+19	3.43e-08	7.78e-04	9.98e-01	9.81e-04	0.00e+00	0.00e+00	0.00e+00	0.00e+00	0.00e+00	2.24e-08	8.48e-09	3.25e-09
 1.14357e+19	4.32e-08	8.39e-04	9.98e-01	9.15e-04	0.00e+00	0.00e+00	0.00e+00	0.00e+00	0.00e+00	2.83e-08	1.07e-08	4.10e-09
 1.16001e+19	5.49e-08	9.03e-04	9.98e-01	8.52e-04	0.00e+00	0.00e+00	0.00e+00	0.00e+00	0.00e+00	3.60e-08	1.35e-08	5.21e-09
 1.17377e+19	7.09e-08	9.72e-04	9.98e-01	7.89e-04	0.00e+00	0.00e+00	0.00e+00	0.00e+00	0.00e+00	4.65e-08	1.74e-08	6.73e-09
 1.18509e+19	9.37e-08	1.05e-03	9.98e-01	7.28e-04	0.00e+00	0.00e+00	0.00e+00	0.00e+00	0.00e+00	6.15e-08	2.30e-08	8.91e-09
 1.19251e+19	1.20e-07	1.13e-03	9.98e-01	6.80e-04	0.00e+00	0.00e+00	0.00e+00	0.00e+00	0.00e+00	7.89e-08	2.94e-08	1.14e-08
 1.19623e+19	1.40e-07	1.18e-03	9.98e-01	6.52e-04	0.00e+00	0.00e+00	0.00e+00	0.00e+00	0.00e+00	9.19e-08	3.43e-08	1.33e-08
 1.19938e+19	1.61e-07	1.22e-03	9.98e-01	6.26e-04	0.00e+00	0.00e+00	0.00e+00	0.00e+00	0.00e+00	1.06e-07	3.95e-08	1.54e-08
 1.20348e+19	1.99e-07	1.30e-03	9.98e-01	5.90e-04	0.00e+00	0.00e+00	0.00e+00	0.00e+00	0.00e+00	1.31e-07	4.87e-08	1.90e-08
 1.20778e+19	2.60e-07	1.40e-03	9.98e-01	5.48e-04	0.00e+00	0.00e+00	0.00e+00	0.00e+00	0.00e+00	1.71e-07	6.35e-08	2.48e-08
 1.21116e+19	3.35e-07	1.51e-03	9.98e-01	5.10e-04	0.00e+00	0.00e+00	0.00e+00	0.00e+00	0.00e+00	2.20e-07	8.19e-08	3.21e-08
 1.21368e+19	4.19e-07	1.62e-03	9.98e-01	4.78e-04	0.00e+00	0.00e+00	0.00e+00	0.00e+00	0.00e+00	2.75e-07	1.02e-07	4.02e-08
 1.21585e+19	5.21e-07	1.74e-03	9.98e-01	4.48e-04	0.00e+00	0.00e+00	0.00e+00	0.00e+00	0.00e+00	3.43e-07	1.27e-07	5.01e-08
 1.21831e+19	6.90e-07	1.90e-03	9.98e-01	4.11e-04	0.00e+00	0.00e+00	0.00e+00	0.00e+00	0.00e+00	4.54e-07	1.69e-07	6.63e-08
 1.22084e+19	9.67e-07	2.14e-03	9.97e-01	3.71e-04	0.00e+00	0.00e+00	0.00e+00	0.00e+00	0.00e+00	6.36e-07	2.36e-07	9.31e-08
 1.22300e+19	1.36e-06	2.41e-03	9.97e-01	3.32e-04	0.00e+00	0.00e+00	0.00e+00	0.00e+00	0.00e+00	8.96e-07	3.33e-07	1.31e-07
 1.22491e+19	1.94e-06	2.75e-03	9.97e-01	2.95e-04	0.00e+00	0.00e+00	0.00e+00	0.00e+00	0.00e+00	1.27e-06	4.73e-07	1.87e-07
 1.22652e+19	2.75e-06	3.15e-03	9.97e-01	2.62e-04	0.00e+00	0.00e+00	0.00e+00	0.00e+00	0.00e+00	1.80e-06	6.71e-07	2.66e-07
 1.22787e+19	3.83e-06	3.61e-03	9.96e-01	2.32e-04	0.00e+00	0.00e+00	0.00e+00	0.00e+00	0.00e+00	2.52e-06	9.35e-07	3.72e-07
 1.22901e+19	5.27e-06	4.13e-03	9.96e-01	2.06e-04	0.00e+00	0.00e+00	0.00e+00	0.00e+00	0.00e+00	3.46e-06	1.29e-06	5.13e-07
 1.23002e+19	7.23e-06	4.73e-03	9.95e-01	1.83e-04	0.00e+00	0.00e+00	0.00e+00	0.00e+00	0.00e+00	4.74e-06	1.77e-06	7.05e-07
 1.23094e+19	9.94e-06	5.46e-03	9.94e-01	1.61e-04	0.00e+00	0.00e+00	0.00e+00	0.00e+00	0.00e+00	6.52e-06	2.43e-06	9.72e-07
 1.23176e+19	1.37e-05	6.33e-03	9.94e-01	1.41e-04	0.00e+00	0.00e+00	0.00e+00	0.00e+00	0.00e+00	8.97e-06	3.35e-06	1.34e-06
 1.23250e+19	1.88e-05	7.36e-03	9.92e-01	1.24e-04	0.00e+00	0.00e+00	0.00e+00	0.00e+00	0.00e+00	1.23e-05	4.62e-06	1.86e-06
 1.23315e+19	2.57e-05	8.56e-03	9.91e-01	1.08e-04	0.00e+00	0.00e+00	0.00e+00	0.00e+00	0.00e+00	1.68e-05	6.31e-06	2.55e-06
 1.23372e+19	3.47e-05	9.93e-03	9.90e-01	9.47e-05	0.00e+00	0.00e+00	0.00e+00	0.00e+00	0.00e+00	2.26e-05	8.54e-06	3.46e-06
 1.23422e+19	4.63e-05	1.15e-02	9.88e-01	8.31e-05	0.00e+00	0.00e+00	0.00e+00	0.00e+00	0.00e+00	3.02e-05	1.14e-05	4.66e-06
 1.23467e+19	6.14e-05	1.33e-02	9.87e-01	7.27e-05	0.00e+00	0.00e+00	0.00e+00	0.00e+00	0.00e+00	3.99e-05	1.52e-05	6.23e-06
 1.23508e+19	8.15e-05	1.54e-02	9.84e-01	6.38e-05	0.00e+00	0.00e+00	0.00e+00	0.00e+00	0.00e+00	5.28e-05	2.02e-05	8.34e-06
 1.23545e+19	1.08e-04	1.79e-02	9.82e-01	5.56e-05	0.00e+00	0.00e+00	0.00e+00	0.00e+00	0.00e+00	6.97e-05	2.68e-05	1.11e-05
 1.23579e+19	1.42e-04	2.08e-02	9.79e-01	4.85e-05	0.00e+00	0.00e+00	0.00e+00	0.00e+00	0.00e+00	9.19e-05	3.54e-05	1.48e-05
 1.23610e+19	1.88e-04	2.41e-02	9.76e-01	4.22e-05	0.00e+00	0.00e+00	0.00e+00	0.00e+00	0.00e+00	1.21e-04	4.67e-05	1.97e-05
 1.23639e+19	2.47e-04	2.80e-02	9.72e-01	3.66e-05	0.00e+00	0.00e+00	0.00e+00	0.00e+00	0.00e+00	1.59e-04	6.15e-05	2.62e-05
 1.23665e+19	3.25e-04	3.27e-02	9.67e-01	3.17e-05	0.00e+00	0.00e+00	0.00e+00	0.00e+00	0.00e+00	2.09e-04	8.10e-05	3.47e-05
 1.23689e+19	4.29e-04	3.81e-02	9.61e-01	2.73e-05	0.00e+00	0.00e+00	0.00e+00	0.00e+00	0.00e+00	2.76e-04	1.07e-04	4.59e-05
 1.23712e+19	5.67e-04	4.46e-02	9.55e-01	2.35e-05	0.00e+00	0.00e+00	0.00e+00	0.00e+00	0.00e+00	3.65e-04	1.41e-04	6.06e-05
 1.23733e+19	7.50e-04	5.23e-02	9.47e-01	2.01e-05	0.00e+00	0.00e+00	0.00e+00	0.00e+00	0.00e+00	4.83e-04	1.86e-04	8.01e-05
 1.23749e+19	9.46e-04	5.97e-02	9.39e-01	1.76e-05	0.00e+00	0.00e+00	0.00e+00	0.00e+00	0.00e+00	6.10e-04	2.34e-04	1.01e-04
 1.23760e+19	1.12e-03	6.58e-02	9.33e-01	1.60e-05	0.00e+00	0.00e+00	0.00e+00	0.00e+00	0.00e+00	7.25e-04	2.77e-04	1.19e-04
 1.23771e+19	1.34e-03	7.28e-02	9.26e-01	1.43e-05	0.00e+00	0.00e+00	0.00e+00	0.00e+00	0.00e+00	8.67e-04	3.30e-04	1.42e-04
 1.23785e+19	1.71e-03	8.37e-02	9.15e-01	1.23e-05	0.00e+00	0.00e+00	0.00e+00	0.00e+00	0.00e+00	1.11e-03	4.21e-04	1.80e-04
 1.23799e+19	2.20e-03	9.67e-02	9.01e-01	1.05e-05	0.00e+00	0.00e+00	0.00e+00	0.00e+00	0.00e+00	1.43e-03	5.41e-04	2.31e-04
 1.23809e+19	2.67e-03	1.08e-01	8.89e-01	9.33e-06	0.00e+00	0.00e+00	0.00e+00	0.00e+00	0.00e+00	1.74e-03	6.55e-04	2.79e-04
 1.23817e+19	3.15e-03	1.19e-01	8.78e-01	8.36e-06	0.00e+00	0.00e+00	0.00e+00	0.00e+00	0.00e+00	2.05e-03	7.70e-04	3.27e-04
 1.23825e+19	3.80e-03	1.32e-01	8.64e-01	7.35e-06	0.00e+00	0.00e+00	0.00e+00	0.00e+00	0.00e+00	2.47e-03	9.28e-04	3.93e-04
 1.23835e+19	4.74e-03	1.50e-01	8.46e-01	6.30e-06	0.00e+00	0.00e+00	0.00e+00	0.00e+00	0.00e+00	3.09e-03	1.16e-03	4.88e-04
 1.23844e+19	5.84e-03	1.68e-01	8.26e-01	5.41e-06	0.00e+00	0.00e+00	0.00e+00	0.00e+00	0.00e+00	3.81e-03	1.42e-03	5.98e-04
 1.23851e+19	7.01e-03	1.86e-01	8.07e-01	4.72e-06	0.00e+00	0.00e+00	0.00e+00	0.00e+00	0.00e+00	4.58e-03	1.71e-03	7.16e-04
 1.23858e+19	8.60e-03	2.09e-01	7.82e-01	4.01e-06	0.00e+00	0.00e+00	0.00e+00	0.00e+00	0.00e+00	5.62e-03	2.09e-03	8.75e-04
 1.23867e+19	1.08e-02	2.37e-01	7.52e-01	3.31e-06	0.00e+00	0.00e+00	0.00e+00	0.00e+00	0.00e+00	7.07e-03	2.63e-03	1.10e-03
 1.23873e+19	1.32e-02	2.64e-01	7.23e-01	2.79e-06	0.00e+00	0.00e+00	0.00e+00	0.00e+00	0.00e+00	8.64e-03	3.20e-03	1.34e-03
 1.23879e+19	1.57e-02	2.90e-01	6.95e-01	2.36e-06	0.00e+00	0.00e+00	0.00e+00	0.00e+00	0.00e+00	1.03e-02	3.81e-03	1.59e-03
 1.23885e+19	1.92e-02	3.22e-01	6.59e-01	1.94e-06	0.00e+00	0.00e+00	0.00e+00	0.00e+00	0.00e+00	1.26e-02	4.66e-03	1.94e-03
 1.23892e+19	2.40e-02	3.60e-01	6.16e-01	1.54e-06	0.00e+00	0.00e+00	0.00e+00	0.00e+00	0.00e+00	1.57e-02	5.81e-03	2.42e-03
 1.23897e+19	2.93e-02	3.97e-01	5.74e-01	1.23e-06	0.00e+00	0.00e+00	0.00e+00	0.00e+00	0.00e+00	1.92e-02	7.08e-03	2.94e-03
 1.23902e+19	3.48e-02	4.31e-01	5.34e-01	9.88e-07	0.00e+00	0.00e+00	0.00e+00	0.00e+00	0.00e+00	2.29e-02	8.42e-03	3.50e-03
 1.23908e+19	4.26e-02	4.71e-01	4.86e-01	7.56e-07	0.00e+00	0.00e+00	0.00e+00	0.00e+00	0.00e+00	2.80e-02	1.03e-02	4.28e-03
 1.23913e+19	5.28e-02	5.16e-01	4.31e-01	5.47e-07	0.00e+00	0.00e+00	0.00e+00	0.00e+00	0.00e+00	3.47e-02	1.27e-02	5.31e-03
 1.23918e+19	6.42e-02	5.57e-01	3.79e-01	3.97e-07	0.00e+00	0.00e+00	0.00e+00	0.00e+00	0.00e+00	4.23e-02	1.55e-02	6.45e-03
 1.23922e+19	7.67e-02	5.92e-01	3.31e-01	2.90e-07	0.00e+00	0.00e+00	0.00e+00	0.00e+00	0.00e+00	5.05e-02	1.84e-02	7.70e-03
 1.23927e+19	9.29e-02	6.28e-01	2.79e-01	1.93e-07	0.00e+00	0.00e+00	0.00e+00	0.00e+00	0.00e+00	6.12e-02	2.23e-02	9.33e-03
 1.23932e+19	1.15e-01	6.63e-01	2.22e-01	0.00e+00	0.00e+00	0.00e+00	0.00e+00	0.00e+00	0.00e+00	7.61e-02	2.77e-02	1.16e-02
 1.23937e+19	1.40e-01	6.87e-01	1.73e-01	0.00e+00	0.00e+00	0.00e+00	0.00e+00	0.00e+00	0.00e+00	9.27e-02	3.36e-02	1.41e-02
 1.23941e+19	1.67e-01	6.99e-01	1.34e-01	0.00e+00	0.00e+00	0.00e+00	0.00e+00	0.00e+00	0.00e+00	1.10e-01	3.98e-02	1.68e-02
 1.23945e+19	1.97e-01	7.02e-01	1.01e-01	0.00e+00	0.00e+00	0.00e+00	0.00e+00	0.00e+00	0.00e+00	1.31e-01	4.69e-02	1.98e-02
 1.23949e+19	2.33e-01	6.94e-01	7.30e-02	0.00e+00	0.00e+00	0.00e+00	0.00e+00	0.00e+00	0.00e+00	1.54e-01	5.51e-02	2.34e-02
 1.23952e+19	2.71e-01	6.77e-01	5.19e-02	0.00e+00	0.00e+00	0.00e+00	0.00e+00	0.00e+00	0.00e+00	1.80e-01	6.38e-02	2.72e-02
 1.23955e+19	3.10e-01	6.53e-01	3.69e-02	0.00e+00	0.00e+00	0.00e+00	0.00e+00	0.00e+00	0.00e+00	2.06e-01	7.26e-02	3.11e-02
 1.23958e+19	3.42e-01	6.30e-01	2.79e-02	0.00e+00	0.00e+00	0.00e+00	0.00e+00	0.00e+00	0.00e+00	2.27e-01	7.99e-02	3.43e-02
 1.23959e+19	3.65e-01	6.12e-01	2.29e-02	0.00e+00	0.00e+00	0.00e+00	0.00e+00	0.00e+00	0.00e+00	2.43e-01	8.50e-02	3.66e-02
 1.23961e+19	3.90e-01	5.91e-01	1.84e-02	0.00e+00	0.00e+00	0.00e+00	0.00e+00	0.00e+00	0.00e+00	2.61e-01	9.06e-02	3.92e-02
 1.23962e+19	4.25e-01	5.62e-01	1.36e-02	0.00e+00	0.00e+00	0.00e+00	0.00e+00	0.00e+00	0.00e+00	2.84e-01	9.81e-02	4.26e-02
 1.23964e+19	4.61e-01	5.29e-01	9.98e-03	0.00e+00	0.00e+00	0.00e+00	0.00e+00	0.00e+00	0.00e+00	3.09e-01	1.06e-01	4.61e-02
 1.23966e+19	4.89e-01	5.04e-01	7.78e-03	0.00e+00	0.00e+00	0.00e+00	0.00e+00	0.00e+00	0.00e+00	3.28e-01	1.12e-01	4.89e-02
 1.23967e+19	5.14e-01	4.80e-01	6.20e-03	0.00e+00	0.00e+00	0.00e+00	0.00e+00	0.00e+00	0.00e+00	3.45e-01	1.17e-01	5.14e-02
 1.23968e+19	5.39e-01	4.56e-01	4.88e-03	0.00e+00	0.00e+00	0.00e+00	0.00e+00	0.00e+00	0.00e+00	3.63e-01	1.22e-01	5.39e-02
 1.23970e+19	5.66e-01	4.31e-01	3.81e-03	0.00e+00	0.00e+00	0.00e+00	0.00e+00	0.00e+00	0.00e+00	3.81e-01	1.27e-01	5.64e-02
 1.23971e+19	5.92e-01	4.05e-01	2.94e-03	0.00e+00	0.00e+00	0.00e+00	0.00e+00	0.00e+00	0.00e+00	4.00e-01	1.33e-01	5.90e-02
 1.23972e+19	6.18e-01	3.79e-01	2.24e-03	0.00e+00	0.00e+00	0.00e+00	0.00e+00	0.00e+00	0.00e+00	4.19e-01	1.38e-01	6.16e-02
 1.23973e+19	6.45e-01	3.53e-01	1.69e-03	0.00e+00	0.00e+00	0.00e+00	0.00e+00	0.00e+00	0.00e+00	4.38e-01	1.43e-01	6.41e-02
 1.23975e+19	6.71e-01	3.27e-01	1.26e-03	0.00e+00	0.00e+00	0.00e+00	0.00e+00	0.00e+00	0.00e+00	4.57e-01	1.48e-01	6.67e-02
 1.23976e+19	6.98e-01	3.02e-01	9.28e-04	0.00e+00	0.00e+00	0.00e+00	0.00e+00	0.00e+00	0.00e+00	4.76e-01	1.53e-01	6.92e-02
 1.23977e+19	7.23e-01	2.76e-01	6.74e-04	0.00e+00	0.00e+00	0.00e+00	0.00e+00	0.00e+00	0.00e+00	4.94e-01	1.57e-01	7.16e-02
 1.23978e+19	7.48e-01	2.52e-01	4.84e-04	0.00e+00	0.00e+00	0.00e+00	0.00e+00	0.00e+00	0.00e+00	5.12e-01	1.62e-01	7.39e-02
 1.23980e+19	7.72e-01	2.28e-01	3.42e-04	0.00e+00	0.00e+00	0.00e+00	0.00e+00	0.00e+00	0.00e+00	5.30e-01	1.66e-01	7.61e-02
 1.23981e+19	7.94e-01	2.05e-01	2.39e-04	0.00e+00	0.00e+00	0.00e+00	0.00e+00	0.00e+00	0.00e+00	5.47e-01	1.70e-01	7.82e-02
 1.23982e+19	8.16e-01	1.84e-01	1.64e-04	0.00e+00	0.00e+00	0.00e+00	0.00e+00	0.00e+00	0.00e+00	5.63e-01	1.73e-01	8.02e-02
 1.23983e+19	8.36e-01	1.64e-01	1.11e-04	0.00e+00	0.00e+00	0.00e+00	0.00e+00	0.00e+00	0.00e+00	5.78e-01	1.76e-01	8.20e-02
 1.23984e+19	8.55e-01	1.45e-01	7.43e-05	0.00e+00	0.00e+00	0.00e+00	0.00e+00	0.00e+00	0.00e+00	5.92e-01	1.79e-01	8.38e-02
 1.23986e+19	8.73e-01	1.27e-01	4.88e-05	0.00e+00	0.00e+00	0.00e+00	0.00e+00	0.00e+00	0.00e+00	6.06e-01	1.82e-01	8.53e-02
 1.23987e+19	8.89e-01	1.11e-01	3.16e-05	0.00e+00	0.00e+00	0.00e+00	0.00e+00	0.00e+00	0.00e+00	6.18e-01	1.84e-01	8.68e-02
 1.23988e+19	9.03e-01	9.71e-02	2.01e-05	0.00e+00	0.00e+00	0.00e+00	0.00e+00	0.00e+00	0.00e+00	6.29e-01	1.86e-01	8.80e-02
 1.23989e+19	9.14e-01	8.58e-02	1.29e-05	0.00e+00	0.00e+00	0.00e+00	0.00e+00	0.00e+00	0.00e+00	6.38e-01	1.88e-01	8.91e-02
 1.23991e+19	9.21e-01	7.94e-02	8.59e-06	0.00e+00	0.00e+00	0.00e+00	0.00e+00	0.00e+00	0.00e+00	6.42e-01	1.88e-01	8.97e-02
 1.23992e+19	9.26e-01	7.38e-02	5.66e-06	0.00e+00	0.00e+00	0.00e+00	0.00e+00	0.00e+00	0.00e+00	6.47e-01	1.89e-01	9.03e-02
 1.23993e+19	9.30e-01	6.95e-02	3.73e-06	0.00e+00	0.00e+00	0.00e+00	0.00e+00	0.00e+00	0.00e+00	6.50e-01	1.90e-01	9.08e-02
 1.23994e+19	9.33e-01	6.65e-02	2.47e-06	0.00e+00	0.00e+00	0.00e+00	0.00e+00	0.00e+00	0.00e+00	6.52e-01	1.90e-01	9.12e-02
 1.23996e+19	9.36e-01	6.43e-02	1.63e-06	0.00e+00	0.00e+00	0.00e+00	0.00e+00	0.00e+00	0.00e+00	6.54e-01	1.91e-01	9.15e-02
 1.23997e+19	9.37e-01	6.29e-02	1.08e-06	0.00e+00	0.00e+00	0.00e+00	0.00e+00	0.00e+00	0.00e+00	6.55e-01	1.91e-01	9.17e-02
 1.23998e+19	9.38e-01	6.18e-02	7.15e-07	0.00e+00	0.00e+00	0.00e+00	0.00e+00	0.00e+00	0.00e+00	6.55e-01	1.91e-01	9.19e-02
 1.23999e+19	9.39e-01	6.10e-02	4.72e-07	0.00e+00	0.00e+00	0.00e+00	0.00e+00	0.00e+00	0.00e+00	6.56e-01	1.91e-01	9.21e-02
 1.24001e+19	9.40e-01	6.04e-02	3.10e-07	0.00e+00	0.00e+00	0.00e+00	0.00e+00	0.00e+00	0.00e+00	6.56e-01	1.91e-01	9.22e-02
 1.24002e+19	9.40e-01	5.98e-02	2.04e-07	0.00e+00	0.00e+00	0.00e+00	0.00e+00	0.00e+00	0.00e+00	6.57e-01	1.91e-01	9.24e-02
 1.24003e+19	9.41e-01	5.93e-02	1.34e-07	0.00e+00	0.00e+00	0.00e+00	0.00e+00	0.00e+00	0.00e+00	6.57e-01	1.91e-01	9.25e-02
 1.24004e+19	9.41e-01	5.89e-02	8.78e-08	0.00e+00	0.00e+00	0.00e+00	0.00e+00	0.00e+00	0.00e+00	6.57e-01	1.91e-01	9.26e-02
 1.24006e+19	9.42e-01	5.85e-02	5.75e-08	0.00e+00	0.00e+00	0.00e+00	0.00e+00	0.00e+00	0.00e+00	6.58e-01	1.91e-01	9.28e-02
 1.24007e+19	9.42e-01	5.81e-02	3.77e-08	0.00e+00	0.00e+00	0.00e+00	0.00e+00	0.00e+00	0.00e+00	6.58e-01	1.91e-01	9.29e-02
 1.24008e+19	9.42e-01	5.77e-02	2.47e-08	0.00e+00	0.00e+00	0.00e+00	0.00e+00	0.00e+00	0.00e+00	6.58e-01	1.91e-01	9.30e-02
 1.24009e+19	9.43e-01	5.74e-02	1.63e-08	0.00e+00	0.00e+00	0.00e+00	0.00e+00	0.00e+00	0.00e+00	6.58e-01	1.91e-01	9.31e-02
 1.24011e+19	9.43e-01	5.70e-02	1.07e-08	0.00e+00	0.00e+00	0.00e+00	0.00e+00	0.00e+00	0.00e+00	6.59e-01	1.91e-01	9.32e-02
 1.24012e+19	9.43e-01	5.67e-02	7.03e-09	0.00e+00	0.00e+00	0.00e+00	0.00e+00	0.00e+00	0.00e+00	6.59e-01	1.91e-01	9.33e-02
 1.24013e+19	9.44e-01	5.64e-02	4.64e-09	0.00e+00	0.00e+00	0.00e+00	0.00e+00	0.00e+00	0.00e+00	6.59e-01	1.91e-01	9.34e-02
 1.24014e+19	9.44e-01	5.61e-02	3.06e-09	0.00e+00	0.00e+00	0.00e+00	0.00e+00	0.00e+00	0.00e+00	6.60e-01	1.91e-01	9.35e-02
 1.24015e+19	9.44e-01	5.58e-02	2.02e-09	0.00e+00	0.00e+00	0.00e+00	0.00e+00	0.00e+00	0.00e+00	6.60e-01	1.91e-01	9.35e-02
 1.24017e+19	9.45e-01	5.55e-02	1.34e-09	0.00e+00	0.00e+00	0.00e+00	0.00e+00	0.00e+00	0.00e+00	6.60e-01	1.91e-01	9.36e-02
 1.24018e+19	9.45e-01	5.52e-02	8.88e-10	0.00e+00	0.00e+00	0.00e+00	0.00e+00	0.00e+00	0.00e+00	6.61e-01	1.91e-01	9.37e-02
 1.24019e+19	9.45e-01	5.50e-02	5.90e-10	0.00e+00	0.00e+00	0.00e+00	0.00e+00	0.00e+00	0.00e+00	6.61e-01	1.91e-01	9.37e-02
 1.24020e+19	9.45e-01	5.47e-02	3.93e-10	0.00e+00	0.00e+00	0.00e+00	0.00e+00	0.00e+00	0.00e+00	6.61e-01	1.90e-01	9.38e-02
 1.24022e+19	9.46e-01	5.45e-02	2.62e-10	0.00e+00	0.00e+00	0.00e+00	0.00e+00	0.00e+00	0.00e+00	6.61e-01	1.90e-01	9.38e-02
 1.24023e+19	9.46e-01	5.42e-02	1.75e-10	0.00e+00	0.00e+00	0.00e+00	0.00e+00	0.00e+00	0.00e+00	6.62e-01	1.90e-01	9.39e-02
 1.24024e+19	9.46e-01	5.40e-02	1.17e-10	0.00e+00	0.00e+00	0.00e+00	0.00e+00	0.00e+00	0.00e+00	6.62e-01	1.90e-01	9.39e-02
 1.24025e+19	9.46e-01	5.37e-02	7.87e-11	0.00e+00	0.00e+00	0.00e+00	0.00e+00	0.00e+00	0.00e+00	6.62e-01	1.90e-01	9.39e-02
 1.24027e+19	9.46e-01	5.35e-02	5.29e-11	0.00e+00	0.00e+00	0.00e+00	0.00e+00	0.00e+00	0.00e+00	6.63e-01	1.90e-01	9.40e-02
 1.24028e+19	9.47e-01	5.34e-02	3.58e-11	0.00e+00	0.00e+00	0.00e+00	0.00e+00	0.00e+00	0.00e+00	6.63e-01	1.90e-01	9.40e-02
 1.24029e+19	9.47e-01	5.32e-02	2.43e-11	0.00e+00	0.00e+00	0.00e+00	0.00e+00	0.00e+00	0.00e+00	6.63e-01	1.89e-01	9.40e-02
 1.24030e+19	9.47e-01	5.29e-02	1.66e-11	0.00e+00	0.00e+00	0.00e+00	0.00e+00	0.00e+00	0.00e+00	6.64e-01	1.89e-01	9.40e-02
 1.24032e+19	9.47e-01	5.27e-02	1.14e-11	0.00e+00	0.00e+00	0.00e+00	0.00e+00	0.00e+00	0.00e+00	6.64e-01	1.89e-01	9.40e-02
 1.24033e+19	9.48e-01	5.25e-02	7.90e-12	0.00e+00	0.00e+00	0.00e+00	0.00e+00	0.00e+00	0.00e+00	6.65e-01	1.89e-01	9.40e-02
 1.24034e+19	9.48e-01	5.23e-02	5.56e-12	0.00e+00	0.00e+00	0.00e+00	0.00e+00	0.00e+00	0.00e+00	6.65e-01	1.89e-01	9.40e-02
 1.24035e+19	9.48e-01	5.21e-02	3.97e-12	0.00e+00	0.00e+00	0.00e+00	0.00e+00	0.00e+00	0.00e+00	6.65e-01	1.88e-01	9.40e-02
 1.24037e+19	9.48e-01	5.19e-02	2.91e-12	0.00e+00	0.00e+00	0.00e+00	0.00e+00	0.00e+00	0.00e+00	6.66e-01	1.88e-01	9.40e-02
 1.24038e+19	9.48e-01	5.17e-02	2.18e-12	0.00e+00	0.00e+00	0.00e+00	0.00e+00	0.00e+00	0.00e+00	6.66e-01	1.88e-01	9.40e-02
 1.24039e+19	9.48e-01	5.16e-02	1.70e-12	0.00e+00	0.00e+00	0.00e+00	0.00e+00	0.00e+00	0.00e+00	6.66e-01	1.88e-01	9.40e-02
 1.24040e+19	9.49e-01	5.13e-02	1.36e-12	0.00e+00	0.00e+00	0.00e+00	0.00e+00	0.00e+00	0.00e+00	6.67e-01	1.88e-01	9.40e-02
 1.24042e+19	9.49e-01	5.12e-02	1.14e-12	0.00e+00	0.00e+00	0.00e+00	0.00e+00	0.00e+00	0.00e+00	6.67e-01	1.87e-01	9.40e-02
 1.24043e+19	9.49e-01	5.10e-02	9.84e-13	0.00e+00	0.00e+00	0.00e+00	0.00e+00	0.00e+00	0.00e+00	6.68e-01	1.87e-01	9.40e-02
 1.24044e+19	9.49e-01	5.09e-02	8.80e-13	0.00e+00	0.00e+00	0.00e+00	0.00e+00	0.00e+00	0.00e+00	6.68e-01	1.87e-01	9.39e-02
 1.24045e+19	9.49e-01	5.07e-02	8.07e-13	0.00e+00	0.00e+00	0.00e+00	0.00e+00	0.00e+00	0.00e+00	6.69e-01	1.87e-01	9.39e-02
 1.24046e+19	9.49e-01	5.05e-02	7.59e-13	0.00e+00	0.00e+00	0.00e+00	0.00e+00	0.00e+00	0.00e+00	6.69e-01	1.87e-01	9.39e-02
 1.24048e+19	9.50e-01	5.03e-02	7.23e-13	0.00e+00	0.00e+00	0.00e+00	0.00e+00	0.00e+00	0.00e+00	6.69e-01	1.86e-01	9.38e-02
 1.24049e+19	9.50e-01	5.02e-02	7.01e-13	0.00e+00	0.00e+00	0.00e+00	0.00e+00	0.00e+00	0.00e+00	6.70e-01	1.86e-01	9.38e-02
 1.24050e+19	9.50e-01	5.00e-02	6.83e-13	0.00e+00	0.00e+00	0.00e+00	0.00e+00	0.00e+00	0.00e+00	6.70e-01	1.86e-01	9.38e-02
 1.24051e+19	9.50e-01	4.99e-02	6.72e-13	0.00e+00	0.00e+00	0.00e+00	0.00e+00	0.00e+00	0.00e+00	6.71e-01	1.86e-01	9.37e-02
 1.24053e+19	9.50e-01	4.97e-02	6.62e-13	0.00e+00	0.00e+00	0.00e+00	0.00e+00	0.00e+00	0.00e+00	6.71e-01	1.85e-01	9.37e-02
 1.24054e+19	9.50e-01	4.96e-02	6.57e-13	0.00e+00	0.00e+00	0.00e+00	0.00e+00	0.00e+00	0.00e+00	6.72e-01	1.85e-01	9.36e-02
 1.24055e+19	9.51e-01	4.94e-02	6.51e-13	0.00e+00	0.00e+00	0.00e+00	0.00e+00	0.00e+00	0.00e+00	6.72e-01	1.85e-01	9.36e-02
 1.24056e+19	9.51e-01	4.93e-02	6.49e-13	0.00e+00	0.00e+00	0.00e+00	0.00e+00	0.00e+00	0.00e+00	6.73e-01	1.85e-01	9.35e-02
