#depth	O	O+	O+2	O+3	O+4	O+5	O+6	O+7	O+8	O[1]	O[2]	O[3]
 4.84020e+11	6.44e-05	6.42e-01	3.58e-01	0.00e+00	0.00e+00	0.00e+00	0.00e+00	0.00e+00	0.00e+00	4.11e-05	1.67e-05	6.44e-06
 2.90412e+12	6.43e-05	6.42e-01	3.58e-01	0.00e+00	0.00e+00	0.00e+00	0.00e+00	0.00e+00	0.00e+00	4.11e-05	1.67e-05	6.43e-06
 1.25845e+13	6.43e-05	6.42e-01	3.58e-01	0.00e+00	0.00e+00	0.00e+00	0.00e+00	0.00e+00	0.00e+00	4.11e-05	1.67e-05	6.43e-06
 5.13061e+13	6.45e-05	6.43e-01	3.57e-01	0.00e+00	0.00e+00	0.00e+00	0.00e+00	0.00e+00	0.00e+00	4.12e-05	1.67e-05	6.45e-06
 1.22554e+14	6.47e-05	6.44e-01	3.56e-01	0.00e+00	0.00e+00	0.00e+00	0.00e+00	0.00e+00	0.00e+00	4.14e-05	1.68e-05	6.47e-06
 2.15176e+14	6.50e-05	6.46e-01	3.54e-01	0.00e+00	0.00e+00	0.00e+00	0.00e+00	0.00e+00	0.00e+00	4.16e-05	1.68e-05	6.49e-06
 3.35584e+14	6.55e-05	6.48e-01	3.52e-01	0.00e+00	0.00e+00	0.00e+00	0.00e+00	0.00e+00	0.00e+00	4.19e-05	1.69e-05	6.54e-06
 4.92116e+14	6.61e-05	6.51e-01	3.49e-01	0.00e+00	0.00e+00	0.00e+00	0.00e+00	0.00e+00	0.00e+00	4.23e-05	1.71e-05	6.59e-06
 6.95606e+14	6.69e-05	6.55e-01	3.45e-01	0.00e+00	0.00e+00	0.00e+00	0.00e+00	0.00e+00	0.00e+00	4.28e-05	1.73e-05	6.68e-06
 9.60144e+14	6.80e-05	6.59e-01	3.41e-01	0.00e+00	0.00e+00	0.00e+00	0.00e+00	0.00e+00	0.00e+00	4.36e-05	1.76e-05	6.78e-06
 1.30404e+15	6.95e-05	6.64e-01	3.35e-01	0.00e+00	0.00e+00	0.00e+00	0.00e+00	0.00e+00	0.00e+00	4.46e-05	1.79e-05	6.92e-06
 1.75111e+15	7.15e-05	6.71e-01	3.29e-01	0.00e+00	0.00e+00	0.00e+00	0.00e+00	0.00e+00	0.00e+00	4.58e-05	1.84e-05	7.11e-06
 2.33230e+15	7.41e-05	6.80e-01	3.20e-01	0.00e+00	0.00e+00	0.00e+00	0.00e+00	0.00e+00	0.00e+00	4.76e-05	1.90e-05	7.37e-06
 3.08785e+15	7.76e-05	6.91e-01	3.09e-01	0.00e+00	0.00e+00	0.00e+00	0.00e+00	0.00e+00	0.00e+00	4.99e-05	1.99e-05	7.71e-06
 4.07006e+15	8.23e-05	7.05e-01	2.95e-01	0.00e+00	0.00e+00	0.00e+00	0.00e+00	0.00e+00	0.00e+00	5.30e-05	2.10e-05	8.17e-06
 5.34693e+15	8.88e-05	7.24e-01	2.76e-01	0.00e+00	0.00e+00	0.00e+00	0.00e+00	0.00e+00	0.00e+00	5.73e-05	2.25e-05	8.80e-06
 7.00687e+15	9.78e-05	7.47e-01	2.53e-01	0.00e+00	0.00e+00	0.00e+00	0.00e+00	0.00e+00	0.00e+00	6.33e-05	2.47e-05	9.68e-06
 9.10406e+15	1.10e-04	7.75e-01	2.25e-01	0.00e+00	0.00e+00	0.00e+00	0.00e+00	0.00e+00	0.00e+00	7.16e-05	2.76e-05	1.09e-05
 1.14684e+16	1.25e-04	8.05e-01	1.95e-01	0.00e+00	0.00e+00	0.00e+00	0.00e+00	0.00e+00	0.00e+00	8.17e-05	3.12e-05	1.24e-05
 1.39272e+16	1.43e-04	8.35e-01	1.64e-01	0.00e+00	0.00e+00	0.00e+00	0.00e+00	0.00e+00	0.00e+00	9.34e-05	3.53e-05	1.41e-05
 1.59398e+16	1.58e-04	8.59e-01	1.41e-01	0.00e+00	0.00e+00	0.00e+00	0.00e+00	0.00e+00	0.00e+00	1.03e-04	3.86e-05	1.55e-05
 1.73282e+16	1.69e-04	8.76e-01	1.24e-01	0.00e+00	0.00e+00	0.00e+00	0.00e+00	0.00e+00	0.00e+00	1.11e-04	4.13e-05	1.66e-05
 1.85671e+16	1.80e-04	8.91e-01	1.08e-01	0.00e+00	0.00e+00	0.00e+00	0.00e+00	0.00e+00	0.00e+00	1.18e-04	4.39e-05	1.77e-05
 1.97479e+16	1.91e-04	9.06e-01	9.39e-02	0.00e+00	0.00e+00	0.00e+00	0.00e+00	0.00e+00	0.00e+00	1.26e-04	4.64e-05	1.88e-05
 2.08028e+16	2.01e-04	9.19e-01	8.06e-02	0.00e+00	0.00e+00	0.00e+00	0.00e+00	0.00e+00	0.00e+00	1.33e-04	4.88e-05	1.98e-05
 2.16740e+16	2.10e-04	9.30e-01	6.94e-02	0.00e+00	0.00e+00	0.00e+00	0.00e+00	0.00e+00	0.00e+00	1.39e-04	5.08e-05	2.07e-05
 2.23807e+16	2.18e-04	9.40e-01	6.00e-02	0.00e+00	0.00e+00	0.00e+00	0.00e+00	0.00e+00	0.00e+00	1.44e-04	5.26e-05	2.14e-05
 2.29805e+16	2.25e-04	9.48e-01	5.18e-02	0.00e+00	0.00e+00	0.00e+00	0.00e+00	0.00e+00	0.00e+00	1.48e-04	5.41e-05	2.21e-05
 2.35147e+16	2.31e-04	9.55e-01	4.44e-02	0.00e+00	0.00e+00	0.00e+00	0.00e+00	0.00e+00	0.00e+00	1.52e-04	5.56e-05	2.27e-05
 2.39937e+16	2.37e-04	9.62e-01	3.76e-02	0.00e+00	0.00e+00	0.00e+00	0.00e+00	0.00e+00	0.00e+00	1.56e-04	5.69e-05	2.33e-05
 2.44121e+16	2.42e-04	9.68e-01	3.16e-02	0.00e+00	0.00e+00	0.00e+00	0.00e+00	0.00e+00	0.00e+00	1.60e-04	5.80e-05	2.38e-05
 2.47692e+16	2.46e-04	9.73e-01	2.65e-02	0.00e+00	0.00e+00	0.00e+00	0.00e+00	0.00e+00	0.00e+00	1.62e-04	5.90e-05	2.42e-05
 2.50758e+16	2.50e-04	9.78e-01	2.21e-02	0.00e+00	0.00e+00	0.00e+00	0.00e+00	0.00e+00	0.00e+00	1.65e-04	5.98e-05	2.45e-05
 2.53451e+16	2.53e-04	9.81e-01	1.83e-02	0.00e+00	0.00e+00	0.00e+00	0.00e+00	0.00e+00	0.00e+00	1.67e-04	6.06e-05	2.48e-05
 2.55846e+16	2.56e-04	9.85e-01	1.50e-02	0.00e+00	0.00e+00	0.00e+00	0.00e+00	0.00e+00	0.00e+00	1.69e-04	6.12e-05	2.51e-05
 2.57971e+16	2.58e-04	9.88e-01	1.22e-02	0.00e+00	0.00e+00	0.00e+00	0.00e+00	0.00e+00	0.00e+00	1.70e-04	6.17e-05	2.53e-05
 2.59849e+16	2.60e-04	9.90e-01	9.80e-03	0.00e+00	0.00e+00	0.00e+00	0.00e+00	0.00e+00	0.00e+00	1.72e-04	6.21e-05	2.55e-05
 2.61515e+16	2.61e-04	9.92e-01	7.83e-03	0.00e+00	0.00e+00	0.00e+00	0.00e+00	0.00e+00	0.00e+00	1.73e-04	6.24e-05	2.57e-05
 2.63008e+16	2.62e-04	9.94e-01	6.22e-03	0.00e+00	0.00e+00	0.00e+00	0.00e+00	0.00e+00	0.00e+00	1.73e-04	6.27e-05	2.58e-05
 2.64365e+16	2.63e-04	9.95e-01	4.89e-03	0.00e+00	0.00e+00	0.00e+00	0.00e+00	0.00e+00	0.00e+00	1.74e-04	6.28e-05	2.58e-05
 2.65622e+16	2.63e-04	9.96e-01	3.80e-03	0.00e+00	0.00e+00	0.00e+00	0.00e+00	0.00e+00	0.00e+00	1.74e-04	6.29e-05	2.59e-05
 2.66791e+16	2.63e-04	9.97e-01	2.92e-03	0.00e+00	0.00e+00	0.00e+00	0.00e+00	0.00e+00	0.00e+00	1.74e-04	6.29e-05	2.59e-05
 2.67887e+16	2.63e-04	9.98e-01	2.22e-03	0.00e+00	0.00e+00	0.00e+00	0.00e+00	0.00e+00	0.00e+00	1.74e-04	6.28e-05	2.59e-05
 2.68945e+16	2.63e-04	9.98e-01	1.66e-03	0.00e+00	0.00e+00	0.00e+00	0.00e+00	0.00e+00	0.00e+00	1.74e-04	6.28e-05	2.59e-05
 2.70153e+16	2.62e-04	9.99e-01	1.16e-03	0.00e+00	0.00e+00	0.00e+00	0.00e+00	0.00e+00	0.00e+00	1.73e-04	6.25e-05	2.58e-05
 2.71495e+16	2.62e-04	9.99e-01	7.65e-04	0.00e+00	0.00e+00	0.00e+00	0.00e+00	0.00e+00	0.00e+00	1.73e-04	6.25e-05	2.58e-05
 2.72768e+16	2.60e-04	9.99e-01	5.05e-04	0.00e+00	0.00e+00	0.00e+00	0.00e+00	0.00e+00	0.00e+00	1.72e-04	6.21e-05	2.56e-05
 2.74182e+16	2.60e-04	9.99e-01	3.17e-04	0.00e+00	0.00e+00	0.00e+00	0.00e+00	0.00e+00	0.00e+00	1.72e-04	6.21e-05	2.56e-05
 2.76020e+16	2.61e-04	1.00e+00	1.75e-04	0.00e+00	0.00e+00	0.00e+00	0.00e+00	0.00e+00	0.00e+00	1.72e-04	6.22e-05	2.57e-05
 2.78409e+16	2.62e-04	1.00e+00	8.25e-05	0.00e+00	0.00e+00	0.00e+00	0.00e+00	0.00e+00	0.00e+00	1.73e-04	6.24e-05	2.58e-05
 2.81516e+16	2.64e-04	1.00e+00	3.21e-05	0.00e+00	0.00e+00	0.00e+00	0.00e+00	0.00e+00	0.00e+00	1.75e-04	6.29e-05	2.60e-05
 2.85553e+16	2.68e-04	1.00e+00	9.88e-06	0.00e+00	0.00e+00	0.00e+00	0.00e+00	0.00e+00	0.00e+00	1.77e-04	6.37e-05	2.64e-05
 2.90803e+16	2.72e-04	1.00e+00	2.32e-06	0.00e+00	0.00e+00	0.00e+00	0.00e+00	0.00e+00	0.00e+00	1.80e-04	6.48e-05	2.68e-05
 2.97627e+16	2.79e-04	1.00e+00	4.06e-07	0.00e+00	0.00e+00	0.00e+00	0.00e+00	0.00e+00	0.00e+00	1.85e-04	6.62e-05	2.75e-05
 3.06498e+16	2.88e-04	1.00e+00	6.37e-08	0.00e+00	0.00e+00	0.00e+00	0.00e+00	0.00e+00	0.00e+00	1.91e-04	6.82e-05	2.83e-05
 3.18031e+16	2.99e-04	1.00e+00	2.11e-08	0.00e+00	0.00e+00	0.00e+00	0.00e+00	0.00e+00	0.00e+00	1.99e-04	7.08e-05	2.95e-05
 3.33024e+16	3.15e-04	1.00e+00	1.61e-08	0.00e+00	0.00e+00	0.00e+00	0.00e+00	0.00e+00	0.00e+00	2.09e-04	7.43e-05	3.10e-05
 3.52514e+16	3.37e-04	1.00e+00	1.42e-08	0.00e+00	0.00e+00	0.00e+00	0.00e+00	0.00e+00	0.00e+00	2.24e-04	7.92e-05	3.31e-05
 3.77852e+16	3.67e-04	1.00e+00	1.22e-08	0.00e+00	0.00e+00	0.00e+00	0.00e+00	0.00e+00	0.00e+00	2.45e-04	8.60e-05	3.61e-05
 4.10017e+16	4.11e-04	1.00e+00	1.01e-08	0.00e+00	0.00e+00	0.00e+00	0.00e+00	0.00e+00	0.00e+00	2.74e-04	9.57e-05	4.04e-05
 4.46419e+16	4.66e-04	1.00e+00	8.16e-09	0.00e+00	0.00e+00	0.00e+00	0.00e+00	0.00e+00	0.00e+00	3.12e-04	1.08e-04	4.58e-05
 4.84278e+16	5.34e-04	9.99e-01	6.63e-09	0.00e+00	0.00e+00	0.00e+00	0.00e+00	0.00e+00	0.00e+00	3.58e-04	1.23e-04	5.25e-05
 5.23650e+16	6.21e-04	9.99e-01	5.22e-09	0.00e+00	0.00e+00	0.00e+00	0.00e+00	0.00e+00	0.00e+00	4.17e-04	1.42e-04	6.10e-05
 5.64597e+16	7.35e-04	9.99e-01	3.85e-09	0.00e+00	0.00e+00	0.00e+00	0.00e+00	0.00e+00	0.00e+00	4.94e-04	1.68e-04	7.23e-05
 6.03762e+16	8.76e-04	9.99e-01	2.91e-09	0.00e+00	0.00e+00	0.00e+00	0.00e+00	0.00e+00	0.00e+00	5.89e-04	1.99e-04	8.62e-05
 6.37272e+16	1.04e-03	9.99e-01	2.24e-09	0.00e+00	0.00e+00	0.00e+00	0.00e+00	0.00e+00	0.00e+00	6.97e-04	2.35e-04	1.02e-04
 6.65657e+16	1.21e-03	9.99e-01	1.77e-09	0.00e+00	0.00e+00	0.00e+00	0.00e+00	0.00e+00	0.00e+00	8.18e-04	2.75e-04	1.20e-04
 6.90834e+16	1.42e-03	9.99e-01	1.39e-09	0.00e+00	0.00e+00	0.00e+00	0.00e+00	0.00e+00	0.00e+00	9.57e-04	3.21e-04	1.40e-04
 7.13838e+16	1.67e-03	9.98e-01	1.08e-09	0.00e+00	0.00e+00	0.00e+00	0.00e+00	0.00e+00	0.00e+00	1.12e-03	3.77e-04	1.65e-04
 7.34589e+16	1.97e-03	9.98e-01	8.27e-10	0.00e+00	0.00e+00	0.00e+00	0.00e+00	0.00e+00	0.00e+00	1.33e-03	4.43e-04	1.95e-04
 7.52826e+16	2.31e-03	9.98e-01	6.41e-10	0.00e+00	0.00e+00	0.00e+00	0.00e+00	0.00e+00	0.00e+00	1.56e-03	5.21e-04	2.30e-04
 7.68691e+16	2.72e-03	9.97e-01	4.92e-10	0.00e+00	0.00e+00	0.00e+00	0.00e+00	0.00e+00	0.00e+00	1.83e-03	6.12e-04	2.70e-04
 7.82601e+16	3.19e-03	9.97e-01	3.77e-10	0.00e+00	0.00e+00	0.00e+00	0.00e+00	0.00e+00	0.00e+00	2.15e-03	7.17e-04	3.17e-04
 7.94923e+16	3.74e-03	9.96e-01	2.85e-10	0.00e+00	0.00e+00	0.00e+00	0.00e+00	0.00e+00	0.00e+00	2.52e-03	8.41e-04	3.73e-04
 8.05860e+16	4.39e-03	9.96e-01	2.15e-10	0.00e+00	0.00e+00	0.00e+00	0.00e+00	0.00e+00	0.00e+00	2.96e-03	9.88e-04	4.38e-04
 8.15521e+16	5.16e-03	9.95e-01	1.59e-10	0.00e+00	0.00e+00	0.00e+00	0.00e+00	0.00e+00	0.00e+00	3.48e-03	1.16e-03	5.16e-04
 8.24016e+16	6.06e-03	9.94e-01	1.19e-10	0.00e+00	0.00e+00	0.00e+00	0.00e+00	0.00e+00	0.00e+00	4.09e-03	1.36e-03	6.06e-04
 8.31485e+16	7.11e-03	9.93e-01	8.73e-11	0.00e+00	0.00e+00	0.00e+00	0.00e+00	0.00e+00	0.00e+00	4.79e-03	1.60e-03	7.12e-04
 8.38081e+16	8.34e-03	9.92e-01	6.37e-11	0.00e+00	0.00e+00	0.00e+00	0.00e+00	0.00e+00	0.00e+00	5.62e-03	1.87e-03	8.36e-04
 8.43912e+16	9.78e-03	9.90e-01	4.63e-11	0.00e+00	0.00e+00	0.00e+00	0.00e+00	0.00e+00	0.00e+00	6.60e-03	2.19e-03	9.81e-04
 8.49066e+16	1.15e-02	9.89e-01	3.35e-11	0.00e+00	0.00e+00	0.00e+00	0.00e+00	0.00e+00	0.00e+00	7.74e-03	2.57e-03	1.15e-03
 8.53620e+16	1.34e-02	9.87e-01	2.43e-11	0.00e+00	0.00e+00	0.00e+00	0.00e+00	0.00e+00	0.00e+00	9.07e-03	3.01e-03	1.35e-03
 8.57645e+16	1.58e-02	9.84e-01	1.77e-11	0.00e+00	0.00e+00	0.00e+00	0.00e+00	0.00e+00	0.00e+00	1.06e-02	3.53e-03	1.59e-03
 8.61205e+16	1.85e-02	9.82e-01	1.30e-11	0.00e+00	0.00e+00	0.00e+00	0.00e+00	0.00e+00	0.00e+00	1.25e-02	4.13e-03	1.86e-03
 8.64358e+16	2.16e-02	9.78e-01	9.80e-12	0.00e+00	0.00e+00	0.00e+00	0.00e+00	0.00e+00	0.00e+00	1.46e-02	4.83e-03	2.18e-03
 8.67153e+16	2.53e-02	9.75e-01	7.65e-12	0.00e+00	0.00e+00	0.00e+00	0.00e+00	0.00e+00	0.00e+00	1.71e-02	5.64e-03	2.55e-03
 8.69640e+16	2.96e-02	9.70e-01	6.12e-12	0.00e+00	0.00e+00	0.00e+00	0.00e+00	0.00e+00	0.00e+00	2.00e-02	6.60e-03	2.98e-03
 8.71861e+16	3.46e-02	9.65e-01	5.03e-12	0.00e+00	0.00e+00	0.00e+00	0.00e+00	0.00e+00	0.00e+00	2.34e-02	7.72e-03	3.50e-03
 8.73832e+16	4.06e-02	9.59e-01	4.28e-12	0.00e+00	0.00e+00	0.00e+00	0.00e+00	0.00e+00	0.00e+00	2.74e-02	9.02e-03	4.09e-03
 8.75573e+16	4.74e-02	9.53e-01	3.75e-12	0.00e+00	0.00e+00	0.00e+00	0.00e+00	0.00e+00	0.00e+00	3.21e-02	1.05e-02	4.79e-03
 8.77118e+16	5.54e-02	9.45e-01	3.38e-12	0.00e+00	0.00e+00	0.00e+00	0.00e+00	0.00e+00	0.00e+00	3.75e-02	1.23e-02	5.59e-03
 8.78497e+16	6.46e-02	9.35e-01	3.11e-12	0.00e+00	0.00e+00	0.00e+00	0.00e+00	0.00e+00	0.00e+00	4.37e-02	1.43e-02	6.53e-03
 8.79734e+16	7.54e-02	9.25e-01	2.90e-12	0.00e+00	0.00e+00	0.00e+00	0.00e+00	0.00e+00	0.00e+00	5.11e-02	1.66e-02	7.62e-03
 8.80842e+16	8.79e-02	9.12e-01	2.74e-12	0.00e+00	0.00e+00	0.00e+00	0.00e+00	0.00e+00	0.00e+00	5.96e-02	1.93e-02	8.89e-03
 8.81835e+16	1.02e-01	8.98e-01	2.61e-12	0.00e+00	0.00e+00	0.00e+00	0.00e+00	0.00e+00	0.00e+00	6.95e-02	2.25e-02	1.03e-02
 8.82727e+16	1.19e-01	8.81e-01	2.50e-12	0.00e+00	0.00e+00	0.00e+00	0.00e+00	0.00e+00	0.00e+00	8.10e-02	2.60e-02	1.20e-02
 8.83532e+16	1.38e-01	8.62e-01	2.41e-12	0.00e+00	0.00e+00	0.00e+00	0.00e+00	0.00e+00	0.00e+00	9.42e-02	3.01e-02	1.40e-02
 8.84264e+16	1.61e-01	8.39e-01	2.34e-12	0.00e+00	0.00e+00	0.00e+00	0.00e+00	0.00e+00	0.00e+00	1.10e-01	3.47e-02	1.62e-02
 8.84931e+16	1.86e-01	8.14e-01	2.28e-12	0.00e+00	0.00e+00	0.00e+00	0.00e+00	0.00e+00	0.00e+00	1.27e-01	4.00e-02	1.87e-02
 8.85542e+16	2.15e-01	7.85e-01	2.23e-12	0.00e+00	0.00e+00	0.00e+00	0.00e+00	0.00e+00	0.00e+00	1.47e-01	4.59e-02	2.16e-02
 8.86107e+16	2.48e-01	7.52e-01	2.19e-12	0.00e+00	0.00e+00	0.00e+00	0.00e+00	0.00e+00	0.00e+00	1.71e-01	5.25e-02	2.49e-02
 8.86633e+16	2.85e-01	7.15e-01	2.16e-12	0.00e+00	0.00e+00	0.00e+00	0.00e+00	0.00e+00	0.00e+00	1.97e-01	5.97e-02	2.86e-02
 8.87117e+16	3.26e-01	6.74e-01	2.13e-12	0.00e+00	0.00e+00	0.00e+00	0.00e+00	0.00e+00	0.00e+00	2.26e-01	6.75e-02	3.26e-02
 8.87525e+16	3.66e-01	6.34e-01	2.11e-12	0.00e+00	0.00e+00	0.00e+00	0.00e+00	0.00e+00	0.00e+00	2.55e-01	7.47e-02	3.64e-02
 8.87834e+16	4.00e-01	6.00e-01	2.08e-12	0.00e+00	0.00e+00	0.00e+00	0.00e+00	0.00e+00	0.00e+00	2.80e-01	8.07e-02	3.96e-02
 8.88076e+16	4.28e-01	5.72e-01	2.07e-12	0.00e+00	0.00e+00	0.00e+00	0.00e+00	0.00e+00	0.00e+00	3.00e-01	8.55e-02	4.23e-02
 8.88287e+16	4.55e-01	5.45e-01	2.05e-12	0.00e+00	0.00e+00	0.00e+00	0.00e+00	0.00e+00	0.00e+00	3.20e-01	8.98e-02	4.47e-02
 8.88483e+16	4.80e-01	5.20e-01	2.03e-12	0.00e+00	0.00e+00	0.00e+00	0.00e+00	0.00e+00	0.00e+00	3.39e-01	9.39e-02	4.71e-02
 8.88666e+16	5.05e-01	4.95e-01	2.01e-12	0.00e+00	0.00e+00	0.00e+00	0.00e+00	0.00e+00	0.00e+00	3.58e-01	9.76e-02	4.93e-02
 8.88836e+16	5.28e-01	4.72e-01	1.99e-12	0.00e+00	0.00e+00	0.00e+00	0.00e+00	0.00e+00	0.00e+00	3.76e-01	1.01e-01	5.13e-02
 8.88991e+16	5.50e-01	4.50e-01	1.97e-12	0.00e+00	0.00e+00	0.00e+00	0.00e+00	0.00e+00	0.00e+00	3.93e-01	1.04e-01	5.32e-02
 8.89132e+16	5.70e-01	4.30e-01	1.95e-12	0.00e+00	0.00e+00	0.00e+00	0.00e+00	0.00e+00	0.00e+00	4.09e-01	1.07e-01	5.49e-02
 8.89264e+16	5.89e-01	4.11e-01	1.93e-12	0.00e+00	0.00e+00	0.00e+00	0.00e+00	0.00e+00	0.00e+00	4.23e-01	1.09e-01	5.65e-02
 8.89371e+16	6.04e-01	3.96e-01	1.91e-12	0.00e+00	0.00e+00	0.00e+00	0.00e+00	0.00e+00	0.00e+00	4.35e-01	1.11e-01	5.77e-02
 8.89451e+16	6.15e-01	3.85e-01	1.89e-12	0.00e+00	0.00e+00	0.00e+00	0.00e+00	0.00e+00	0.00e+00	4.44e-01	1.12e-01	5.86e-02
 8.89526e+16	6.26e-01	3.74e-01	1.88e-12	0.00e+00	0.00e+00	0.00e+00	0.00e+00	0.00e+00	0.00e+00	4.53e-01	1.13e-01	5.95e-02
 8.89609e+16	6.38e-01	3.62e-01	1.85e-12	0.00e+00	0.00e+00	0.00e+00	0.00e+00	0.00e+00	0.00e+00	4.63e-01	1.15e-01	6.05e-02
 8.89694e+16	6.51e-01	3.49e-01	1.83e-12	0.00e+00	0.00e+00	0.00e+00	0.00e+00	0.00e+00	0.00e+00	4.73e-01	1.16e-01	6.14e-02
 8.89778e+16	6.62e-01	3.38e-01	1.81e-12	0.00e+00	0.00e+00	0.00e+00	0.00e+00	0.00e+00	0.00e+00	4.83e-01	1.17e-01	6.23e-02
 8.89859e+16	6.74e-01	3.26e-01	1.79e-12	0.00e+00	0.00e+00	0.00e+00	0.00e+00	0.00e+00	0.00e+00	4.92e-01	1.18e-01	6.32e-02
 8.89940e+16	6.85e-01	3.15e-01	1.77e-12	0.00e+00	0.00e+00	0.00e+00	0.00e+00	0.00e+00	0.00e+00	5.02e-01	1.19e-01	6.40e-02
 8.90020e+16	6.96e-01	3.04e-01	1.75e-12	0.00e+00	0.00e+00	0.00e+00	0.00e+00	0.00e+00	0.00e+00	5.11e-01	1.20e-01	6.48e-02
 8.90100e+16	7.07e-01	2.93e-01	1.72e-12	0.00e+00	0.00e+00	0.00e+00	0.00e+00	0.00e+00	0.00e+00	5.21e-01	1.21e-01	6.56e-02
 8.90179e+16	7.18e-01	2.82e-01	1.70e-12	0.00e+00	0.00e+00	0.00e+00	0.00e+00	0.00e+00	0.00e+00	5.29e-01	1.22e-01	6.63e-02
 8.90257e+16	7.28e-01	2.72e-01	1.67e-12	0.00e+00	0.00e+00	0.00e+00	0.00e+00	0.00e+00	0.00e+00	5.38e-01	1.22e-01	6.70e-02
 8.90335e+16	7.38e-01	2.62e-01	1.65e-12	0.00e+00	0.00e+00	0.00e+00	0.00e+00	0.00e+00	0.00e+00	5.47e-01	1.23e-01	6.76e-02
 8.90413e+16	7.48e-01	2.52e-01	1.62e-12	0.00e+00	0.00e+00	0.00e+00	0.00e+00	0.00e+00	0.00e+00	5.56e-01	1.24e-01	6.82e-02
 8.90491e+16	7.58e-01	2.42e-01	1.59e-12	0.00e+00	0.00e+00	0.00e+00	0.00e+00	0.00e+00	0.00e+00	5.64e-01	1.24e-01	6.88e-02
 8.90567e+16	7.67e-01	2.33e-01	1.57e-12	0.00e+00	0.00e+00	0.00e+00	0.00e+00	0.00e+00	0.00e+00	5.73e-01	1.25e-01	6.94e-02
 8.90643e+16	7.76e-01	2.24e-01	1.54e-12	0.00e+00	0.00e+00	0.00e+00	0.00e+00	0.00e+00	0.00e+00	5.81e-01	1.25e-01	6.99e-02
 8.90719e+16	7.85e-01	2.15e-01	1.51e-12	0.00e+00	0.00e+00	0.00e+00	0.00e+00	0.00e+00	0.00e+00	5.89e-01	1.26e-01	7.04e-02
 8.90795e+16	7.94e-01	2.06e-01	1.48e-12	0.00e+00	0.00e+00	0.00e+00	0.00e+00	0.00e+00	0.00e+00	5.97e-01	1.26e-01	7.09e-02
 8.90870e+16	8.02e-01	1.98e-01	1.45e-12	0.00e+00	0.00e+00	0.00e+00	0.00e+00	0.00e+00	0.00e+00	6.04e-01	1.26e-01	7.13e-02
 8.90944e+16	8.10e-01	1.90e-01	1.42e-12	0.00e+00	0.00e+00	0.00e+00	0.00e+00	0.00e+00	0.00e+00	6.12e-01	1.26e-01	7.17e-02
 8.91018e+16	8.18e-01	1.82e-01	1.39e-12	0.00e+00	0.00e+00	0.00e+00	0.00e+00	0.00e+00	0.00e+00	6.19e-01	1.26e-01	7.21e-02
 8.91090e+16	8.25e-01	1.75e-01	1.36e-12	0.00e+00	0.00e+00	0.00e+00	0.00e+00	0.00e+00	0.00e+00	6.26e-01	1.27e-01	7.24e-02
 8.91162e+16	8.32e-01	1.68e-01	1.33e-12	0.00e+00	0.00e+00	0.00e+00	0.00e+00	0.00e+00	0.00e+00	6.32e-01	1.27e-01	7.27e-02
 8.91233e+16	8.39e-01	1.61e-01	1.30e-12	0.00e+00	0.00e+00	0.00e+00	0.00e+00	0.00e+00	0.00e+00	6.39e-01	1.27e-01	7.30e-02
 8.91303e+16	8.45e-01	1.55e-01	1.27e-12	0.00e+00	0.00e+00	0.00e+00	0.00e+00	0.00e+00	0.00e+00	6.45e-01	1.27e-01	7.33e-02
 8.91373e+16	8.52e-01	1.48e-01	1.24e-12	0.00e+00	0.00e+00	0.00e+00	0.00e+00	0.00e+00	0.00e+00	6.51e-01	1.27e-01	7.35e-02
 8.91442e+16	8.58e-01	1.42e-01	1.22e-12	0.00e+00	0.00e+00	0.00e+00	0.00e+00	0.00e+00	0.00e+00	6.57e-01	1.27e-01	7.37e-02
 8.91509e+16	8.63e-01	1.37e-01	1.19e-12	0.00e+00	0.00e+00	0.00e+00	0.00e+00	0.00e+00	0.00e+00	6.63e-01	1.27e-01	7.39e-02
 8.91576e+16	8.69e-01	1.31e-01	1.16e-12	0.00e+00	0.00e+00	0.00e+00	0.00e+00	0.00e+00	0.00e+00	6.68e-01	1.27e-01	7.41e-02
 8.91643e+16	8.74e-01	1.26e-01	1.13e-12	0.00e+00	0.00e+00	0.00e+00	0.00e+00	0.00e+00	0.00e+00	6.73e-01	1.26e-01	7.43e-02
 8.91709e+16	8.79e-01	1.21e-01	1.11e-12	0.00e+00	0.00e+00	0.00e+00	0.00e+00	0.00e+00	0.00e+00	6.78e-01	1.26e-01	7.44e-02
 8.91774e+16	8.84e-01	1.16e-01	1.08e-12	0.00e+00	0.00e+00	0.00e+00	0.00e+00	0.00e+00	0.00e+00	6.83e-01	1.26e-01	7.45e-02
 8.91839e+16	8.89e-01	1.11e-01	1.05e-12	0.00e+00	0.00e+00	0.00e+00	0.00e+00	0.00e+00	0.00e+00	6.88e-01	1.26e-01	7.46e-02
 8.91903e+16	8.93e-01	1.07e-01	1.03e-12	0.00e+00	0.00e+00	0.00e+00	0.00e+00	0.00e+00	0.00e+00	6.92e-01	1.26e-01	7.47e-02
 8.91967e+16	8.97e-01	1.03e-01	1.00e-12	0.00e+00	0.00e+00	0.00e+00	0.00e+00	0.00e+00	0.00e+00	6.97e-01	1.26e-01	7.48e-02
 8.92031e+16	9.01e-01	9.87e-02	9.78e-13	0.00e+00	0.00e+00	0.00e+00	0.00e+00	0.00e+00	0.00e+00	7.01e-01	1.26e-01	7.49e-02
 8.92094e+16	9.05e-01	9.47e-02	9.53e-13	0.00e+00	0.00e+00	0.00e+00	0.00e+00	0.00e+00	0.00e+00	7.05e-01	1.25e-01	7.50e-02
 8.92156e+16	9.09e-01	9.10e-02	9.30e-13	0.00e+00	0.00e+00	0.00e+00	0.00e+00	0.00e+00	0.00e+00	7.09e-01	1.25e-01	7.50e-02
 8.92219e+16	9.13e-01	8.74e-02	9.06e-13	0.00e+00	0.00e+00	0.00e+00	0.00e+00	0.00e+00	0.00e+00	7.12e-01	1.25e-01	7.51e-02
 8.92280e+16	9.16e-01	8.39e-02	8.83e-13	0.00e+00	0.00e+00	0.00e+00	0.00e+00	0.00e+00	0.00e+00	7.16e-01	1.25e-01	7.51e-02
 8.92342e+16	9.19e-01	8.07e-02	8.60e-13	0.00e+00	0.00e+00	0.00e+00	0.00e+00	0.00e+00	0.00e+00	7.20e-01	1.25e-01	7.51e-02
 8.92403e+16	9.23e-01	7.74e-02	8.38e-13	0.00e+00	0.00e+00	0.00e+00	0.00e+00	0.00e+00	0.00e+00	7.23e-01	1.24e-01	7.52e-02
 8.92464e+16	9.26e-01	7.44e-02	8.16e-13	0.00e+00	0.00e+00	0.00e+00	0.00e+00	0.00e+00	0.00e+00	7.26e-01	1.24e-01	7.52e-02
 8.92525e+16	9.29e-01	7.15e-02	7.95e-13	0.00e+00	0.00e+00	0.00e+00	0.00e+00	0.00e+00	0.00e+00	7.29e-01	1.24e-01	7.52e-02
 8.92585e+16	9.31e-01	6.87e-02	7.74e-13	0.00e+00	0.00e+00	0.00e+00	0.00e+00	0.00e+00	0.00e+00	7.32e-01	1.24e-01	7.52e-02
 8.92646e+16	9.34e-01	6.60e-02	7.53e-13	0.00e+00	0.00e+00	0.00e+00	0.00e+00	0.00e+00	0.00e+00	7.35e-01	1.24e-01	7.52e-02
 8.92706e+16	9.37e-01	6.34e-02	7.33e-13	0.00e+00	0.00e+00	0.00e+00	0.00e+00	0.00e+00	0.00e+00	7.38e-01	1.23e-01	7.52e-02
 8.92766e+16	9.39e-01	6.09e-02	7.13e-13	0.00e+00	0.00e+00	0.00e+00	0.00e+00	0.00e+00	0.00e+00	7.41e-01	1.23e-01	7.52e-02
 8.92825e+16	9.41e-01	5.85e-02	6.94e-13	0.00e+00	0.00e+00	0.00e+00	0.00e+00	0.00e+00	0.00e+00	7.43e-01	1.23e-01	7.52e-02
 8.92885e+16	9.44e-01	5.62e-02	6.75e-13	0.00e+00	0.00e+00	0.00e+00	0.00e+00	0.00e+00	0.00e+00	7.46e-01	1.23e-01	7.52e-02
 8.92944e+16	9.46e-01	5.40e-02	6.57e-13	0.00e+00	0.00e+00	0.00e+00	0.00e+00	0.00e+00	0.00e+00	7.48e-01	1.23e-01	7.52e-02
 8.93003e+16	9.48e-01	5.19e-02	6.39e-13	0.00e+00	0.00e+00	0.00e+00	0.00e+00	0.00e+00	0.00e+00	7.50e-01	1.22e-01	7.52e-02
 8.93063e+16	9.50e-01	4.99e-02	6.21e-13	0.00e+00	0.00e+00	0.00e+00	0.00e+00	0.00e+00	0.00e+00	7.53e-01	1.22e-01	7.52e-02
 8.93122e+16	9.52e-01	4.79e-02	6.04e-13	0.00e+00	0.00e+00	0.00e+00	0.00e+00	0.00e+00	0.00e+00	7.55e-01	1.22e-01	7.52e-02
 8.93180e+16	9.54e-01	4.61e-02	5.88e-13	0.00e+00	0.00e+00	0.00e+00	0.00e+00	0.00e+00	0.00e+00	7.57e-01	1.22e-01	7.51e-02
 8.93239e+16	9.56e-01	4.42e-02	5.71e-13	0.00e+00	0.00e+00	0.00e+00	0.00e+00	0.00e+00	0.00e+00	7.59e-01	1.22e-01	7.51e-02
 8.93298e+16	9.57e-01	4.25e-02	5.55e-13	0.00e+00	0.00e+00	0.00e+00	0.00e+00	0.00e+00	0.00e+00	7.61e-01	1.22e-01	7.51e-02
 8.93357e+16	9.59e-01	4.09e-02	5.40e-13	0.00e+00	0.00e+00	0.00e+00	0.00e+00	0.00e+00	0.00e+00	7.63e-01	1.21e-01	7.51e-02
 8.93415e+16	9.61e-01	3.93e-02	5.25e-13	0.00e+00	0.00e+00	0.00e+00	0.00e+00	0.00e+00	0.00e+00	7.64e-01	1.21e-01	7.51e-02
 8.93473e+16	9.62e-01	3.77e-02	5.10e-13	0.00e+00	0.00e+00	0.00e+00	0.00e+00	0.00e+00	0.00e+00	7.66e-01	1.21e-01	7.50e-02
 8.93532e+16	9.64e-01	3.63e-02	4.96e-13	0.00e+00	0.00e+00	0.00e+00	0.00e+00	0.00e+00	0.00e+00	7.68e-01	1.21e-01	7.50e-02
 8.93590e+16	9.65e-01	3.49e-02	4.81e-13	0.00e+00	0.00e+00	0.00e+00	0.00e+00	0.00e+00	0.00e+00	7.69e-01	1.21e-01	7.50e-02
 8.93649e+16	9.66e-01	3.35e-02	4.68e-13	0.00e+00	0.00e+00	0.00e+00	0.00e+00	0.00e+00	0.00e+00	7.71e-01	1.21e-01	7.50e-02
 8.93707e+16	9.68e-01	3.22e-02	4.54e-13	0.00e+00	0.00e+00	0.00e+00	0.00e+00	0.00e+00	0.00e+00	7.72e-01	1.21e-01	7.49e-02
 8.93766e+16	9.69e-01	3.10e-02	4.42e-13	0.00e+00	0.00e+00	0.00e+00	0.00e+00	0.00e+00	0.00e+00	7.74e-01	1.20e-01	7.49e-02
 8.93824e+16	9.70e-01	2.98e-02	4.29e-13	0.00e+00	0.00e+00	0.00e+00	0.00e+00	0.00e+00	0.00e+00	7.75e-01	1.20e-01	7.49e-02
 8.93882e+16	9.71e-01	2.86e-02	4.17e-13	0.00e+00	0.00e+00	0.00e+00	0.00e+00	0.00e+00	0.00e+00	7.76e-01	1.20e-01	7.49e-02
 8.93941e+16	9.73e-01	2.75e-02	4.05e-13	0.00e+00	0.00e+00	0.00e+00	0.00e+00	0.00e+00	0.00e+00	7.78e-01	1.20e-01	7.48e-02
 8.94000e+16	9.74e-01	2.64e-02	3.93e-13	0.00e+00	0.00e+00	0.00e+00	0.00e+00	0.00e+00	0.00e+00	7.79e-01	1.20e-01	7.48e-02
 8.94058e+16	9.75e-01	2.54e-02	3.82e-13	0.00e+00	0.00e+00	0.00e+00	0.00e+00	0.00e+00	0.00e+00	7.80e-01	1.20e-01	7.48e-02
 8.94117e+16	9.76e-01	2.44e-02	3.71e-13	0.00e+00	0.00e+00	0.00e+00	0.00e+00	0.00e+00	0.00e+00	7.81e-01	1.20e-01	7.48e-02
 8.94175e+16	9.77e-01	2.35e-02	3.60e-13	0.00e+00	0.00e+00	0.00e+00	0.00e+00	0.00e+00	0.00e+00	7.82e-01	1.20e-01	7.47e-02
 8.94234e+16	9.77e-01	2.26e-02	3.50e-13	0.00e+00	0.00e+00	0.00e+00	0.00e+00	0.00e+00	0.00e+00	7.83e-01	1.19e-01	7.47e-02
 8.94294e+16	9.78e-01	2.17e-02	3.39e-13	0.00e+00	0.00e+00	0.00e+00	0.00e+00	0.00e+00	0.00e+00	7.84e-01	1.19e-01	7.47e-02
 8.94353e+16	9.79e-01	2.09e-02	3.29e-13	0.00e+00	0.00e+00	0.00e+00	0.00e+00	0.00e+00	0.00e+00	7.85e-01	1.19e-01	7.47e-02
 8.94412e+16	9.80e-01	2.01e-02	3.20e-13	0.00e+00	0.00e+00	0.00e+00	0.00e+00	0.00e+00	0.00e+00	7.86e-01	1.19e-01	7.47e-02
 8.94472e+16	9.81e-01	1.93e-02	3.11e-13	0.00e+00	0.00e+00	0.00e+00	0.00e+00	0.00e+00	0.00e+00	7.87e-01	1.19e-01	7.46e-02
 8.94532e+16	9.81e-01	1.85e-02	3.01e-13	0.00e+00	0.00e+00	0.00e+00	0.00e+00	0.00e+00	0.00e+00	7.88e-01	1.19e-01	7.46e-02
 8.94592e+16	9.82e-01	1.78e-02	2.93e-13	0.00e+00	0.00e+00	0.00e+00	0.00e+00	0.00e+00	0.00e+00	7.89e-01	1.19e-01	7.46e-02
 8.94652e+16	9.83e-01	1.71e-02	2.84e-13	0.00e+00	0.00e+00	0.00e+00	0.00e+00	0.00e+00	0.00e+00	7.90e-01	1.19e-01	7.46e-02
 8.94712e+16	9.84e-01	1.65e-02	2.76e-13	0.00e+00	0.00e+00	0.00e+00	0.00e+00	0.00e+00	0.00e+00	7.90e-01	1.19e-01	7.45e-02
 8.94773e+16	9.84e-01	1.58e-02	2.68e-13	0.00e+00	0.00e+00	0.00e+00	0.00e+00	0.00e+00	0.00e+00	7.91e-01	1.19e-01	7.45e-02
 8.94835e+16	9.85e-01	1.52e-02	2.60e-13	0.00e+00	0.00e+00	0.00e+00	0.00e+00	0.00e+00	0.00e+00	7.92e-01	1.18e-01	7.45e-02
 8.94896e+16	9.85e-01	1.46e-02	2.52e-13	0.00e+00	0.00e+00	0.00e+00	0.00e+00	0.00e+00	0.00e+00	7.92e-01	1.18e-01	7.45e-02
 8.94958e+16	9.86e-01	1.41e-02	2.45e-13	0.00e+00	0.00e+00	0.00e+00	0.00e+00	0.00e+00	0.00e+00	7.93e-01	1.18e-01	7.45e-02
 8.95021e+16	9.86e-01	1.35e-02	2.38e-13	0.00e+00	0.00e+00	0.00e+00	0.00e+00	0.00e+00	0.00e+00	7.94e-01	1.18e-01	7.44e-02
 8.95084e+16	9.87e-01	1.30e-02	2.31e-13	0.00e+00	0.00e+00	0.00e+00	0.00e+00	0.00e+00	0.00e+00	7.94e-01	1.18e-01	7.44e-02
 8.95148e+16	9.87e-01	1.25e-02	2.24e-13	0.00e+00	0.00e+00	0.00e+00	0.00e+00	0.00e+00	0.00e+00	7.95e-01	1.18e-01	7.44e-02
 8.95212e+16	9.88e-01	1.20e-02	2.17e-13	0.00e+00	0.00e+00	0.00e+00	0.00e+00	0.00e+00	0.00e+00	7.96e-01	1.18e-01	7.44e-02
 8.95277e+16	9.88e-01	1.16e-02	2.11e-13	0.00e+00	0.00e+00	0.00e+00	0.00e+00	0.00e+00	0.00e+00	7.96e-01	1.18e-01	7.43e-02
 8.95343e+16	9.89e-01	1.11e-02	2.05e-13	0.00e+00	0.00e+00	0.00e+00	0.00e+00	0.00e+00	0.00e+00	7.97e-01	1.18e-01	7.43e-02
 8.95410e+16	9.89e-01	1.07e-02	1.99e-13	0.00e+00	0.00e+00	0.00e+00	0.00e+00	0.00e+00	0.00e+00	7.97e-01	1.18e-01	7.43e-02
 8.95477e+16	9.90e-01	1.03e-02	1.93e-13	0.00e+00	0.00e+00	0.00e+00	0.00e+00	0.00e+00	0.00e+00	7.98e-01	1.18e-01	7.43e-02
 8.95546e+16	9.90e-01	9.92e-03	1.87e-13	0.00e+00	0.00e+00	0.00e+00	0.00e+00	0.00e+00	0.00e+00	7.98e-01	1.18e-01	7.43e-02
 8.95615e+16	9.90e-01	9.54e-03	1.82e-13	0.00e+00	0.00e+00	0.00e+00	0.00e+00	0.00e+00	0.00e+00	7.99e-01	1.18e-01	7.43e-02
 8.95686e+16	9.91e-01	9.18e-03	1.76e-13	0.00e+00	0.00e+00	0.00e+00	0.00e+00	0.00e+00	0.00e+00	7.99e-01	1.18e-01	7.42e-02
 8.95759e+16	9.91e-01	8.83e-03	1.71e-13	0.00e+00	0.00e+00	0.00e+00	0.00e+00	0.00e+00	0.00e+00	7.99e-01	1.18e-01	7.42e-02
 8.95833e+16	9.92e-01	8.50e-03	1.66e-13	0.00e+00	0.00e+00	0.00e+00	0.00e+00	0.00e+00	0.00e+00	8.00e-01	1.17e-01	7.42e-02
 8.95909e+16	9.92e-01	8.18e-03	1.61e-13	0.00e+00	0.00e+00	0.00e+00	0.00e+00	0.00e+00	0.00e+00	8.00e-01	1.17e-01	7.42e-02
 8.95986e+16	9.92e-01	7.87e-03	1.57e-13	0.00e+00	0.00e+00	0.00e+00	0.00e+00	0.00e+00	0.00e+00	8.01e-01	1.17e-01	7.42e-02
 8.96066e+16	9.92e-01	7.57e-03	1.52e-13	0.00e+00	0.00e+00	0.00e+00	0.00e+00	0.00e+00	0.00e+00	8.01e-01	1.17e-01	7.42e-02
 8.96149e+16	9.93e-01	7.29e-03	1.48e-13	0.00e+00	0.00e+00	0.00e+00	0.00e+00	0.00e+00	0.00e+00	8.01e-01	1.17e-01	7.41e-02
 8.96235e+16	9.93e-01	7.02e-03	1.43e-13	0.00e+00	0.00e+00	0.00e+00	0.00e+00	0.00e+00	0.00e+00	8.02e-01	1.17e-01	7.41e-02
 8.96323e+16	9.93e-01	6.76e-03	1.39e-13	0.00e+00	0.00e+00	0.00e+00	0.00e+00	0.00e+00	0.00e+00	8.02e-01	1.17e-01	7.41e-02
 8.96416e+16	9.93e-01	6.51e-03	1.35e-13	0.00e+00	0.00e+00	0.00e+00	0.00e+00	0.00e+00	0.00e+00	8.02e-01	1.17e-01	7.41e-02
 8.96513e+16	9.94e-01	6.27e-03	1.31e-13	0.00e+00	0.00e+00	0.00e+00	0.00e+00	0.00e+00	0.00e+00	8.03e-01	1.17e-01	7.41e-02
 8.96616e+16	9.94e-01	6.04e-03	1.28e-13	0.00e+00	0.00e+00	0.00e+00	0.00e+00	0.00e+00	0.00e+00	8.03e-01	1.17e-01	7.41e-02
 8.96725e+16	9.94e-01	5.82e-03	1.24e-13	0.00e+00	0.00e+00	0.00e+00	0.00e+00	0.00e+00	0.00e+00	8.03e-01	1.17e-01	7.40e-02
 8.96841e+16	9.94e-01	5.61e-03	1.21e-13	0.00e+00	0.00e+00	0.00e+00	0.00e+00	0.00e+00	0.00e+00	8.03e-01	1.17e-01	7.40e-02
 8.96966e+16	9.95e-01	5.42e-03	1.17e-13	0.00e+00	0.00e+00	0.00e+00	0.00e+00	0.00e+00	0.00e+00	8.04e-01	1.17e-01	7.40e-02
 8.97102e+16	9.95e-01	5.22e-03	1.14e-13	0.00e+00	0.00e+00	0.00e+00	0.00e+00	0.00e+00	0.00e+00	8.04e-01	1.17e-01	7.40e-02
 8.97252e+16	9.95e-01	5.04e-03	1.11e-13	0.00e+00	0.00e+00	0.00e+00	0.00e+00	0.00e+00	0.00e+00	8.04e-01	1.17e-01	7.40e-02
 8.97420e+16	9.95e-01	4.87e-03	1.08e-13	0.00e+00	0.00e+00	0.00e+00	0.00e+00	0.00e+00	0.00e+00	8.04e-01	1.17e-01	7.40e-02
 8.97607e+16	9.95e-01	4.71e-03	1.06e-13	0.00e+00	0.00e+00	0.00e+00	0.00e+00	0.00e+00	0.00e+00	8.05e-01	1.17e-01	7.39e-02
 8.97815e+16	9.95e-01	4.57e-03	1.03e-13	0.00e+00	0.00e+00	0.00e+00	0.00e+00	0.00e+00	0.00e+00	8.05e-01	1.17e-01	7.39e-02
 8.98042e+16	9.96e-01	4.45e-03	1.01e-13	0.00e+00	0.00e+00	0.00e+00	0.00e+00	0.00e+00	0.00e+00	8.05e-01	1.17e-01	7.39e-02
 8.98275e+16	9.96e-01	4.35e-03	9.98e-14	0.00e+00	0.00e+00	0.00e+00	0.00e+00	0.00e+00	0.00e+00	8.05e-01	1.17e-01	7.39e-02
 8.98508e+16	9.96e-01	4.27e-03	9.83e-14	0.00e+00	0.00e+00	0.00e+00	0.00e+00	0.00e+00	0.00e+00	8.05e-01	1.17e-01	7.39e-02
 8.98742e+16	9.96e-01	4.20e-03	9.73e-14	0.00e+00	0.00e+00	0.00e+00	0.00e+00	0.00e+00	0.00e+00	8.05e-01	1.17e-01	7.38e-02
 8.98975e+16	9.96e-01	4.15e-03	9.64e-14	0.00e+00	0.00e+00	0.00e+00	0.00e+00	0.00e+00	0.00e+00	8.05e-01	1.17e-01	7.38e-02
 8.99208e+16	9.96e-01	4.10e-03	9.56e-14	0.00e+00	0.00e+00	0.00e+00	0.00e+00	0.00e+00	0.00e+00	8.06e-01	1.17e-01	7.38e-02
 8.99441e+16	9.96e-01	4.07e-03	9.50e-14	0.00e+00	0.00e+00	0.00e+00	0.00e+00	0.00e+00	0.00e+00	8.06e-01	1.17e-01	7.38e-02
 8.99674e+16	9.96e-01	4.03e-03	9.43e-14	0.00e+00	0.00e+00	0.00e+00	0.00e+00	0.00e+00	0.00e+00	8.06e-01	1.17e-01	7.38e-02
 8.99908e+16	9.96e-01	4.01e-03	9.39e-14	0.00e+00	0.00e+00	0.00e+00	0.00e+00	0.00e+00	0.00e+00	8.06e-01	1.16e-01	7.38e-02
 9.00141e+16	9.96e-01	3.98e-03	9.34e-14	0.00e+00	0.00e+00	0.00e+00	0.00e+00	0.00e+00	0.00e+00	8.06e-01	1.16e-01	7.38e-02
 9.00374e+16	9.96e-01	3.95e-03	9.29e-14	0.00e+00	0.00e+00	0.00e+00	0.00e+00	0.00e+00	0.00e+00	8.06e-01	1.16e-01	7.38e-02
 9.00607e+16	9.96e-01	3.93e-03	9.25e-14	0.00e+00	0.00e+00	0.00e+00	0.00e+00	0.00e+00	0.00e+00	8.06e-01	1.16e-01	7.38e-02
 9.00840e+16	9.96e-01	3.91e-03	9.21e-14	0.00e+00	0.00e+00	0.00e+00	0.00e+00	0.00e+00	0.00e+00	8.06e-01	1.16e-01	7.38e-02
 9.01074e+16	9.96e-01	3.89e-03	9.18e-14	0.00e+00	0.00e+00	0.00e+00	0.00e+00	0.00e+00	0.00e+00	8.06e-01	1.16e-01	7.38e-02
 9.01307e+16	9.96e-01	3.87e-03	9.14e-14	0.00e+00	0.00e+00	0.00e+00	0.00e+00	0.00e+00	0.00e+00	8.06e-01	1.16e-01	7.37e-02
 9.01540e+16	9.96e-01	3.85e-03	9.10e-14	0.00e+00	0.00e+00	0.00e+00	0.00e+00	0.00e+00	0.00e+00	8.06e-01	1.16e-01	7.37e-02
 9.01773e+16	9.96e-01	3.84e-03	9.07e-14	0.00e+00	0.00e+00	0.00e+00	0.00e+00	0.00e+00	0.00e+00	8.06e-01	1.16e-01	7.37e-02
 9.02006e+16	9.96e-01	3.82e-03	9.04e-14	0.00e+00	0.00e+00	0.00e+00	0.00e+00	0.00e+00	0.00e+00	8.06e-01	1.16e-01	7.37e-02
 9.02239e+16	9.96e-01	3.81e-03	9.01e-14	0.00e+00	0.00e+00	0.00e+00	0.00e+00	0.00e+00	0.00e+00	8.06e-01	1.16e-01	7.37e-02
 9.02472e+16	9.96e-01	3.79e-03	8.97e-14	0.00e+00	0.00e+00	0.00e+00	0.00e+00	0.00e+00	0.00e+00	8.06e-01	1.16e-01	7.37e-02
 9.02706e+16	9.96e-01	3.77e-03	8.94e-14	0.00e+00	0.00e+00	0.00e+00	0.00e+00	0.00e+00	0.00e+00	8.06e-01	1.16e-01	7.37e-02
 9.02939e+16	9.96e-01	3.76e-03	8.92e-14	0.00e+00	0.00e+00	0.00e+00	0.00e+00	0.00e+00	0.00e+00	8.06e-01	1.16e-01	7.37e-02
 9.03172e+16	9.96e-01	3.74e-03	8.89e-14	0.00e+00	0.00e+00	0.00e+00	0.00e+00	0.00e+00	0.00e+00	8.06e-01	1.16e-01	7.37e-02
 9.03405e+16	9.96e-01	3.73e-03	8.86e-14	0.00e+00	0.00e+00	0.00e+00	0.00e+00	0.00e+00	0.00e+00	8.06e-01	1.16e-01	7.37e-02
 9.03638e+16	9.96e-01	3.71e-03	8.83e-14	0.00e+00	0.00e+00	0.00e+00	0.00e+00	0.00e+00	0.00e+00	8.06e-01	1.16e-01	7.37e-02
 9.03871e+16	9.96e-01	3.70e-03	8.80e-14	0.00e+00	0.00e+00	0.00e+00	0.00e+00	0.00e+00	0.00e+00	8.06e-01	1.16e-01	7.37e-02
 9.04104e+16	9.96e-01	3.69e-03	8.77e-14	0.00e+00	0.00e+00	0.00e+00	0.00e+00	0.00e+00	0.00e+00	8.06e-01	1.16e-01	7.37e-02
 9.04337e+16	9.96e-01	3.68e-03	8.75e-14	0.00e+00	0.00e+00	0.00e+00	0.00e+00	0.00e+00	0.00e+00	8.07e-01	1.16e-01	7.36e-02
 9.04570e+16	9.96e-01	3.66e-03	8.72e-14	0.00e+00	0.00e+00	0.00e+00	0.00e+00	0.00e+00	0.00e+00	8.07e-01	1.16e-01	7.36e-02
 9.04804e+16	9.96e-01	3.65e-03	8.70e-14	0.00e+00	0.00e+00	0.00e+00	0.00e+00	0.00e+00	0.00e+00	8.07e-01	1.16e-01	7.36e-02
 9.05037e+16	9.96e-01	3.63e-03	8.67e-14	0.00e+00	0.00e+00	0.00e+00	0.00e+00	0.00e+00	0.00e+00	8.07e-01	1.16e-01	7.36e-02
 9.05270e+16	9.96e-01	3.62e-03	8.65e-14	0.00e+00	0.00e+00	0.00e+00	0.00e+00	0.00e+00	0.00e+00	8.07e-01	1.16e-01	7.36e-02
 9.05503e+16	9.96e-01	3.61e-03	8.62e-14	0.00e+00	0.00e+00	0.00e+00	0.00e+00	0.00e+00	0.00e+00	8.07e-01	1.16e-01	7.36e-02
 9.05736e+16	9.96e-01	3.60e-03	8.60e-14	0.00e+00	0.00e+00	0.00e+00	0.00e+00	0.00e+00	0.00e+00	8.07e-01	1.16e-01	7.36e-02
 9.05969e+16	9.96e-01	3.59e-03	8.57e-14	0.00e+00	0.00e+00	0.00e+00	0.00e+00	0.00e+00	0.00e+00	8.07e-01	1.16e-01	7.36e-02
 9.06202e+16	9.96e-01	3.58e-03	8.56e-14	0.00e+00	0.00e+00	0.00e+00	0.00e+00	0.00e+00	0.00e+00	8.07e-01	1.16e-01	7.36e-02
 9.06435e+16	9.96e-01	3.56e-03	8.53e-14	0.00e+00	0.00e+00	0.00e+00	0.00e+00	0.00e+00	0.00e+00	8.07e-01	1.16e-01	7.36e-02
 9.06668e+16	9.96e-01	3.55e-03	8.51e-14	0.00e+00	0.00e+00	0.00e+00	0.00e+00	0.00e+00	0.00e+00	8.07e-01	1.16e-01	7.36e-02
 9.06901e+16	9.96e-01	3.54e-03	8.48e-14	0.00e+00	0.00e+00	0.00e+00	0.00e+00	0.00e+00	0.00e+00	8.07e-01	1.16e-01	7.36e-02
 9.07134e+16	9.96e-01	3.53e-03	8.47e-14	0.00e+00	0.00e+00	0.00e+00	0.00e+00	0.00e+00	0.00e+00	8.07e-01	1.16e-01	7.36e-02
 9.07367e+16	9.96e-01	3.52e-03	8.44e-14	0.00e+00	0.00e+00	0.00e+00	0.00e+00	0.00e+00	0.00e+00	8.07e-01	1.16e-01	7.36e-02
 9.07600e+16	9.96e-01	3.51e-03	8.43e-14	0.00e+00	0.00e+00	0.00e+00	0.00e+00	0.00e+00	0.00e+00	8.07e-01	1.16e-01	7.36e-02
 9.07833e+16	9.97e-01	3.50e-03	8.40e-14	0.00e+00	0.00e+00	0.00e+00	0.00e+00	0.00e+00	0.00e+00	8.07e-01	1.16e-01	7.35e-02
 9.08066e+16	9.97e-01	3.49e-03	8.38e-14	0.00e+00	0.00e+00	0.00e+00	0.00e+00	0.00e+00	0.00e+00	8.07e-01	1.16e-01	7.35e-02
 9.08300e+16	9.97e-01	3.48e-03	8.36e-14	0.00e+00	0.00e+00	0.00e+00	0.00e+00	0.00e+00	0.00e+00	8.07e-01	1.16e-01	7.35e-02
 9.08533e+16	9.97e-01	3.47e-03	8.34e-14	0.00e+00	0.00e+00	0.00e+00	0.00e+00	0.00e+00	0.00e+00	8.07e-01	1.16e-01	7.35e-02
 9.08766e+16	9.97e-01	3.46e-03	8.32e-14	0.00e+00	0.00e+00	0.00e+00	0.00e+00	0.00e+00	0.00e+00	8.07e-01	1.16e-01	7.35e-02
 9.08999e+16	9.97e-01	3.45e-03	8.30e-14	0.00e+00	0.00e+00	0.00e+00	0.00e+00	0.00e+00	0.00e+00	8.07e-01	1.16e-01	7.35e-02
 9.09232e+16	9.97e-01	3.44e-03	8.28e-14	0.00e+00	0.00e+00	0.00e+00	0.00e+00	0.00e+00	0.00e+00	8.07e-01	1.16e-01	7.35e-02
 9.09465e+16	9.97e-01	3.43e-03	8.27e-14	0.00e+00	0.00e+00	0.00e+00	0.00e+00	0.00e+00	0.00e+00	8.07e-01	1.16e-01	7.35e-02
 9.09698e+16	9.97e-01	3.42e-03	8.24e-14	0.00e+00	0.00e+00	0.00e+00	0.00e+00	0.00e+00	0.00e+00	8.07e-01	1.16e-01	7.35e-02
 9.09931e+16	9.97e-01	3.41e-03	8.23e-14	0.00e+00	0.00e+00	0.00e+00	0.00e+00	0.00e+00	0.00e+00	8.07e-01	1.16e-01	7.35e-02
 9.10164e+16	9.97e-01	3.40e-03	8.20e-14	0.00e+00	0.00e+00	0.00e+00	0.00e+00	0.00e+00	0.00e+00	8.07e-01	1.16e-01	7.35e-02
 9.10397e+16	9.97e-01	3.39e-03	8.19e-14	0.00e+00	0.00e+00	0.00e+00	0.00e+00	0.00e+00	0.00e+00	8.07e-01	1.16e-01	7.35e-02
 9.10630e+16	9.97e-01	3.38e-03	8.17e-14	0.00e+00	0.00e+00	0.00e+00	0.00e+00	0.00e+00	0.00e+00	8.07e-01	1.16e-01	7.35e-02
 9.10863e+16	9.97e-01	3.38e-03	8.16e-14	0.00e+00	0.00e+00	0.00e+00	0.00e+00	0.00e+00	0.00e+00	8.07e-01	1.16e-01	7.35e-02
 9.11096e+16	9.97e-01	3.36e-03	8.13e-14	0.00e+00	0.00e+00	0.00e+00	0.00e+00	0.00e+00	0.00e+00	8.08e-01	1.16e-01	7.34e-02
 9.11329e+16	9.97e-01	3.36e-03	8.12e-14	0.00e+00	0.00e+00	0.00e+00	0.00e+00	0.00e+00	0.00e+00	8.08e-01	1.16e-01	7.34e-02
 9.11562e+16	9.97e-01	3.35e-03	8.10e-14	0.00e+00	0.00e+00	0.00e+00	0.00e+00	0.00e+00	0.00e+00	8.08e-01	1.16e-01	7.34e-02
 9.11795e+16	9.97e-01	3.34e-03	8.09e-14	0.00e+00	0.00e+00	0.00e+00	0.00e+00	0.00e+00	0.00e+00	8.08e-01	1.16e-01	7.34e-02
 9.12029e+16	9.97e-01	3.33e-03	8.06e-14	0.00e+00	0.00e+00	0.00e+00	0.00e+00	0.00e+00	0.00e+00	8.08e-01	1.16e-01	7.34e-02
 9.12264e+16	9.97e-01	3.32e-03	8.05e-14	0.00e+00	0.00e+00	0.00e+00	0.00e+00	0.00e+00	0.00e+00	8.08e-01	1.16e-01	7.34e-02
 9.12499e+16	9.97e-01	3.31e-03	8.03e-14	0.00e+00	0.00e+00	0.00e+00	0.00e+00	0.00e+00	0.00e+00	8.08e-01	1.16e-01	7.34e-02
 9.12734e+16	9.97e-01	3.31e-03	8.02e-14	0.00e+00	0.00e+00	0.00e+00	0.00e+00	0.00e+00	0.00e+00	8.08e-01	1.16e-01	7.34e-02
 9.12970e+16	9.97e-01	3.30e-03	8.00e-14	0.00e+00	0.00e+00	0.00e+00	0.00e+00	0.00e+00	0.00e+00	8.08e-01	1.16e-01	7.34e-02
 9.13205e+16	9.97e-01	3.29e-03	7.99e-14	0.00e+00	0.00e+00	0.00e+00	0.00e+00	0.00e+00	0.00e+00	8.08e-01	1.16e-01	7.34e-02
 9.13440e+16	9.97e-01	3.28e-03	7.97e-14	0.00e+00	0.00e+00	0.00e+00	0.00e+00	0.00e+00	0.00e+00	8.08e-01	1.16e-01	7.34e-02
 9.13675e+16	9.97e-01	3.28e-03	7.96e-14	0.00e+00	0.00e+00	0.00e+00	0.00e+00	0.00e+00	0.00e+00	8.08e-01	1.15e-01	7.34e-02
 9.13910e+16	9.97e-01	3.27e-03	7.94e-14	0.00e+00	0.00e+00	0.00e+00	0.00e+00	0.00e+00	0.00e+00	8.08e-01	1.15e-01	7.34e-02
 9.14146e+16	9.97e-01	3.26e-03	7.92e-14	0.00e+00	0.00e+00	0.00e+00	0.00e+00	0.00e+00	0.00e+00	8.08e-01	1.15e-01	7.34e-02
 9.14383e+16	9.97e-01	3.25e-03	7.91e-14	0.00e+00	0.00e+00	0.00e+00	0.00e+00	0.00e+00	0.00e+00	8.08e-01	1.15e-01	7.33e-02
 9.14623e+16	9.97e-01	3.24e-03	7.89e-14	0.00e+00	0.00e+00	0.00e+00	0.00e+00	0.00e+00	0.00e+00	8.08e-01	1.15e-01	7.33e-02
 9.14862e+16	9.97e-01	3.24e-03	7.87e-14	0.00e+00	0.00e+00	0.00e+00	0.00e+00	0.00e+00	0.00e+00	8.08e-01	1.15e-01	7.33e-02
 9.15102e+16	9.97e-01	3.23e-03	7.86e-14	0.00e+00	0.00e+00	0.00e+00	0.00e+00	0.00e+00	0.00e+00	8.08e-01	1.15e-01	7.33e-02
 9.15341e+16	9.97e-01	3.22e-03	7.85e-14	0.00e+00	0.00e+00	0.00e+00	0.00e+00	0.00e+00	0.00e+00	8.08e-01	1.15e-01	7.33e-02
 9.15581e+16	9.97e-01	3.22e-03	7.83e-14	0.00e+00	0.00e+00	0.00e+00	0.00e+00	0.00e+00	0.00e+00	8.08e-01	1.15e-01	7.33e-02
 9.15821e+16	9.97e-01	3.21e-03	7.82e-14	0.00e+00	0.00e+00	0.00e+00	0.00e+00	0.00e+00	0.00e+00	8.08e-01	1.15e-01	7.33e-02
 9.16060e+16	9.97e-01	3.20e-03	7.80e-14	0.00e+00	0.00e+00	0.00e+00	0.00e+00	0.00e+00	0.00e+00	8.08e-01	1.15e-01	7.33e-02
 9.16300e+16	9.97e-01	3.19e-03	7.79e-14	0.00e+00	0.00e+00	0.00e+00	0.00e+00	0.00e+00	0.00e+00	8.08e-01	1.15e-01	7.33e-02
 9.16539e+16	9.97e-01	3.19e-03	7.77e-14	0.00e+00	0.00e+00	0.00e+00	0.00e+00	0.00e+00	0.00e+00	8.08e-01	1.15e-01	7.33e-02
 9.16779e+16	9.97e-01	3.18e-03	7.76e-14	0.00e+00	0.00e+00	0.00e+00	0.00e+00	0.00e+00	0.00e+00	8.08e-01	1.15e-01	7.33e-02
 9.17019e+16	9.97e-01	3.17e-03	7.75e-14	0.00e+00	0.00e+00	0.00e+00	0.00e+00	0.00e+00	0.00e+00	8.08e-01	1.15e-01	7.33e-02
 9.17258e+16	9.97e-01	3.16e-03	7.73e-14	0.00e+00	0.00e+00	0.00e+00	0.00e+00	0.00e+00	0.00e+00	8.08e-01	1.15e-01	7.33e-02
 9.17499e+16	9.97e-01	3.16e-03	7.72e-14	0.00e+00	0.00e+00	0.00e+00	0.00e+00	0.00e+00	0.00e+00	8.08e-01	1.15e-01	7.33e-02
 9.17741e+16	9.97e-01	3.15e-03	7.70e-14	0.00e+00	0.00e+00	0.00e+00	0.00e+00	0.00e+00	0.00e+00	8.08e-01	1.15e-01	7.32e-02
 9.17983e+16	9.97e-01	3.15e-03	7.69e-14	0.00e+00	0.00e+00	0.00e+00	0.00e+00	0.00e+00	0.00e+00	8.08e-01	1.15e-01	7.32e-02
 9.18225e+16	9.97e-01	3.14e-03	7.68e-14	0.00e+00	0.00e+00	0.00e+00	0.00e+00	0.00e+00	0.00e+00	8.08e-01	1.15e-01	7.32e-02
 9.18466e+16	9.97e-01	3.13e-03	7.66e-14	0.00e+00	0.00e+00	0.00e+00	0.00e+00	0.00e+00	0.00e+00	8.08e-01	1.15e-01	7.32e-02
 9.18708e+16	9.97e-01	3.13e-03	7.65e-14	0.00e+00	0.00e+00	0.00e+00	0.00e+00	0.00e+00	0.00e+00	8.09e-01	1.15e-01	7.32e-02
 9.18950e+16	9.97e-01	3.12e-03	7.64e-14	0.00e+00	0.00e+00	0.00e+00	0.00e+00	0.00e+00	0.00e+00	8.09e-01	1.15e-01	7.32e-02
 9.19192e+16	9.97e-01	3.11e-03	7.62e-14	0.00e+00	0.00e+00	0.00e+00	0.00e+00	0.00e+00	0.00e+00	8.09e-01	1.15e-01	7.32e-02
 9.19470e+16	9.97e-01	3.10e-03	7.61e-14	0.00e+00	0.00e+00	0.00e+00	0.00e+00	0.00e+00	0.00e+00	8.09e-01	1.15e-01	7.32e-02
 9.19832e+16	9.97e-01	3.09e-03	7.59e-14	0.00e+00	0.00e+00	0.00e+00	0.00e+00	0.00e+00	0.00e+00	8.09e-01	1.15e-01	7.32e-02
 9.20302e+16	9.97e-01	3.08e-03	7.56e-14	0.00e+00	0.00e+00	0.00e+00	0.00e+00	0.00e+00	0.00e+00	8.09e-01	1.15e-01	7.32e-02
 9.20913e+16	9.97e-01	3.06e-03	7.53e-14	0.00e+00	0.00e+00	0.00e+00	0.00e+00	0.00e+00	0.00e+00	8.09e-01	1.15e-01	7.32e-02
 9.21707e+16	9.97e-01	3.04e-03	7.48e-14	0.00e+00	0.00e+00	0.00e+00	0.00e+00	0.00e+00	0.00e+00	8.09e-01	1.15e-01	7.31e-02
 9.22740e+16	9.97e-01	3.02e-03	7.43e-14	0.00e+00	0.00e+00	0.00e+00	0.00e+00	0.00e+00	0.00e+00	8.09e-01	1.15e-01	7.31e-02
 9.24082e+16	9.97e-01	2.98e-03	7.35e-14	0.00e+00	0.00e+00	0.00e+00	0.00e+00	0.00e+00	0.00e+00	8.09e-01	1.15e-01	7.30e-02
 9.25827e+16	9.97e-01	2.94e-03	7.27e-14	0.00e+00	0.00e+00	0.00e+00	0.00e+00	0.00e+00	0.00e+00	8.09e-01	1.15e-01	7.30e-02
 9.28096e+16	9.97e-01	2.89e-03	7.16e-14	0.00e+00	0.00e+00	0.00e+00	0.00e+00	0.00e+00	0.00e+00	8.10e-01	1.14e-01	7.29e-02
 9.31045e+16	9.97e-01	2.83e-03	7.04e-14	0.00e+00	0.00e+00	0.00e+00	0.00e+00	0.00e+00	0.00e+00	8.10e-01	1.14e-01	7.28e-02
