#depth	He	He+	He+2
 6.49525e+11	2.37e-05	7.70e-01	2.30e-01
 3.89715e+12	2.37e-05	7.70e-01	2.30e-01
 1.68877e+13	2.37e-05	7.70e-01	2.30e-01
 6.88497e+13	2.39e-05	7.75e-01	2.25e-01
 1.64460e+14	2.40e-05	7.74e-01	2.26e-01
 2.88753e+14	2.43e-05	7.80e-01	2.20e-01
 4.50334e+14	2.48e-05	7.94e-01	2.06e-01
 6.60390e+14	2.56e-05	8.15e-01	1.85e-01
 9.33462e+14	2.68e-05	8.46e-01	1.54e-01
 1.28846e+15	2.84e-05	8.85e-01	1.15e-01
 1.74995e+15	3.02e-05	9.26e-01	7.39e-02
 2.34989e+15	3.20e-05	9.61e-01	3.87e-02
 3.12981e+15	3.37e-05	9.84e-01	1.58e-02
 4.14371e+15	3.55e-05	9.95e-01	4.87e-03
 5.46177e+15	3.75e-05	9.99e-01	1.12e-03
 7.17526e+15	4.01e-05	1.00e+00	1.93e-04
 9.30670e+15	4.36e-05	1.00e+00	2.75e-05
 1.16791e+16	4.76e-05	1.00e+00	4.88e-06
 1.41464e+16	5.19e-05	1.00e+00	1.56e-06
 1.67124e+16	5.67e-05	1.00e+00	8.19e-07
 1.89216e+16	6.10e-05	1.00e+00	5.77e-07
 2.08137e+16	6.49e-05	1.00e+00	5.50e-07
 2.28951e+16	6.93e-05	1.00e+00	4.39e-07
 2.51846e+16	7.44e-05	1.00e+00	3.38e-07
 2.77031e+16	8.02e-05	1.00e+00	2.57e-07
 3.04734e+16	8.69e-05	1.00e+00	1.92e-07
 3.35207e+16	9.46e-05	1.00e+00	1.41e-07
 3.68194e+16	1.03e-04	1.00e+00	1.02e-07
 4.02923e+16	1.13e-04	1.00e+00	7.42e-08
 4.39041e+16	1.24e-04	1.00e+00	5.46e-08
 4.76604e+16	1.35e-04	1.00e+00	3.99e-08
 5.15670e+16	1.48e-04	1.00e+00	2.91e-08
 5.56298e+16	1.62e-04	1.00e+00	2.15e-08
 5.98551e+16	1.77e-04	1.00e+00	1.51e-08
 6.42495e+16	1.94e-04	1.00e+00	1.08e-08
 6.88196e+16	2.12e-04	1.00e+00	7.66e-09
 7.35725e+16	2.33e-04	1.00e+00	5.41e-09
 7.85155e+16	2.55e-04	1.00e+00	3.80e-09
 8.36563e+16	2.80e-04	1.00e+00	2.65e-09
 8.90027e+16	3.07e-04	1.00e+00	1.84e-09
 9.45629e+16	3.38e-04	1.00e+00	1.27e-09
 1.00346e+17	3.73e-04	1.00e+00	8.75e-10
 1.06360e+17	4.12e-04	1.00e+00	6.00e-10
 1.12614e+17	4.56e-04	1.00e+00	4.12e-10
 1.19119e+17	5.06e-04	9.99e-01	2.84e-10
 1.25884e+17	5.65e-04	9.99e-01	1.97e-10
 1.32919e+17	6.34e-04	9.99e-01	1.40e-10
 1.40236e+17	7.17e-04	9.99e-01	1.02e-10
 1.47636e+17	8.15e-04	9.99e-01	7.79e-11
 1.54575e+17	9.24e-04	9.99e-01	6.38e-11
 1.60651e+17	1.04e-03	9.99e-01	5.62e-11
 1.65923e+17	1.16e-03	9.99e-01	5.24e-11
 1.70632e+17	1.29e-03	9.99e-01	5.04e-11
 1.74932e+17	1.43e-03	9.99e-01	4.87e-11
 1.78842e+17	1.58e-03	9.98e-01	4.73e-11
 1.82340e+17	1.75e-03	9.98e-01	4.66e-11
 1.85442e+17	1.93e-03	9.98e-01	4.62e-11
 1.88206e+17	2.12e-03	9.98e-01	4.57e-11
 1.90690e+17	2.34e-03	9.98e-01	4.50e-11
 1.92932e+17	2.57e-03	9.97e-01	4.42e-11
 1.94951e+17	2.82e-03	9.97e-01	4.34e-11
 1.96764e+17	3.09e-03	9.97e-01	4.27e-11
 1.98390e+17	3.39e-03	9.97e-01	4.21e-11
 1.99852e+17	3.71e-03	9.96e-01	4.16e-11
 2.01170e+17	4.07e-03	9.96e-01	4.13e-11
 2.02361e+17	4.46e-03	9.96e-01	4.11e-11
 2.03252e+17	4.79e-03	9.95e-01	4.10e-11
 2.03817e+17	5.05e-03	9.95e-01	4.12e-11
 2.04365e+17	5.33e-03	9.95e-01	4.15e-11
 2.05078e+17	5.73e-03	9.94e-01	4.16e-11
 2.05779e+17	6.20e-03	9.94e-01	4.20e-11
 2.06288e+17	6.60e-03	9.93e-01	4.26e-11
 2.06692e+17	6.96e-03	9.93e-01	4.31e-11
 2.07138e+17	7.40e-03	9.93e-01	4.36e-11
 2.07623e+17	7.95e-03	9.92e-01	4.46e-11
 2.08043e+17	8.50e-03	9.91e-01	4.56e-11
 2.08394e+17	9.03e-03	9.91e-01	4.64e-11
 2.08771e+17	9.71e-03	9.90e-01	4.83e-11
 2.09167e+17	1.05e-02	9.89e-01	5.03e-11
 2.09491e+17	1.13e-02	9.89e-01	5.21e-11
 2.09763e+17	1.21e-02	9.88e-01	5.42e-11
 2.10061e+17	1.30e-02	9.87e-01	5.70e-11
 2.10381e+17	1.42e-02	9.86e-01	6.14e-11
 2.10652e+17	1.55e-02	9.85e-01	6.50e-11
 2.10884e+17	1.67e-02	9.83e-01	7.04e-11
 2.11139e+17	1.83e-02	9.82e-01	7.61e-11
 2.11412e+17	2.04e-02	9.80e-01	8.60e-11
 2.11648e+17	2.25e-02	9.77e-01	9.56e-11
 2.11857e+17	2.48e-02	9.75e-01	1.06e-10
 2.12088e+17	2.79e-02	9.72e-01	1.25e-10
 2.12342e+17	3.20e-02	9.68e-01	1.49e-10
 2.12569e+17	3.67e-02	9.63e-01	1.79e-10
 2.12775e+17	4.20e-02	9.58e-01	2.15e-10
 2.12970e+17	4.82e-02	9.52e-01	2.59e-10
 2.13155e+17	5.54e-02	9.45e-01	3.14e-10
 2.13351e+17	6.48e-02	9.35e-01	3.90e-10
 2.13547e+17	7.64e-02	9.24e-01	4.89e-10
 2.13707e+17	8.81e-02	9.12e-01	5.95e-10
 2.13831e+17	9.87e-02	9.01e-01	6.94e-10
 2.13935e+17	1.09e-01	8.91e-01	7.95e-10
 2.14033e+17	1.20e-01	8.80e-01	9.03e-10
 2.14126e+17	1.31e-01	8.69e-01	1.02e-09
 2.14214e+17	1.43e-01	8.57e-01	1.15e-09
 2.14294e+17	1.55e-01	8.45e-01	1.28e-09
 2.14367e+17	1.66e-01	8.34e-01	1.41e-09
 2.14436e+17	1.79e-01	8.21e-01	1.55e-09
 2.14491e+17	1.88e-01	8.12e-01	1.67e-09
 2.14529e+17	1.96e-01	8.04e-01	1.76e-09
 2.14565e+17	2.03e-01	7.97e-01	1.84e-09
 2.14604e+17	2.12e-01	7.88e-01	1.95e-09
 2.14647e+17	2.21e-01	7.79e-01	2.06e-09
 2.14689e+17	2.31e-01	7.69e-01	2.18e-09
 2.14728e+17	2.40e-01	7.60e-01	2.30e-09
 2.14767e+17	2.50e-01	7.50e-01	2.42e-09
 2.14807e+17	2.60e-01	7.40e-01	2.55e-09
 2.14846e+17	2.71e-01	7.29e-01	2.68e-09
 2.14885e+17	2.82e-01	7.18e-01	2.82e-09
 2.14923e+17	2.93e-01	7.07e-01	2.96e-09
 2.14962e+17	3.05e-01	6.95e-01	3.11e-09
 2.15000e+17	3.17e-01	6.83e-01	3.26e-09
 2.15037e+17	3.29e-01	6.71e-01	3.42e-09
 2.15075e+17	3.41e-01	6.59e-01	3.58e-09
 2.15112e+17	3.53e-01	6.47e-01	3.75e-09
 2.15149e+17	3.67e-01	6.33e-01	3.91e-09
 2.15185e+17	3.79e-01	6.21e-01	4.09e-09
 2.15222e+17	3.93e-01	6.07e-01	4.26e-09
 2.15258e+17	4.06e-01	5.94e-01	4.44e-09
 2.15294e+17	4.20e-01	5.80e-01	4.62e-09
 2.15329e+17	4.34e-01	5.66e-01	4.80e-09
 2.15365e+17	4.48e-01	5.52e-01	4.99e-09
 2.15400e+17	4.62e-01	5.38e-01	5.18e-09
 2.15435e+17	4.76e-01	5.24e-01	5.36e-09
 2.15469e+17	4.90e-01	5.10e-01	5.56e-09
 2.15503e+17	5.04e-01	4.96e-01	5.74e-09
 2.15536e+17	5.18e-01	4.82e-01	5.93e-09
 2.15569e+17	5.32e-01	4.68e-01	6.12e-09
 2.15602e+17	5.46e-01	4.54e-01	6.31e-09
 2.15634e+17	5.59e-01	4.41e-01	6.49e-09
 2.15666e+17	5.73e-01	4.27e-01	6.68e-09
 2.15697e+17	5.86e-01	4.14e-01	6.85e-09
 2.15728e+17	5.99e-01	4.01e-01	7.03e-09
 2.15758e+17	6.12e-01	3.88e-01	7.20e-09
 2.15788e+17	6.24e-01	3.76e-01	7.38e-09
 2.15817e+17	6.36e-01	3.64e-01	7.54e-09
 2.15847e+17	6.48e-01	3.52e-01	7.70e-09
 2.15875e+17	6.60e-01	3.40e-01	7.86e-09
 2.15904e+17	6.72e-01	3.28e-01	8.02e-09
 2.15931e+17	6.83e-01	3.17e-01	8.16e-09
 2.15959e+17	6.94e-01	3.06e-01	8.32e-09
 2.15987e+17	7.05e-01	2.95e-01	8.45e-09
 2.16014e+17	7.15e-01	2.85e-01	8.59e-09
 2.16041e+17	7.25e-01	2.75e-01	8.73e-09
 2.16067e+17	7.35e-01	2.65e-01	8.86e-09
 2.16093e+17	7.45e-01	2.55e-01	8.97e-09
 2.16119e+17	7.54e-01	2.46e-01	9.10e-09
 2.16145e+17	7.63e-01	2.37e-01	9.20e-09
 2.16171e+17	7.72e-01	2.28e-01	9.31e-09
 2.16196e+17	7.81e-01	2.19e-01	9.42e-09
 2.16221e+17	7.89e-01	2.11e-01	9.52e-09
 2.16246e+17	7.97e-01	2.03e-01	9.60e-09
 2.16271e+17	8.05e-01	1.95e-01	9.69e-09
 2.16295e+17	8.13e-01	1.87e-01	9.77e-09
 2.16320e+17	8.20e-01	1.80e-01	9.84e-09
 2.16344e+17	8.27e-01	1.73e-01	9.90e-09
 2.16368e+17	8.34e-01	1.66e-01	9.97e-09
 2.16392e+17	8.41e-01	1.59e-01	1.00e-08
 2.16415e+17	8.48e-01	1.52e-01	1.01e-08
 2.16439e+17	8.54e-01	1.46e-01	1.01e-08
 2.16462e+17	8.60e-01	1.40e-01	1.01e-08
 2.16486e+17	8.66e-01	1.34e-01	1.02e-08
 2.16509e+17	8.72e-01	1.28e-01	1.02e-08
 2.16532e+17	8.77e-01	1.23e-01	1.02e-08
 2.16555e+17	8.83e-01	1.17e-01	1.02e-08
 2.16578e+17	8.88e-01	1.12e-01	1.02e-08
 2.16600e+17	8.93e-01	1.07e-01	1.02e-08
 2.16623e+17	8.97e-01	1.03e-01	1.02e-08
 2.16645e+17	9.02e-01	9.80e-02	1.02e-08
 2.16668e+17	9.06e-01	9.36e-02	1.02e-08
 2.16690e+17	9.11e-01	8.93e-02	1.01e-08
 2.16712e+17	9.15e-01	8.51e-02	1.01e-08
 2.16735e+17	9.19e-01	8.12e-02	1.00e-08
 2.16756e+17	9.23e-01	7.74e-02	9.99e-09
 2.16778e+17	9.26e-01	7.37e-02	9.94e-09
 2.16800e+17	9.30e-01	7.02e-02	9.87e-09
 2.16822e+17	9.33e-01	6.68e-02	9.80e-09
 2.16844e+17	9.36e-01	6.36e-02	9.73e-09
 2.16866e+17	9.40e-01	6.05e-02	9.65e-09
 2.16887e+17	9.42e-01	5.75e-02	9.56e-09
 2.16909e+17	9.45e-01	5.46e-02	9.47e-09
 2.16930e+17	9.48e-01	5.19e-02	9.37e-09
 2.16952e+17	9.51e-01	4.93e-02	9.27e-09
 2.16973e+17	9.53e-01	4.68e-02	9.16e-09
 2.16994e+17	9.56e-01	4.44e-02	9.05e-09
 2.17015e+17	9.58e-01	4.21e-02	8.93e-09
 2.17037e+17	9.60e-01	3.99e-02	8.81e-09
 2.17058e+17	9.62e-01	3.78e-02	8.68e-09
 2.17079e+17	9.64e-01	3.58e-02	8.55e-09
 2.17100e+17	9.66e-01	3.39e-02	8.42e-09
 2.17121e+17	9.68e-01	3.21e-02	8.28e-09
 2.17142e+17	9.70e-01	3.04e-02	8.14e-09
 2.17163e+17	9.71e-01	2.87e-02	7.99e-09
 2.17184e+17	9.73e-01	2.71e-02	7.84e-09
 2.17205e+17	9.74e-01	2.56e-02	7.68e-09
 2.17226e+17	9.76e-01	2.41e-02	7.50e-09
 2.17247e+17	9.77e-01	2.27e-02	7.30e-09
 2.17269e+17	9.79e-01	2.12e-02	7.06e-09
 2.17293e+17	9.80e-01	1.97e-02	6.76e-09
 2.17319e+17	9.82e-01	1.81e-02	6.42e-09
 2.17347e+17	9.83e-01	1.65e-02	6.09e-09
 2.17376e+17	9.85e-01	1.51e-02	5.77e-09
 2.17403e+17	9.86e-01	1.39e-02	5.48e-09
 2.17430e+17	9.87e-01	1.27e-02	5.19e-09
 2.17458e+17	9.88e-01	1.16e-02	4.90e-09
 2.17486e+17	9.89e-01	1.06e-02	4.62e-09
 2.17515e+17	9.90e-01	9.67e-03	4.34e-09
 2.17545e+17	9.91e-01	8.77e-03	4.06e-09
 2.17576e+17	9.92e-01	7.93e-03	3.78e-09
 2.17608e+17	9.93e-01	7.14e-03	3.51e-09
 2.17641e+17	9.94e-01	6.41e-03	3.24e-09
 2.17676e+17	9.94e-01	5.72e-03	2.98e-09
 2.17712e+17	9.95e-01	5.08e-03	2.72e-09
 2.17750e+17	9.96e-01	4.47e-03	2.46e-09
 2.17790e+17	9.96e-01	3.91e-03	2.21e-09
 2.17832e+17	9.97e-01	3.39e-03	1.97e-09
 2.17877e+17	9.97e-01	2.93e-03	1.74e-09
 2.17922e+17	9.97e-01	2.52e-03	1.53e-09
 2.17967e+17	9.98e-01	2.17e-03	1.34e-09
 2.18013e+17	9.98e-01	1.86e-03	1.17e-09
 2.18061e+17	9.98e-01	1.58e-03	1.01e-09
 2.18110e+17	9.99e-01	1.34e-03	8.72e-10
 2.18161e+17	9.99e-01	1.13e-03	7.45e-10
 2.18213e+17	9.99e-01	9.46e-04	6.31e-10
 2.18269e+17	9.99e-01	7.84e-04	5.29e-10
 2.18327e+17	9.99e-01	6.43e-04	4.38e-10
 2.18390e+17	9.99e-01	5.19e-04	3.57e-10
 2.18458e+17	1.00e+00	4.12e-04	2.86e-10
 2.18533e+17	1.00e+00	3.19e-04	2.23e-10
 2.18616e+17	1.00e+00	2.41e-04	1.70e-10
 2.18702e+17	1.00e+00	1.80e-04	1.28e-10
 2.18789e+17	1.00e+00	1.35e-04	9.59e-11
 2.18876e+17	1.00e+00	1.01e-04	7.22e-11
 2.18963e+17	1.00e+00	7.58e-05	5.44e-11
 2.19050e+17	1.00e+00	5.71e-05	4.11e-11
 2.19136e+17	1.00e+00	4.31e-05	3.12e-11
 2.19223e+17	1.00e+00	3.27e-05	2.38e-11
 2.19310e+17	1.00e+00	2.50e-05	1.83e-11
 2.19397e+17	1.00e+00	1.93e-05	1.41e-11
 2.19491e+17	1.00e+00	1.46e-05	1.07e-11
 2.19593e+17	1.00e+00	1.11e-05	8.18e-12
 2.19695e+17	1.00e+00	8.60e-06	6.36e-12
 2.19797e+17	1.00e+00	6.83e-06	5.07e-12
 2.19899e+17	1.00e+00	5.57e-06	4.15e-12
 2.20001e+17	1.00e+00	4.68e-06	3.50e-12
 2.20103e+17	1.00e+00	4.05e-06	3.03e-12
 2.20205e+17	1.00e+00	3.60e-06	2.71e-12
 2.20307e+17	1.00e+00	3.28e-06	2.47e-12
 2.20409e+17	1.00e+00	3.06e-06	2.31e-12
 2.20510e+17	1.00e+00	2.89e-06	2.19e-12
 2.20612e+17	1.00e+00	2.78e-06	2.12e-12
 2.20714e+17	1.00e+00	2.70e-06	2.06e-12
 2.20816e+17	1.00e+00	2.65e-06	2.02e-12
 2.20918e+17	1.00e+00	2.60e-06	2.00e-12
 2.21020e+17	1.00e+00	2.58e-06	1.98e-12
 2.21122e+17	1.00e+00	2.56e-06	1.97e-12
 2.21224e+17	1.00e+00	2.55e-06	1.97e-12
 2.21326e+17	1.00e+00	2.54e-06	1.97e-12
 2.21428e+17	1.00e+00	2.53e-06	1.97e-12
 2.21530e+17	1.00e+00	2.53e-06	1.97e-12
 2.21632e+17	1.00e+00	2.53e-06	1.97e-12
 2.21734e+17	1.00e+00	2.53e-06	1.98e-12
 2.21836e+17	1.00e+00	2.53e-06	1.98e-12
 2.21938e+17	1.00e+00	2.53e-06	1.99e-12
 2.22039e+17	1.00e+00	2.53e-06	2.00e-12
 2.22141e+17	1.00e+00	2.53e-06	2.00e-12
 2.22243e+17	1.00e+00	2.54e-06	2.01e-12
 2.22345e+17	1.00e+00	2.54e-06	2.02e-12
 2.22447e+17	1.00e+00	2.54e-06	2.02e-12
 2.22549e+17	1.00e+00	2.54e-06	2.03e-12
 2.22651e+17	1.00e+00	2.55e-06	2.03e-12
 2.22753e+17	1.00e+00	2.55e-06	2.04e-12
 2.22855e+17	1.00e+00	2.55e-06	2.05e-12
 2.22957e+17	1.00e+00	2.55e-06	2.06e-12
 2.23059e+17	1.00e+00	2.56e-06	2.06e-12
 2.23161e+17	1.00e+00	2.56e-06	2.07e-12
 2.23263e+17	1.00e+00	2.56e-06	2.07e-12
 2.23365e+17	1.00e+00	2.56e-06	2.08e-12
 2.23466e+17	1.00e+00	2.57e-06	2.08e-12
 2.23568e+17	1.00e+00	2.57e-06	2.09e-12
 2.23670e+17	1.00e+00	2.57e-06	2.10e-12
 2.23772e+17	1.00e+00	2.57e-06	2.10e-12
 2.23874e+17	1.00e+00	2.57e-06	2.11e-12
 2.23976e+17	1.00e+00	2.58e-06	2.12e-12
 2.24078e+17	1.00e+00	2.58e-06	2.12e-12
 2.24180e+17	1.00e+00	2.58e-06	2.13e-12
 2.24282e+17	1.00e+00	2.58e-06	2.13e-12
 2.24384e+17	1.00e+00	2.59e-06	2.14e-12
 2.24486e+17	1.00e+00	2.59e-06	2.14e-12
 2.24588e+17	1.00e+00	2.59e-06	2.15e-12
 2.24689e+17	1.00e+00	2.59e-06	2.15e-12
 2.24791e+17	1.00e+00	2.60e-06	2.16e-12
 2.24893e+17	1.00e+00	2.60e-06	2.16e-12
 2.24995e+17	1.00e+00	2.60e-06	2.17e-12
 2.25097e+17	1.00e+00	2.60e-06	2.18e-12
 2.25199e+17	1.00e+00	2.60e-06	2.18e-12
 2.25301e+17	1.00e+00	2.61e-06	2.19e-12
 2.25403e+17	1.00e+00	2.61e-06	2.19e-12
 2.25505e+17	1.00e+00	2.61e-06	2.20e-12
 2.25607e+17	1.00e+00	2.61e-06	2.20e-12
 2.25709e+17	1.00e+00	2.61e-06	2.21e-12
 2.25811e+17	1.00e+00	2.62e-06	2.21e-12
 2.25912e+17	1.00e+00	2.62e-06	2.22e-12
 2.26014e+17	1.00e+00	2.62e-06	2.22e-12
 2.26116e+17	1.00e+00	2.62e-06	2.23e-12
 2.26218e+17	1.00e+00	2.62e-06	2.23e-12
 2.26320e+17	1.00e+00	2.63e-06	2.24e-12
 2.26422e+17	1.00e+00	2.63e-06	2.24e-12
 2.26524e+17	1.00e+00	2.63e-06	2.25e-12
 2.26626e+17	1.00e+00	2.63e-06	2.25e-12
 2.26728e+17	1.00e+00	2.63e-06	2.26e-12
 2.26830e+17	1.00e+00	2.64e-06	2.26e-12
 2.26932e+17	1.00e+00	2.64e-06	2.27e-12
 2.27033e+17	1.00e+00	2.64e-06	2.27e-12
 2.27135e+17	1.00e+00	2.64e-06	2.28e-12
 2.27237e+17	1.00e+00	2.64e-06	2.28e-12
 2.27339e+17	1.00e+00	2.64e-06	2.28e-12
 2.27441e+17	1.00e+00	2.65e-06	2.29e-12
 2.27543e+17	1.00e+00	2.65e-06	2.29e-12
 2.27645e+17	1.00e+00	2.65e-06	2.30e-12
 2.27747e+17	1.00e+00	2.65e-06	2.30e-12
 2.27849e+17	1.00e+00	2.65e-06	2.31e-12
 2.27951e+17	1.00e+00	2.65e-06	2.31e-12
 2.28052e+17	1.00e+00	2.66e-06	2.32e-12
 2.28154e+17	1.00e+00	2.66e-06	2.32e-12
 2.28256e+17	1.00e+00	2.66e-06	2.33e-12
 2.28373e+17	1.00e+00	2.66e-06	2.33e-12
 2.28526e+17	1.00e+00	2.67e-06	2.34e-12
 2.28724e+17	1.00e+00	2.67e-06	2.35e-12
 2.28981e+17	1.00e+00	2.67e-06	2.36e-12
 2.29316e+17	1.00e+00	2.68e-06	2.38e-12
 2.29751e+17	1.00e+00	2.69e-06	2.40e-12
 2.30317e+17	1.00e+00	2.70e-06	2.42e-12
 2.31052e+17	1.00e+00	2.71e-06	2.45e-12
 2.32008e+17	1.00e+00	2.72e-06	2.49e-12
 2.33251e+17	1.00e+00	2.74e-06	2.54e-12
 2.34866e+17	1.00e+00	2.76e-06	2.60e-12
 2.36967e+17	1.00e+00	2.79e-06	2.67e-12
 2.39507e+17	1.00e+00	2.81e-06	2.75e-12
 2.42290e+17	1.00e+00	2.84e-06	2.82e-12
 2.45251e+17	1.00e+00	2.87e-06	2.90e-12
 2.48459e+17	1.00e+00	2.89e-06	2.98e-12
 2.51942e+17	1.00e+00	2.92e-06	3.06e-12
 2.55668e+17	1.00e+00	2.95e-06	3.14e-12
 2.59627e+17	1.00e+00	2.98e-06	3.22e-12
 2.63840e+17	1.00e+00	3.01e-06	3.31e-12
 2.68325e+17	1.00e+00	3.04e-06	3.39e-12
 2.73069e+17	1.00e+00	3.07e-06	3.48e-12
 2.78055e+17	1.00e+00	3.10e-06	3.57e-12
 2.83284e+17	1.00e+00	3.13e-06	3.66e-12
 2.88764e+17	1.00e+00	3.17e-06	3.75e-12
 2.94440e+17	1.00e+00	3.21e-06	3.85e-12
 3.00301e+17	1.00e+00	3.25e-06	3.95e-12
 3.06411e+17	1.00e+00	3.30e-06	4.06e-12
 3.12727e+17	1.00e+00	3.35e-06	4.16e-12
 3.19259e+17	1.00e+00	3.40e-06	4.28e-12
 3.25936e+17	1.00e+00	3.46e-06	4.40e-12
 3.32584e+17	1.00e+00	3.53e-06	4.53e-12
 3.39351e+17	1.00e+00	3.59e-06	4.66e-12
 3.46455e+17	1.00e+00	3.67e-06	4.80e-12
 3.53772e+17	1.00e+00	3.74e-06	4.94e-12
 3.61122e+17	1.00e+00	3.82e-06	5.09e-12
 3.68621e+17	1.00e+00	3.90e-06	5.24e-12
 3.76439e+17	1.00e+00	3.99e-06	5.40e-12
 3.84488e+17	1.00e+00	4.08e-06	5.57e-12
 3.92617e+17	1.00e+00	4.18e-06	5.74e-12
