#depth	He	He+	He+2
 6.29131e+11	2.38e-05	7.70e-01	2.30e-01
 3.77479e+12	2.38e-05	7.70e-01	2.30e-01
 1.63574e+13	2.38e-05	7.71e-01	2.29e-01
 6.66879e+13	2.40e-05	7.76e-01	2.24e-01
 1.59296e+14	2.41e-05	7.75e-01	2.25e-01
 2.79687e+14	2.44e-05	7.81e-01	2.19e-01
 4.36194e+14	2.49e-05	7.94e-01	2.06e-01
 6.39654e+14	2.57e-05	8.16e-01	1.84e-01
 9.04152e+14	2.69e-05	8.47e-01	1.53e-01
 1.24800e+15	2.84e-05	8.85e-01	1.15e-01
 1.69500e+15	3.02e-05	9.26e-01	7.38e-02
 2.27610e+15	3.20e-05	9.61e-01	3.87e-02
 3.03154e+15	3.37e-05	9.84e-01	1.58e-02
 4.01360e+15	3.54e-05	9.95e-01	4.89e-03
 5.29028e+15	3.74e-05	9.99e-01	1.13e-03
 6.94997e+15	3.99e-05	1.00e+00	1.94e-04
 9.04588e+15	4.33e-05	1.00e+00	2.74e-05
 1.14079e+16	4.72e-05	1.00e+00	4.70e-06
 1.38643e+16	5.16e-05	1.00e+00	1.51e-06
 1.64190e+16	5.63e-05	1.00e+00	8.03e-07
 1.86075e+16	6.06e-05	1.00e+00	5.72e-07
 2.04682e+16	6.44e-05	1.00e+00	5.52e-07
 2.25151e+16	6.87e-05	1.00e+00	4.41e-07
 2.47666e+16	7.37e-05	1.00e+00	3.42e-07
 2.72432e+16	7.94e-05	1.00e+00	2.61e-07
 2.99675e+16	8.59e-05	1.00e+00	1.95e-07
 3.29643e+16	9.34e-05	1.00e+00	1.44e-07
 3.62248e+16	1.02e-04	1.00e+00	1.05e-07
 3.96739e+16	1.12e-04	1.00e+00	7.59e-08
 4.32610e+16	1.22e-04	1.00e+00	5.58e-08
 4.69916e+16	1.33e-04	1.00e+00	4.09e-08
 5.08714e+16	1.46e-04	1.00e+00	2.98e-08
 5.49064e+16	1.59e-04	1.00e+00	2.21e-08
 5.91028e+16	1.75e-04	1.00e+00	1.55e-08
 6.34670e+16	1.91e-04	1.00e+00	1.11e-08
 6.80058e+16	2.09e-04	1.00e+00	7.90e-09
 7.27262e+16	2.29e-04	1.00e+00	5.59e-09
 7.76354e+16	2.51e-04	1.00e+00	3.93e-09
 8.27410e+16	2.76e-04	1.00e+00	2.75e-09
 8.80507e+16	3.03e-04	1.00e+00	1.92e-09
 9.35729e+16	3.33e-04	1.00e+00	1.33e-09
 9.93159e+16	3.67e-04	1.00e+00	9.16e-10
 1.05289e+17	4.05e-04	1.00e+00	6.30e-10
 1.11500e+17	4.48e-04	1.00e+00	4.34e-10
 1.17961e+17	4.98e-04	1.00e+00	3.00e-10
 1.24679e+17	5.55e-04	9.99e-01	2.09e-10
 1.31666e+17	6.23e-04	9.99e-01	1.48e-10
 1.38933e+17	7.03e-04	9.99e-01	1.08e-10
 1.46491e+17	8.02e-04	9.99e-01	8.21e-11
 1.53744e+17	9.14e-04	9.99e-01	6.63e-11
 1.59974e+17	1.03e-03	9.99e-01	5.81e-11
 1.65256e+17	1.15e-03	9.99e-01	5.41e-11
 1.69958e+17	1.28e-03	9.99e-01	5.20e-11
 1.74305e+17	1.42e-03	9.99e-01	5.00e-11
 1.78293e+17	1.58e-03	9.98e-01	4.84e-11
 1.81855e+17	1.75e-03	9.98e-01	4.75e-11
 1.84992e+17	1.93e-03	9.98e-01	4.72e-11
 1.87776e+17	2.12e-03	9.98e-01	4.69e-11
 1.90284e+17	2.33e-03	9.98e-01	4.63e-11
 1.92553e+17	2.56e-03	9.97e-01	4.55e-11
 1.94595e+17	2.82e-03	9.97e-01	4.47e-11
 1.96425e+17	3.10e-03	9.97e-01	4.41e-11
 1.98064e+17	3.40e-03	9.97e-01	4.35e-11
 1.99537e+17	3.73e-03	9.96e-01	4.31e-11
 2.00865e+17	4.09e-03	9.96e-01	4.28e-11
 2.02064e+17	4.48e-03	9.96e-01	4.26e-11
 2.02961e+17	4.82e-03	9.95e-01	4.25e-11
 2.03529e+17	5.08e-03	9.95e-01	4.28e-11
 2.04080e+17	5.37e-03	9.95e-01	4.30e-11
 2.04795e+17	5.78e-03	9.94e-01	4.31e-11
 2.05500e+17	6.24e-03	9.94e-01	4.34e-11
 2.06012e+17	6.64e-03	9.93e-01	4.40e-11
 2.06417e+17	7.01e-03	9.93e-01	4.46e-11
 2.06863e+17	7.46e-03	9.93e-01	4.51e-11
 2.07348e+17	8.02e-03	9.92e-01	4.61e-11
 2.07769e+17	8.57e-03	9.91e-01	4.70e-11
 2.08121e+17	9.11e-03	9.91e-01	4.78e-11
 2.08499e+17	9.81e-03	9.90e-01	4.98e-11
 2.08894e+17	1.06e-02	9.89e-01	5.18e-11
 2.09218e+17	1.14e-02	9.89e-01	5.34e-11
 2.09489e+17	1.22e-02	9.88e-01	5.55e-11
 2.09786e+17	1.31e-02	9.87e-01	5.82e-11
 2.10103e+17	1.43e-02	9.86e-01	6.17e-11
 2.10373e+17	1.56e-02	9.84e-01	6.60e-11
 2.10603e+17	1.68e-02	9.83e-01	7.13e-11
 2.10857e+17	1.84e-02	9.82e-01	7.70e-11
 2.11128e+17	2.05e-02	9.80e-01	8.68e-11
 2.11362e+17	2.26e-02	9.77e-01	9.62e-11
 2.11568e+17	2.49e-02	9.75e-01	1.07e-10
 2.11796e+17	2.79e-02	9.72e-01	1.25e-10
 2.12046e+17	3.20e-02	9.68e-01	1.48e-10
 2.12270e+17	3.66e-02	9.63e-01	1.77e-10
 2.12472e+17	4.18e-02	9.58e-01	2.12e-10
 2.12670e+17	4.80e-02	9.52e-01	2.57e-10
 2.12860e+17	5.54e-02	9.45e-01	3.13e-10
 2.13034e+17	6.36e-02	9.36e-01	3.79e-10
 2.13190e+17	7.25e-02	9.27e-01	4.53e-10
 2.13334e+17	8.23e-02	9.18e-01	5.40e-10
 2.13469e+17	9.31e-02	9.07e-01	6.38e-10
 2.13590e+17	1.04e-01	8.96e-01	7.44e-10
 2.13697e+17	1.15e-01	8.85e-01	8.56e-10
 2.13791e+17	1.27e-01	8.73e-01	9.67e-10
 2.13878e+17	1.38e-01	8.62e-01	1.09e-09
 2.13960e+17	1.50e-01	8.50e-01	1.22e-09
 2.14036e+17	1.62e-01	8.38e-01	1.35e-09
 2.14107e+17	1.74e-01	8.26e-01	1.49e-09
 2.14162e+17	1.84e-01	8.16e-01	1.60e-09
 2.14199e+17	1.91e-01	8.09e-01	1.68e-09
 2.14234e+17	1.98e-01	8.02e-01	1.76e-09
 2.14274e+17	2.06e-01	7.94e-01	1.86e-09
 2.14316e+17	2.16e-01	7.84e-01	1.97e-09
 2.14357e+17	2.25e-01	7.75e-01	2.08e-09
 2.14397e+17	2.34e-01	7.66e-01	2.20e-09
 2.14436e+17	2.44e-01	7.56e-01	2.31e-09
 2.14475e+17	2.54e-01	7.46e-01	2.44e-09
 2.14514e+17	2.65e-01	7.35e-01	2.57e-09
 2.14553e+17	2.75e-01	7.25e-01	2.70e-09
 2.14591e+17	2.87e-01	7.13e-01	2.84e-09
 2.14629e+17	2.98e-01	7.02e-01	2.99e-09
 2.14667e+17	3.10e-01	6.90e-01	3.13e-09
 2.14705e+17	3.22e-01	6.78e-01	3.28e-09
 2.14742e+17	3.34e-01	6.66e-01	3.44e-09
 2.14779e+17	3.46e-01	6.54e-01	3.59e-09
 2.14815e+17	3.59e-01	6.41e-01	3.76e-09
 2.14852e+17	3.72e-01	6.28e-01	3.92e-09
 2.14888e+17	3.85e-01	6.15e-01	4.10e-09
 2.14924e+17	3.98e-01	6.02e-01	4.27e-09
 2.14960e+17	4.12e-01	5.88e-01	4.45e-09
 2.14995e+17	4.26e-01	5.74e-01	4.62e-09
 2.15030e+17	4.40e-01	5.60e-01	4.81e-09
 2.15065e+17	4.54e-01	5.46e-01	4.99e-09
 2.15099e+17	4.68e-01	5.32e-01	5.18e-09
 2.15133e+17	4.82e-01	5.18e-01	5.36e-09
 2.15167e+17	4.96e-01	5.04e-01	5.55e-09
 2.15201e+17	5.10e-01	4.90e-01	5.73e-09
 2.15234e+17	5.24e-01	4.76e-01	5.92e-09
 2.15267e+17	5.38e-01	4.62e-01	6.10e-09
 2.15299e+17	5.52e-01	4.48e-01	6.29e-09
 2.15330e+17	5.66e-01	4.34e-01	6.47e-09
 2.15361e+17	5.79e-01	4.21e-01	6.65e-09
 2.15392e+17	5.92e-01	4.08e-01	6.82e-09
 2.15422e+17	6.05e-01	3.95e-01	7.00e-09
 2.15452e+17	6.18e-01	3.82e-01	7.16e-09
 2.15481e+17	6.30e-01	3.70e-01	7.33e-09
 2.15510e+17	6.42e-01	3.58e-01	7.49e-09
 2.15538e+17	6.54e-01	3.46e-01	7.65e-09
 2.15567e+17	6.66e-01	3.34e-01	7.80e-09
 2.15594e+17	6.77e-01	3.23e-01	7.95e-09
 2.15622e+17	6.88e-01	3.12e-01	8.10e-09
 2.15649e+17	6.99e-01	3.01e-01	8.25e-09
 2.15676e+17	7.10e-01	2.90e-01	8.38e-09
 2.15702e+17	7.20e-01	2.80e-01	8.52e-09
 2.15729e+17	7.30e-01	2.70e-01	8.64e-09
 2.15755e+17	7.40e-01	2.60e-01	8.77e-09
 2.15781e+17	7.49e-01	2.51e-01	8.89e-09
 2.15806e+17	7.59e-01	2.41e-01	9.00e-09
 2.15831e+17	7.68e-01	2.32e-01	9.11e-09
 2.15856e+17	7.76e-01	2.24e-01	9.22e-09
 2.15881e+17	7.85e-01	2.15e-01	9.31e-09
 2.15906e+17	7.93e-01	2.07e-01	9.40e-09
 2.15930e+17	8.01e-01	1.99e-01	9.49e-09
 2.15955e+17	8.09e-01	1.91e-01	9.57e-09
 2.15979e+17	8.17e-01	1.83e-01	9.64e-09
 2.16002e+17	8.24e-01	1.76e-01	9.71e-09
 2.16026e+17	8.31e-01	1.69e-01	9.78e-09
 2.16050e+17	8.38e-01	1.62e-01	9.84e-09
 2.16073e+17	8.44e-01	1.56e-01	9.89e-09
 2.16097e+17	8.51e-01	1.49e-01	9.94e-09
 2.16120e+17	8.57e-01	1.43e-01	9.97e-09
 2.16143e+17	8.63e-01	1.37e-01	1.00e-08
 2.16166e+17	8.69e-01	1.31e-01	1.00e-08
 2.16188e+17	8.74e-01	1.26e-01	1.01e-08
 2.16211e+17	8.80e-01	1.20e-01	1.01e-08
 2.16233e+17	8.85e-01	1.15e-01	1.01e-08
 2.16256e+17	8.90e-01	1.10e-01	1.01e-08
 2.16278e+17	8.95e-01	1.05e-01	1.01e-08
 2.16300e+17	9.00e-01	1.00e-01	1.01e-08
 2.16323e+17	9.04e-01	9.58e-02	1.00e-08
 2.16344e+17	9.09e-01	9.15e-02	1.00e-08
 2.16366e+17	9.13e-01	8.73e-02	9.97e-09
 2.16388e+17	9.17e-01	8.32e-02	9.93e-09
 2.16410e+17	9.21e-01	7.93e-02	9.89e-09
 2.16432e+17	9.24e-01	7.56e-02	9.84e-09
 2.16453e+17	9.28e-01	7.20e-02	9.78e-09
 2.16475e+17	9.31e-01	6.86e-02	9.71e-09
 2.16496e+17	9.35e-01	6.53e-02	9.65e-09
 2.16517e+17	9.38e-01	6.21e-02	9.57e-09
 2.16539e+17	9.41e-01	5.91e-02	9.49e-09
 2.16560e+17	9.44e-01	5.62e-02	9.40e-09
 2.16581e+17	9.47e-01	5.34e-02	9.31e-09
 2.16602e+17	9.49e-01	5.07e-02	9.21e-09
 2.16623e+17	9.52e-01	4.81e-02	9.11e-09
 2.16644e+17	9.54e-01	4.57e-02	9.00e-09
 2.16665e+17	9.57e-01	4.33e-02	8.89e-09
 2.16686e+17	9.59e-01	4.11e-02	8.78e-09
 2.16707e+17	9.61e-01	3.90e-02	8.66e-09
 2.16727e+17	9.63e-01	3.69e-02	8.53e-09
 2.16748e+17	9.65e-01	3.50e-02	8.40e-09
 2.16769e+17	9.67e-01	3.31e-02	8.27e-09
 2.16790e+17	9.69e-01	3.13e-02	8.13e-09
 2.16810e+17	9.70e-01	2.96e-02	7.99e-09
 2.16831e+17	9.72e-01	2.80e-02	7.85e-09
 2.16852e+17	9.74e-01	2.65e-02	7.69e-09
 2.16872e+17	9.75e-01	2.50e-02	7.53e-09
 2.16893e+17	9.77e-01	2.35e-02	7.35e-09
 2.16914e+17	9.78e-01	2.20e-02	7.14e-09
 2.16935e+17	9.79e-01	2.06e-02	6.85e-09
 2.16961e+17	9.81e-01	1.89e-02	6.54e-09
 2.16989e+17	9.83e-01	1.73e-02	6.20e-09
 2.17016e+17	9.84e-01	1.59e-02	5.89e-09
 2.17042e+17	9.85e-01	1.46e-02	5.58e-09
 2.17070e+17	9.87e-01	1.33e-02	5.29e-09
 2.17097e+17	9.88e-01	1.22e-02	5.00e-09
 2.17125e+17	9.89e-01	1.12e-02	4.72e-09
 2.17153e+17	9.90e-01	1.02e-02	4.44e-09
 2.17182e+17	9.91e-01	9.24e-03	4.16e-09
 2.17212e+17	9.92e-01	8.36e-03	3.88e-09
 2.17243e+17	9.92e-01	7.53e-03	3.61e-09
 2.17275e+17	9.93e-01	6.77e-03	3.34e-09
 2.17309e+17	9.94e-01	6.05e-03	3.07e-09
 2.17344e+17	9.95e-01	5.38e-03	2.81e-09
 2.17380e+17	9.95e-01	4.75e-03	2.55e-09
 2.17419e+17	9.96e-01	4.17e-03	2.30e-09
 2.17460e+17	9.96e-01	3.63e-03	2.05e-09
 2.17503e+17	9.97e-01	3.13e-03	1.82e-09
 2.17547e+17	9.97e-01	2.70e-03	1.60e-09
 2.17592e+17	9.98e-01	2.32e-03	1.41e-09
 2.17637e+17	9.98e-01	1.99e-03	1.23e-09
 2.17683e+17	9.98e-01	1.70e-03	1.07e-09
 2.17731e+17	9.99e-01	1.44e-03	9.22e-10
 2.17780e+17	9.99e-01	1.22e-03	7.89e-10
 2.17831e+17	9.99e-01	1.02e-03	6.70e-10
 2.17885e+17	9.99e-01	8.51e-04	5.64e-10
 2.17941e+17	9.99e-01	7.00e-04	4.69e-10
 2.18001e+17	9.99e-01	5.68e-04	3.84e-10
 2.18066e+17	1.00e+00	4.54e-04	3.10e-10
 2.18138e+17	1.00e+00	3.55e-04	2.44e-10
 2.18217e+17	1.00e+00	2.69e-04	1.86e-10
 2.18302e+17	1.00e+00	2.01e-04	1.40e-10
 2.18387e+17	1.00e+00	1.50e-04	1.05e-10
 2.18472e+17	1.00e+00	1.13e-04	7.93e-11
 2.18558e+17	1.00e+00	8.44e-05	5.98e-11
 2.18643e+17	1.00e+00	6.35e-05	4.51e-11
 2.18728e+17	1.00e+00	4.79e-05	3.42e-11
 2.18814e+17	1.00e+00	3.63e-05	2.60e-11
 2.18899e+17	1.00e+00	2.77e-05	1.99e-11
 2.18984e+17	1.00e+00	2.12e-05	1.53e-11
 2.19077e+17	1.00e+00	1.60e-05	1.16e-11
 2.19177e+17	1.00e+00	1.21e-05	8.78e-12
 2.19277e+17	1.00e+00	9.29e-06	6.78e-12
 2.19377e+17	1.00e+00	7.31e-06	5.35e-12
 2.19477e+17	1.00e+00	5.91e-06	4.34e-12
 2.19578e+17	1.00e+00	4.92e-06	3.62e-12
 2.19678e+17	1.00e+00	4.21e-06	3.12e-12
 2.19778e+17	1.00e+00	3.71e-06	2.75e-12
 2.19878e+17	1.00e+00	3.36e-06	2.50e-12
 2.19978e+17	1.00e+00	3.11e-06	2.32e-12
 2.20078e+17	1.00e+00	2.93e-06	2.19e-12
 2.20178e+17	1.00e+00	2.80e-06	2.10e-12
 2.20279e+17	1.00e+00	2.71e-06	2.04e-12
 2.20379e+17	1.00e+00	2.65e-06	2.00e-12
 2.20479e+17	1.00e+00	2.60e-06	1.97e-12
 2.20579e+17	1.00e+00	2.57e-06	1.95e-12
 2.20679e+17	1.00e+00	2.55e-06	1.94e-12
 2.20779e+17	1.00e+00	2.54e-06	1.93e-12
 2.20879e+17	1.00e+00	2.53e-06	1.93e-12
 2.20980e+17	1.00e+00	2.52e-06	1.93e-12
 2.21080e+17	1.00e+00	2.52e-06	1.94e-12
 2.21180e+17	1.00e+00	2.52e-06	1.94e-12
 2.21280e+17	1.00e+00	2.51e-06	1.94e-12
 2.21380e+17	1.00e+00	2.52e-06	1.95e-12
 2.21480e+17	1.00e+00	2.52e-06	1.95e-12
 2.21580e+17	1.00e+00	2.52e-06	1.96e-12
 2.21681e+17	1.00e+00	2.52e-06	1.97e-12
 2.21781e+17	1.00e+00	2.52e-06	1.97e-12
 2.21881e+17	1.00e+00	2.52e-06	1.98e-12
 2.21981e+17	1.00e+00	2.53e-06	1.99e-12
 2.22081e+17	1.00e+00	2.53e-06	1.99e-12
 2.22181e+17	1.00e+00	2.53e-06	2.00e-12
 2.22281e+17	1.00e+00	2.53e-06	2.00e-12
 2.22381e+17	1.00e+00	2.54e-06	2.01e-12
 2.22482e+17	1.00e+00	2.54e-06	2.02e-12
 2.22582e+17	1.00e+00	2.54e-06	2.02e-12
 2.22682e+17	1.00e+00	2.54e-06	2.03e-12
 2.22782e+17	1.00e+00	2.55e-06	2.03e-12
 2.22882e+17	1.00e+00	2.55e-06	2.04e-12
 2.22982e+17	1.00e+00	2.55e-06	2.05e-12
 2.23082e+17	1.00e+00	2.55e-06	2.05e-12
 2.23182e+17	1.00e+00	2.56e-06	2.06e-12
 2.23283e+17	1.00e+00	2.56e-06	2.06e-12
 2.23383e+17	1.00e+00	2.56e-06	2.07e-12
 2.23483e+17	1.00e+00	2.56e-06	2.08e-12
 2.23583e+17	1.00e+00	2.57e-06	2.08e-12
 2.23683e+17	1.00e+00	2.57e-06	2.09e-12
 2.23783e+17	1.00e+00	2.57e-06	2.09e-12
 2.23883e+17	1.00e+00	2.57e-06	2.10e-12
 2.23983e+17	1.00e+00	2.57e-06	2.11e-12
 2.24083e+17	1.00e+00	2.58e-06	2.11e-12
 2.24184e+17	1.00e+00	2.58e-06	2.12e-12
 2.24284e+17	1.00e+00	2.58e-06	2.12e-12
 2.24384e+17	1.00e+00	2.58e-06	2.13e-12
 2.24484e+17	1.00e+00	2.58e-06	2.13e-12
 2.24584e+17	1.00e+00	2.59e-06	2.14e-12
 2.24684e+17	1.00e+00	2.59e-06	2.14e-12
 2.24784e+17	1.00e+00	2.59e-06	2.15e-12
 2.24884e+17	1.00e+00	2.59e-06	2.15e-12
 2.24985e+17	1.00e+00	2.60e-06	2.16e-12
 2.25085e+17	1.00e+00	2.60e-06	2.16e-12
 2.25185e+17	1.00e+00	2.60e-06	2.17e-12
 2.25285e+17	1.00e+00	2.60e-06	2.17e-12
 2.25385e+17	1.00e+00	2.60e-06	2.18e-12
 2.25485e+17	1.00e+00	2.60e-06	2.18e-12
 2.25585e+17	1.00e+00	2.61e-06	2.19e-12
 2.25685e+17	1.00e+00	2.61e-06	2.19e-12
 2.25785e+17	1.00e+00	2.61e-06	2.20e-12
 2.25886e+17	1.00e+00	2.61e-06	2.20e-12
 2.25986e+17	1.00e+00	2.62e-06	2.21e-12
 2.26086e+17	1.00e+00	2.62e-06	2.21e-12
 2.26186e+17	1.00e+00	2.62e-06	2.22e-12
 2.26286e+17	1.00e+00	2.62e-06	2.22e-12
 2.26386e+17	1.00e+00	2.62e-06	2.23e-12
 2.26486e+17	1.00e+00	2.62e-06	2.23e-12
 2.26586e+17	1.00e+00	2.63e-06	2.24e-12
 2.26686e+17	1.00e+00	2.63e-06	2.24e-12
 2.26787e+17	1.00e+00	2.63e-06	2.25e-12
 2.26887e+17	1.00e+00	2.63e-06	2.25e-12
 2.26987e+17	1.00e+00	2.63e-06	2.26e-12
 2.27087e+17	1.00e+00	2.64e-06	2.26e-12
 2.27187e+17	1.00e+00	2.64e-06	2.26e-12
 2.27287e+17	1.00e+00	2.64e-06	2.27e-12
 2.27387e+17	1.00e+00	2.64e-06	2.27e-12
 2.27487e+17	1.00e+00	2.64e-06	2.28e-12
 2.27587e+17	1.00e+00	2.64e-06	2.28e-12
 2.27688e+17	1.00e+00	2.64e-06	2.28e-12
 2.27788e+17	1.00e+00	2.65e-06	2.29e-12
 2.27903e+17	1.00e+00	2.65e-06	2.29e-12
 2.28052e+17	1.00e+00	2.65e-06	2.30e-12
 2.28247e+17	1.00e+00	2.66e-06	2.31e-12
 2.28500e+17	1.00e+00	2.66e-06	2.32e-12
 2.28829e+17	1.00e+00	2.67e-06	2.34e-12
 2.29256e+17	1.00e+00	2.67e-06	2.36e-12
 2.29812e+17	1.00e+00	2.68e-06	2.38e-12
 2.30534e+17	1.00e+00	2.69e-06	2.41e-12
 2.31473e+17	1.00e+00	2.71e-06	2.45e-12
 2.32694e+17	1.00e+00	2.73e-06	2.50e-12
 2.34281e+17	1.00e+00	2.75e-06	2.56e-12
 2.36344e+17	1.00e+00	2.77e-06	2.63e-12
 2.38854e+17	1.00e+00	2.80e-06	2.70e-12
 2.41616e+17	1.00e+00	2.82e-06	2.78e-12
 2.44556e+17	1.00e+00	2.85e-06	2.86e-12
 2.47739e+17	1.00e+00	2.88e-06	2.93e-12
 2.51199e+17	1.00e+00	2.90e-06	3.01e-12
 2.54907e+17	1.00e+00	2.93e-06	3.09e-12
 2.58850e+17	1.00e+00	2.96e-06	3.17e-12
 2.63049e+17	1.00e+00	2.99e-06	3.26e-12
 2.67519e+17	1.00e+00	3.01e-06	3.34e-12
 2.72258e+17	1.00e+00	3.04e-06	3.43e-12
 2.77255e+17	1.00e+00	3.07e-06	3.51e-12
 2.82506e+17	1.00e+00	3.11e-06	3.60e-12
 2.88015e+17	1.00e+00	3.14e-06	3.69e-12
 2.93781e+17	1.00e+00	3.17e-06	3.78e-12
 2.99795e+17	1.00e+00	3.21e-06	3.88e-12
 3.05996e+17	1.00e+00	3.25e-06	3.98e-12
 3.12383e+17	1.00e+00	3.29e-06	4.08e-12
 3.19028e+17	1.00e+00	3.34e-06	4.19e-12
 3.25886e+17	1.00e+00	3.39e-06	4.30e-12
 3.32973e+17	1.00e+00	3.44e-06	4.42e-12
 3.40223e+17	1.00e+00	3.50e-06	4.54e-12
 3.47448e+17	1.00e+00	3.56e-06	4.66e-12
 3.54800e+17	1.00e+00	3.63e-06	4.79e-12
 3.62532e+17	1.00e+00	3.70e-06	4.93e-12
 3.70522e+17	1.00e+00	3.78e-06	5.07e-12
 3.78547e+17	1.00e+00	3.85e-06	5.22e-12
 3.86721e+17	1.00e+00	3.93e-06	5.37e-12
 3.95262e+17	1.00e+00	4.01e-06	5.52e-12
 4.04089e+17	1.00e+00	4.10e-06	5.69e-12
 4.13005e+17	1.00e+00	4.19e-06	5.86e-12
