#depth	O	O+	O+2	O+3	O+4	O+5	O+6	O+7	O+8	O[1]	O[2]	O[3]
 6.49525e+11	1.68e-08	7.42e-04	9.11e-01	8.82e-02	2.93e-06	0.00e+00	0.00e+00	0.00e+00	0.00e+00	1.11e-08	4.03e-09	1.57e-09
 3.89715e+12	1.68e-08	7.41e-04	9.11e-01	8.79e-02	2.92e-06	0.00e+00	0.00e+00	0.00e+00	0.00e+00	1.11e-08	4.03e-09	1.57e-09
 1.68877e+13	1.68e-08	7.43e-04	9.12e-01	8.68e-02	2.86e-06	0.00e+00	0.00e+00	0.00e+00	0.00e+00	1.12e-08	4.04e-09	1.57e-09
 6.88497e+13	1.69e-08	7.46e-04	9.17e-01	8.26e-02	2.65e-06	0.00e+00	0.00e+00	0.00e+00	0.00e+00	1.12e-08	4.06e-09	1.58e-09
 1.64460e+14	1.70e-08	7.51e-04	9.22e-01	7.74e-02	2.38e-06	0.00e+00	0.00e+00	0.00e+00	0.00e+00	1.13e-08	4.09e-09	1.59e-09
 2.88753e+14	1.72e-08	7.57e-04	9.29e-01	7.07e-02	2.06e-06	0.00e+00	0.00e+00	0.00e+00	0.00e+00	1.14e-08	4.13e-09	1.60e-09
 4.50334e+14	1.74e-08	7.66e-04	9.37e-01	6.24e-02	1.69e-06	0.00e+00	0.00e+00	0.00e+00	0.00e+00	1.16e-08	4.18e-09	1.63e-09
 6.60390e+14	1.77e-08	7.77e-04	9.47e-01	5.24e-02	1.30e-06	0.00e+00	0.00e+00	0.00e+00	0.00e+00	1.18e-08	4.25e-09	1.65e-09
 9.33462e+14	1.80e-08	7.90e-04	9.58e-01	4.11e-02	8.97e-07	0.00e+00	0.00e+00	0.00e+00	0.00e+00	1.20e-08	4.32e-09	1.68e-09
 1.28846e+15	1.84e-08	8.04e-04	9.70e-01	2.93e-02	5.39e-07	0.00e+00	0.00e+00	0.00e+00	0.00e+00	1.23e-08	4.41e-09	1.72e-09
 1.74995e+15	1.89e-08	8.21e-04	9.81e-01	1.84e-02	2.68e-07	0.00e+00	0.00e+00	0.00e+00	0.00e+00	1.26e-08	4.52e-09	1.76e-09
 2.34989e+15	1.95e-08	8.39e-04	9.89e-01	9.83e-03	0.00e+00	0.00e+00	0.00e+00	0.00e+00	0.00e+00	1.30e-08	4.65e-09	1.82e-09
 3.12981e+15	2.03e-08	8.60e-04	9.95e-01	4.53e-03	0.00e+00	0.00e+00	0.00e+00	0.00e+00	0.00e+00	1.35e-08	4.82e-09	1.89e-09
 4.14371e+15	2.14e-08	8.87e-04	9.97e-01	1.99e-03	0.00e+00	0.00e+00	0.00e+00	0.00e+00	0.00e+00	1.42e-08	5.07e-09	1.99e-09
 5.46177e+15	2.29e-08	9.22e-04	9.98e-01	1.07e-03	0.00e+00	0.00e+00	0.00e+00	0.00e+00	0.00e+00	1.53e-08	5.42e-09	2.13e-09
 7.17526e+15	2.51e-08	9.70e-04	9.98e-01	7.87e-04	0.00e+00	0.00e+00	0.00e+00	0.00e+00	0.00e+00	1.68e-08	5.90e-09	2.33e-09
 9.30670e+15	2.80e-08	1.03e-03	9.98e-01	6.88e-04	0.00e+00	0.00e+00	0.00e+00	0.00e+00	0.00e+00	1.88e-08	6.55e-09	2.59e-09
 1.16791e+16	3.15e-08	1.10e-03	9.98e-01	6.27e-04	0.00e+00	0.00e+00	0.00e+00	0.00e+00	0.00e+00	2.12e-08	7.33e-09	2.91e-09
 1.41464e+16	3.55e-08	1.18e-03	9.98e-01	5.75e-04	0.00e+00	0.00e+00	0.00e+00	0.00e+00	0.00e+00	2.40e-08	8.22e-09	3.27e-09
 1.67124e+16	4.02e-08	1.26e-03	9.98e-01	5.28e-04	0.00e+00	0.00e+00	0.00e+00	0.00e+00	0.00e+00	2.71e-08	9.24e-09	3.69e-09
 1.89216e+16	4.45e-08	1.33e-03	9.98e-01	4.91e-04	0.00e+00	0.00e+00	0.00e+00	0.00e+00	0.00e+00	3.01e-08	1.02e-08	4.08e-09
 2.08137e+16	4.85e-08	1.40e-03	9.98e-01	4.63e-04	0.00e+00	0.00e+00	0.00e+00	0.00e+00	0.00e+00	3.28e-08	1.11e-08	4.45e-09
 2.28951e+16	5.33e-08	1.47e-03	9.98e-01	4.34e-04	0.00e+00	0.00e+00	0.00e+00	0.00e+00	0.00e+00	3.61e-08	1.21e-08	4.88e-09
 2.51846e+16	5.90e-08	1.56e-03	9.98e-01	4.05e-04	0.00e+00	0.00e+00	0.00e+00	0.00e+00	0.00e+00	4.01e-08	1.34e-08	5.40e-09
 2.77031e+16	6.59e-08	1.66e-03	9.98e-01	3.76e-04	0.00e+00	0.00e+00	0.00e+00	0.00e+00	0.00e+00	4.48e-08	1.49e-08	6.03e-09
 3.04734e+16	7.42e-08	1.77e-03	9.98e-01	3.47e-04	0.00e+00	0.00e+00	0.00e+00	0.00e+00	0.00e+00	5.05e-08	1.67e-08	6.79e-09
 3.35207e+16	8.45e-08	1.90e-03	9.98e-01	3.18e-04	0.00e+00	0.00e+00	0.00e+00	0.00e+00	0.00e+00	5.76e-08	1.90e-08	7.72e-09
 3.68194e+16	9.70e-08	2.05e-03	9.98e-01	2.91e-04	0.00e+00	0.00e+00	0.00e+00	0.00e+00	0.00e+00	6.62e-08	2.17e-08	8.86e-09
 4.02923e+16	1.12e-07	2.22e-03	9.98e-01	2.65e-04	0.00e+00	0.00e+00	0.00e+00	0.00e+00	0.00e+00	7.64e-08	2.49e-08	1.02e-08
 4.39041e+16	1.29e-07	2.40e-03	9.97e-01	2.42e-04	0.00e+00	0.00e+00	0.00e+00	0.00e+00	0.00e+00	8.84e-08	2.87e-08	1.18e-08
 4.76604e+16	1.50e-07	2.60e-03	9.97e-01	2.20e-04	0.00e+00	0.00e+00	0.00e+00	0.00e+00	0.00e+00	1.03e-07	3.32e-08	1.37e-08
 5.15670e+16	1.74e-07	2.82e-03	9.97e-01	2.00e-04	0.00e+00	0.00e+00	0.00e+00	0.00e+00	0.00e+00	1.20e-07	3.85e-08	1.59e-08
 5.56298e+16	2.04e-07	3.06e-03	9.97e-01	1.82e-04	0.00e+00	0.00e+00	0.00e+00	0.00e+00	0.00e+00	1.40e-07	4.49e-08	1.86e-08
 5.98551e+16	2.39e-07	3.33e-03	9.97e-01	1.65e-04	0.00e+00	0.00e+00	0.00e+00	0.00e+00	0.00e+00	1.64e-07	5.25e-08	2.18e-08
 6.42495e+16	2.81e-07	3.63e-03	9.96e-01	1.49e-04	0.00e+00	0.00e+00	0.00e+00	0.00e+00	0.00e+00	1.93e-07	6.16e-08	2.56e-08
 6.88196e+16	3.32e-07	3.97e-03	9.96e-01	1.35e-04	0.00e+00	0.00e+00	0.00e+00	0.00e+00	0.00e+00	2.28e-07	7.26e-08	3.03e-08
 7.35725e+16	3.94e-07	4.33e-03	9.96e-01	1.22e-04	0.00e+00	0.00e+00	0.00e+00	0.00e+00	0.00e+00	2.71e-07	8.60e-08	3.60e-08
 7.85155e+16	4.70e-07	4.75e-03	9.95e-01	1.10e-04	0.00e+00	0.00e+00	0.00e+00	0.00e+00	0.00e+00	3.24e-07	1.02e-07	4.29e-08
 8.36563e+16	5.63e-07	5.21e-03	9.95e-01	9.92e-05	0.00e+00	0.00e+00	0.00e+00	0.00e+00	0.00e+00	3.88e-07	1.22e-07	5.15e-08
 8.90027e+16	6.79e-07	5.73e-03	9.94e-01	8.92e-05	0.00e+00	0.00e+00	0.00e+00	0.00e+00	0.00e+00	4.68e-07	1.47e-07	6.22e-08
 9.45629e+16	8.25e-07	6.31e-03	9.94e-01	8.01e-05	0.00e+00	0.00e+00	0.00e+00	0.00e+00	0.00e+00	5.69e-07	1.79e-07	7.55e-08
 1.00346e+17	1.01e-06	6.97e-03	9.93e-01	7.18e-05	0.00e+00	0.00e+00	0.00e+00	0.00e+00	0.00e+00	6.96e-07	2.18e-07	9.25e-08
 1.06360e+17	1.24e-06	7.72e-03	9.92e-01	6.42e-05	0.00e+00	0.00e+00	0.00e+00	0.00e+00	0.00e+00	8.59e-07	2.69e-07	1.14e-07
 1.12614e+17	1.55e-06	8.58e-03	9.91e-01	5.73e-05	0.00e+00	0.00e+00	0.00e+00	0.00e+00	0.00e+00	1.07e-06	3.35e-07	1.42e-07
 1.19119e+17	1.96e-06	9.58e-03	9.90e-01	5.09e-05	0.00e+00	0.00e+00	0.00e+00	0.00e+00	0.00e+00	1.35e-06	4.22e-07	1.80e-07
 1.25884e+17	2.51e-06	1.07e-02	9.89e-01	4.50e-05	0.00e+00	0.00e+00	0.00e+00	0.00e+00	0.00e+00	1.73e-06	5.39e-07	2.31e-07
 1.32919e+17	3.27e-06	1.21e-02	9.88e-01	3.96e-05	0.00e+00	0.00e+00	0.00e+00	0.00e+00	0.00e+00	2.26e-06	7.03e-07	3.02e-07
 1.40236e+17	4.38e-06	1.38e-02	9.86e-01	3.45e-05	0.00e+00	0.00e+00	0.00e+00	0.00e+00	0.00e+00	3.03e-06	9.39e-07	4.04e-07
 1.47636e+17	5.98e-06	1.58e-02	9.84e-01	3.00e-05	0.00e+00	0.00e+00	0.00e+00	0.00e+00	0.00e+00	4.13e-06	1.28e-06	5.53e-07
 1.54575e+17	8.19e-06	1.81e-02	9.82e-01	2.61e-05	0.00e+00	0.00e+00	0.00e+00	0.00e+00	0.00e+00	5.67e-06	1.75e-06	7.59e-07
 1.60651e+17	1.11e-05	2.05e-02	9.79e-01	2.29e-05	0.00e+00	0.00e+00	0.00e+00	0.00e+00	0.00e+00	7.67e-06	2.37e-06	1.03e-06
 1.65923e+17	1.48e-05	2.31e-02	9.77e-01	2.02e-05	0.00e+00	0.00e+00	0.00e+00	0.00e+00	0.00e+00	1.02e-05	3.17e-06	1.38e-06
 1.70632e+17	1.97e-05	2.59e-02	9.74e-01	1.80e-05	0.00e+00	0.00e+00	0.00e+00	0.00e+00	0.00e+00	1.36e-05	4.20e-06	1.83e-06
 1.74932e+17	2.62e-05	2.91e-02	9.71e-01	1.59e-05	0.00e+00	0.00e+00	0.00e+00	0.00e+00	0.00e+00	1.81e-05	5.60e-06	2.44e-06
 1.78842e+17	3.50e-05	3.28e-02	9.67e-01	1.41e-05	0.00e+00	0.00e+00	0.00e+00	0.00e+00	0.00e+00	2.42e-05	7.47e-06	3.27e-06
 1.82340e+17	4.68e-05	3.69e-02	9.63e-01	1.24e-05	0.00e+00	0.00e+00	0.00e+00	0.00e+00	0.00e+00	3.23e-05	9.98e-06	4.38e-06
 1.85442e+17	6.24e-05	4.15e-02	9.58e-01	1.10e-05	0.00e+00	0.00e+00	0.00e+00	0.00e+00	0.00e+00	4.31e-05	1.33e-05	5.85e-06
 1.88206e+17	8.30e-05	4.67e-02	9.53e-01	9.72e-06	0.00e+00	0.00e+00	0.00e+00	0.00e+00	0.00e+00	5.74e-05	1.77e-05	7.80e-06
 1.90690e+17	1.11e-04	5.27e-02	9.47e-01	8.51e-06	0.00e+00	0.00e+00	0.00e+00	0.00e+00	0.00e+00	7.65e-05	2.36e-05	1.04e-05
 1.92932e+17	1.48e-04	5.96e-02	9.40e-01	7.44e-06	0.00e+00	0.00e+00	0.00e+00	0.00e+00	0.00e+00	1.02e-04	3.15e-05	1.40e-05
 1.94951e+17	1.98e-04	6.76e-02	9.32e-01	6.47e-06	0.00e+00	0.00e+00	0.00e+00	0.00e+00	0.00e+00	1.37e-04	4.22e-05	1.87e-05
 1.96764e+17	2.66e-04	7.67e-02	9.23e-01	5.59e-06	0.00e+00	0.00e+00	0.00e+00	0.00e+00	0.00e+00	1.84e-04	5.66e-05	2.52e-05
 1.98390e+17	3.57e-04	8.72e-02	9.12e-01	4.81e-06	0.00e+00	0.00e+00	0.00e+00	0.00e+00	0.00e+00	2.47e-04	7.60e-05	3.39e-05
 1.99852e+17	4.79e-04	9.93e-02	9.00e-01	4.13e-06	0.00e+00	0.00e+00	0.00e+00	0.00e+00	0.00e+00	3.31e-04	1.02e-04	4.55e-05
 2.01170e+17	6.44e-04	1.13e-01	8.86e-01	3.51e-06	0.00e+00	0.00e+00	0.00e+00	0.00e+00	0.00e+00	4.45e-04	1.37e-04	6.13e-05
 2.02361e+17	8.67e-04	1.29e-01	8.70e-01	2.96e-06	0.00e+00	0.00e+00	0.00e+00	0.00e+00	0.00e+00	5.99e-04	1.84e-04	8.27e-05
 2.03252e+17	1.10e-03	1.44e-01	8.55e-01	2.57e-06	0.00e+00	0.00e+00	0.00e+00	0.00e+00	0.00e+00	7.63e-04	2.35e-04	1.06e-04
 2.03817e+17	1.31e-03	1.55e-01	8.43e-01	2.31e-06	0.00e+00	0.00e+00	0.00e+00	0.00e+00	0.00e+00	9.03e-04	2.78e-04	1.25e-04
 2.04365e+17	1.56e-03	1.68e-01	8.31e-01	2.07e-06	0.00e+00	0.00e+00	0.00e+00	0.00e+00	0.00e+00	1.07e-03	3.31e-04	1.49e-04
 2.05078e+17	1.97e-03	1.87e-01	8.11e-01	1.78e-06	0.00e+00	0.00e+00	0.00e+00	0.00e+00	0.00e+00	1.36e-03	4.20e-04	1.89e-04
 2.05779e+17	2.54e-03	2.09e-01	7.89e-01	1.50e-06	0.00e+00	0.00e+00	0.00e+00	0.00e+00	0.00e+00	1.75e-03	5.39e-04	2.44e-04
 2.06288e+17	3.09e-03	2.28e-01	7.69e-01	1.31e-06	0.00e+00	0.00e+00	0.00e+00	0.00e+00	0.00e+00	2.13e-03	6.55e-04	2.97e-04
 2.06692e+17	3.65e-03	2.45e-01	7.51e-01	1.16e-06	0.00e+00	0.00e+00	0.00e+00	0.00e+00	0.00e+00	2.52e-03	7.74e-04	3.51e-04
 2.07138e+17	4.43e-03	2.67e-01	7.29e-01	9.99e-07	0.00e+00	0.00e+00	0.00e+00	0.00e+00	0.00e+00	3.06e-03	9.41e-04	4.27e-04
 2.07623e+17	5.54e-03	2.94e-01	7.01e-01	8.34e-07	0.00e+00	0.00e+00	0.00e+00	0.00e+00	0.00e+00	3.83e-03	1.18e-03	5.34e-04
 2.08043e+17	6.80e-03	3.20e-01	6.73e-01	7.06e-07	0.00e+00	0.00e+00	0.00e+00	0.00e+00	0.00e+00	4.70e-03	1.44e-03	6.56e-04
 2.08394e+17	8.16e-03	3.46e-01	6.46e-01	6.01e-07	0.00e+00	0.00e+00	0.00e+00	0.00e+00	0.00e+00	5.63e-03	1.73e-03	7.88e-04
 2.08771e+17	1.01e-02	3.77e-01	6.13e-01	4.96e-07	0.00e+00	0.00e+00	0.00e+00	0.00e+00	0.00e+00	6.95e-03	2.13e-03	9.73e-04
 2.09167e+17	1.27e-02	4.12e-01	5.75e-01	3.97e-07	0.00e+00	0.00e+00	0.00e+00	0.00e+00	0.00e+00	8.74e-03	2.67e-03	1.22e-03
 2.09491e+17	1.54e-02	4.44e-01	5.40e-01	3.25e-07	0.00e+00	0.00e+00	0.00e+00	0.00e+00	0.00e+00	1.07e-02	3.26e-03	1.49e-03
 2.09763e+17	1.84e-02	4.74e-01	5.08e-01	2.68e-07	0.00e+00	0.00e+00	0.00e+00	0.00e+00	0.00e+00	1.27e-02	3.87e-03	1.78e-03
 2.10061e+17	2.25e-02	5.09e-01	4.68e-01	2.11e-07	0.00e+00	0.00e+00	0.00e+00	0.00e+00	0.00e+00	1.56e-02	4.74e-03	2.18e-03
 2.10381e+17	2.81e-02	5.48e-01	4.24e-01	1.59e-07	0.00e+00	0.00e+00	0.00e+00	0.00e+00	0.00e+00	1.94e-02	5.90e-03	2.72e-03
 2.10652e+17	3.42e-02	5.83e-01	3.83e-01	1.23e-07	0.00e+00	0.00e+00	0.00e+00	0.00e+00	0.00e+00	2.37e-02	7.18e-03	3.32e-03
 2.10884e+17	4.08e-02	6.13e-01	3.47e-01	0.00e+00	0.00e+00	0.00e+00	0.00e+00	0.00e+00	0.00e+00	2.82e-02	8.54e-03	3.96e-03
 2.11139e+17	4.99e-02	6.46e-01	3.04e-01	0.00e+00	0.00e+00	0.00e+00	0.00e+00	0.00e+00	0.00e+00	3.46e-02	1.04e-02	4.84e-03
 2.11412e+17	6.18e-02	6.78e-01	2.60e-01	0.00e+00	0.00e+00	0.00e+00	0.00e+00	0.00e+00	0.00e+00	4.29e-02	1.29e-02	6.00e-03
 2.11648e+17	7.50e-02	7.03e-01	2.22e-01	0.00e+00	0.00e+00	0.00e+00	0.00e+00	0.00e+00	0.00e+00	5.21e-02	1.56e-02	7.29e-03
 2.11857e+17	8.94e-02	7.22e-01	1.88e-01	0.00e+00	0.00e+00	0.00e+00	0.00e+00	0.00e+00	0.00e+00	6.22e-02	1.85e-02	8.68e-03
 2.12088e+17	1.08e-01	7.38e-01	1.54e-01	0.00e+00	0.00e+00	0.00e+00	0.00e+00	0.00e+00	0.00e+00	7.56e-02	2.23e-02	1.05e-02
 2.12342e+17	1.34e-01	7.47e-01	1.19e-01	0.00e+00	0.00e+00	0.00e+00	0.00e+00	0.00e+00	0.00e+00	9.35e-02	2.73e-02	1.30e-02
 2.12569e+17	1.62e-01	7.46e-01	9.21e-02	0.00e+00	0.00e+00	0.00e+00	0.00e+00	0.00e+00	0.00e+00	1.13e-01	3.27e-02	1.56e-02
 2.12775e+17	1.92e-01	7.38e-01	7.06e-02	0.00e+00	0.00e+00	0.00e+00	0.00e+00	0.00e+00	0.00e+00	1.35e-01	3.84e-02	1.85e-02
 2.12970e+17	2.24e-01	7.23e-01	5.36e-02	0.00e+00	0.00e+00	0.00e+00	0.00e+00	0.00e+00	0.00e+00	1.58e-01	4.44e-02	2.16e-02
 2.13155e+17	2.59e-01	7.01e-01	4.00e-02	0.00e+00	0.00e+00	0.00e+00	0.00e+00	0.00e+00	0.00e+00	1.83e-01	5.08e-02	2.49e-02
 2.13351e+17	3.01e-01	6.71e-01	2.86e-02	0.00e+00	0.00e+00	0.00e+00	0.00e+00	0.00e+00	0.00e+00	2.14e-01	5.80e-02	2.87e-02
 2.13547e+17	3.46e-01	6.34e-01	1.98e-02	0.00e+00	0.00e+00	0.00e+00	0.00e+00	0.00e+00	0.00e+00	2.48e-01	6.56e-02	3.29e-02
 2.13707e+17	3.87e-01	5.99e-01	1.43e-02	0.00e+00	0.00e+00	0.00e+00	0.00e+00	0.00e+00	0.00e+00	2.78e-01	7.20e-02	3.65e-02
 2.13831e+17	4.20e-01	5.69e-01	1.09e-02	0.00e+00	0.00e+00	0.00e+00	0.00e+00	0.00e+00	0.00e+00	3.04e-01	7.70e-02	3.94e-02
 2.13935e+17	4.49e-01	5.42e-01	8.57e-03	0.00e+00	0.00e+00	0.00e+00	0.00e+00	0.00e+00	0.00e+00	3.26e-01	8.11e-02	4.19e-02
 2.14033e+17	4.77e-01	5.16e-01	6.76e-03	0.00e+00	0.00e+00	0.00e+00	0.00e+00	0.00e+00	0.00e+00	3.48e-01	8.49e-02	4.43e-02
 2.14126e+17	5.05e-01	4.90e-01	5.34e-03	0.00e+00	0.00e+00	0.00e+00	0.00e+00	0.00e+00	0.00e+00	3.70e-01	8.83e-02	4.65e-02
 2.14214e+17	5.31e-01	4.65e-01	4.25e-03	0.00e+00	0.00e+00	0.00e+00	0.00e+00	0.00e+00	0.00e+00	3.91e-01	9.13e-02	4.85e-02
 2.14294e+17	5.55e-01	4.42e-01	3.43e-03	0.00e+00	0.00e+00	0.00e+00	0.00e+00	0.00e+00	0.00e+00	4.10e-01	9.39e-02	5.04e-02
 2.14367e+17	5.76e-01	4.21e-01	2.80e-03	0.00e+00	0.00e+00	0.00e+00	0.00e+00	0.00e+00	0.00e+00	4.28e-01	9.61e-02	5.20e-02
 2.14436e+17	5.97e-01	4.01e-01	2.29e-03	0.00e+00	0.00e+00	0.00e+00	0.00e+00	0.00e+00	0.00e+00	4.46e-01	9.80e-02	5.35e-02
 2.14491e+17	6.13e-01	3.85e-01	1.96e-03	0.00e+00	0.00e+00	0.00e+00	0.00e+00	0.00e+00	0.00e+00	4.59e-01	9.93e-02	5.45e-02
 2.14529e+17	6.24e-01	3.74e-01	1.76e-03	0.00e+00	0.00e+00	0.00e+00	0.00e+00	0.00e+00	0.00e+00	4.68e-01	1.00e-01	5.53e-02
 2.14565e+17	6.35e-01	3.64e-01	1.57e-03	0.00e+00	0.00e+00	0.00e+00	0.00e+00	0.00e+00	0.00e+00	4.78e-01	1.01e-01	5.60e-02
 2.14604e+17	6.46e-01	3.52e-01	1.39e-03	0.00e+00	0.00e+00	0.00e+00	0.00e+00	0.00e+00	0.00e+00	4.88e-01	1.02e-01	5.67e-02
 2.14647e+17	6.59e-01	3.40e-01	1.22e-03	0.00e+00	0.00e+00	0.00e+00	0.00e+00	0.00e+00	0.00e+00	4.99e-01	1.02e-01	5.75e-02
 2.14689e+17	6.71e-01	3.28e-01	1.06e-03	0.00e+00	0.00e+00	0.00e+00	0.00e+00	0.00e+00	0.00e+00	5.09e-01	1.03e-01	5.82e-02
 2.14728e+17	6.82e-01	3.17e-01	9.37e-04	0.00e+00	0.00e+00	0.00e+00	0.00e+00	0.00e+00	0.00e+00	5.19e-01	1.04e-01	5.88e-02
 2.14767e+17	6.93e-01	3.06e-01	8.23e-04	0.00e+00	0.00e+00	0.00e+00	0.00e+00	0.00e+00	0.00e+00	5.30e-01	1.04e-01	5.94e-02
 2.14807e+17	7.04e-01	2.95e-01	7.22e-04	0.00e+00	0.00e+00	0.00e+00	0.00e+00	0.00e+00	0.00e+00	5.39e-01	1.05e-01	6.00e-02
 2.14846e+17	7.15e-01	2.84e-01	6.31e-04	0.00e+00	0.00e+00	0.00e+00	0.00e+00	0.00e+00	0.00e+00	5.50e-01	1.05e-01	6.05e-02
 2.14885e+17	7.25e-01	2.74e-01	5.53e-04	0.00e+00	0.00e+00	0.00e+00	0.00e+00	0.00e+00	0.00e+00	5.59e-01	1.05e-01	6.10e-02
 2.14923e+17	7.36e-01	2.64e-01	4.84e-04	0.00e+00	0.00e+00	0.00e+00	0.00e+00	0.00e+00	0.00e+00	5.69e-01	1.05e-01	6.14e-02
 2.14962e+17	7.46e-01	2.54e-01	4.23e-04	0.00e+00	0.00e+00	0.00e+00	0.00e+00	0.00e+00	0.00e+00	5.78e-01	1.05e-01	6.18e-02
 2.15000e+17	7.56e-01	2.44e-01	3.69e-04	0.00e+00	0.00e+00	0.00e+00	0.00e+00	0.00e+00	0.00e+00	5.88e-01	1.05e-01	6.22e-02
 2.15037e+17	7.65e-01	2.35e-01	3.22e-04	0.00e+00	0.00e+00	0.00e+00	0.00e+00	0.00e+00	0.00e+00	5.97e-01	1.05e-01	6.25e-02
 2.15075e+17	7.74e-01	2.26e-01	2.80e-04	0.00e+00	0.00e+00	0.00e+00	0.00e+00	0.00e+00	0.00e+00	6.06e-01	1.05e-01	6.27e-02
 2.15112e+17	7.83e-01	2.17e-01	2.44e-04	0.00e+00	0.00e+00	0.00e+00	0.00e+00	0.00e+00	0.00e+00	6.15e-01	1.05e-01	6.30e-02
 2.15149e+17	7.92e-01	2.08e-01	2.12e-04	0.00e+00	0.00e+00	0.00e+00	0.00e+00	0.00e+00	0.00e+00	6.24e-01	1.05e-01	6.32e-02
 2.15185e+17	8.00e-01	2.00e-01	1.85e-04	0.00e+00	0.00e+00	0.00e+00	0.00e+00	0.00e+00	0.00e+00	6.32e-01	1.04e-01	6.33e-02
 2.15222e+17	8.08e-01	1.91e-01	1.61e-04	0.00e+00	0.00e+00	0.00e+00	0.00e+00	0.00e+00	0.00e+00	6.41e-01	1.04e-01	6.34e-02
 2.15258e+17	8.16e-01	1.84e-01	1.40e-04	0.00e+00	0.00e+00	0.00e+00	0.00e+00	0.00e+00	0.00e+00	6.49e-01	1.04e-01	6.35e-02
 2.15294e+17	8.24e-01	1.76e-01	1.21e-04	0.00e+00	0.00e+00	0.00e+00	0.00e+00	0.00e+00	0.00e+00	6.57e-01	1.03e-01	6.35e-02
 2.15329e+17	8.31e-01	1.69e-01	1.05e-04	0.00e+00	0.00e+00	0.00e+00	0.00e+00	0.00e+00	0.00e+00	6.65e-01	1.02e-01	6.35e-02
 2.15365e+17	8.39e-01	1.61e-01	9.11e-05	0.00e+00	0.00e+00	0.00e+00	0.00e+00	0.00e+00	0.00e+00	6.73e-01	1.02e-01	6.35e-02
 2.15400e+17	8.45e-01	1.55e-01	7.90e-05	0.00e+00	0.00e+00	0.00e+00	0.00e+00	0.00e+00	0.00e+00	6.81e-01	1.01e-01	6.34e-02
 2.15435e+17	8.52e-01	1.48e-01	6.83e-05	0.00e+00	0.00e+00	0.00e+00	0.00e+00	0.00e+00	0.00e+00	6.88e-01	1.01e-01	6.33e-02
 2.15469e+17	8.58e-01	1.42e-01	5.92e-05	0.00e+00	0.00e+00	0.00e+00	0.00e+00	0.00e+00	0.00e+00	6.95e-01	1.00e-01	6.32e-02
 2.15503e+17	8.65e-01	1.35e-01	5.13e-05	0.00e+00	0.00e+00	0.00e+00	0.00e+00	0.00e+00	0.00e+00	7.02e-01	9.93e-02	6.31e-02
 2.15536e+17	8.70e-01	1.30e-01	4.45e-05	0.00e+00	0.00e+00	0.00e+00	0.00e+00	0.00e+00	0.00e+00	7.09e-01	9.87e-02	6.29e-02
 2.15569e+17	8.76e-01	1.24e-01	3.86e-05	0.00e+00	0.00e+00	0.00e+00	0.00e+00	0.00e+00	0.00e+00	7.15e-01	9.80e-02	6.28e-02
 2.15602e+17	8.81e-01	1.19e-01	3.35e-05	0.00e+00	0.00e+00	0.00e+00	0.00e+00	0.00e+00	0.00e+00	7.21e-01	9.73e-02	6.26e-02
 2.15634e+17	8.87e-01	1.13e-01	2.91e-05	0.00e+00	0.00e+00	0.00e+00	0.00e+00	0.00e+00	0.00e+00	7.28e-01	9.65e-02	6.24e-02
 2.15666e+17	8.91e-01	1.09e-01	2.53e-05	0.00e+00	0.00e+00	0.00e+00	0.00e+00	0.00e+00	0.00e+00	7.33e-01	9.58e-02	6.22e-02
 2.15697e+17	8.96e-01	1.04e-01	2.20e-05	0.00e+00	0.00e+00	0.00e+00	0.00e+00	0.00e+00	0.00e+00	7.39e-01	9.51e-02	6.19e-02
 2.15728e+17	9.00e-01	9.96e-02	1.92e-05	0.00e+00	0.00e+00	0.00e+00	0.00e+00	0.00e+00	0.00e+00	7.44e-01	9.45e-02	6.17e-02
 2.15758e+17	9.05e-01	9.54e-02	1.67e-05	0.00e+00	0.00e+00	0.00e+00	0.00e+00	0.00e+00	0.00e+00	7.49e-01	9.38e-02	6.15e-02
 2.15788e+17	9.09e-01	9.14e-02	1.46e-05	0.00e+00	0.00e+00	0.00e+00	0.00e+00	0.00e+00	0.00e+00	7.54e-01	9.31e-02	6.12e-02
 2.15817e+17	9.13e-01	8.75e-02	1.28e-05	0.00e+00	0.00e+00	0.00e+00	0.00e+00	0.00e+00	0.00e+00	7.59e-01	9.24e-02	6.10e-02
 2.15847e+17	9.16e-01	8.38e-02	1.12e-05	0.00e+00	0.00e+00	0.00e+00	0.00e+00	0.00e+00	0.00e+00	7.64e-01	9.17e-02	6.07e-02
 2.15875e+17	9.20e-01	8.03e-02	9.76e-06	0.00e+00	0.00e+00	0.00e+00	0.00e+00	0.00e+00	0.00e+00	7.68e-01	9.11e-02	6.05e-02
 2.15904e+17	9.23e-01	7.71e-02	8.55e-06	0.00e+00	0.00e+00	0.00e+00	0.00e+00	0.00e+00	0.00e+00	7.72e-01	9.05e-02	6.02e-02
 2.15931e+17	9.26e-01	7.39e-02	7.50e-06	0.00e+00	0.00e+00	0.00e+00	0.00e+00	0.00e+00	0.00e+00	7.76e-01	8.98e-02	6.00e-02
 2.15959e+17	9.29e-01	7.09e-02	6.58e-06	0.00e+00	0.00e+00	0.00e+00	0.00e+00	0.00e+00	0.00e+00	7.80e-01	8.92e-02	5.97e-02
 2.15987e+17	9.32e-01	6.79e-02	5.77e-06	0.00e+00	0.00e+00	0.00e+00	0.00e+00	0.00e+00	0.00e+00	7.84e-01	8.86e-02	5.95e-02
 2.16014e+17	9.35e-01	6.51e-02	5.07e-06	0.00e+00	0.00e+00	0.00e+00	0.00e+00	0.00e+00	0.00e+00	7.88e-01	8.80e-02	5.92e-02
 2.16041e+17	9.38e-01	6.25e-02	4.45e-06	0.00e+00	0.00e+00	0.00e+00	0.00e+00	0.00e+00	0.00e+00	7.91e-01	8.74e-02	5.90e-02
 2.16067e+17	9.40e-01	6.00e-02	3.92e-06	0.00e+00	0.00e+00	0.00e+00	0.00e+00	0.00e+00	0.00e+00	7.94e-01	8.69e-02	5.87e-02
 2.16093e+17	9.42e-01	5.76e-02	3.45e-06	0.00e+00	0.00e+00	0.00e+00	0.00e+00	0.00e+00	0.00e+00	7.98e-01	8.63e-02	5.85e-02
 2.16119e+17	9.45e-01	5.53e-02	3.04e-06	0.00e+00	0.00e+00	0.00e+00	0.00e+00	0.00e+00	0.00e+00	8.01e-01	8.58e-02	5.82e-02
 2.16145e+17	9.47e-01	5.30e-02	2.68e-06	0.00e+00	0.00e+00	0.00e+00	0.00e+00	0.00e+00	0.00e+00	8.04e-01	8.53e-02	5.80e-02
 2.16171e+17	9.49e-01	5.09e-02	2.36e-06	0.00e+00	0.00e+00	0.00e+00	0.00e+00	0.00e+00	0.00e+00	8.07e-01	8.48e-02	5.77e-02
 2.16196e+17	9.51e-01	4.89e-02	2.08e-06	0.00e+00	0.00e+00	0.00e+00	0.00e+00	0.00e+00	0.00e+00	8.09e-01	8.43e-02	5.75e-02
 2.16221e+17	9.53e-01	4.70e-02	1.84e-06	0.00e+00	0.00e+00	0.00e+00	0.00e+00	0.00e+00	0.00e+00	8.12e-01	8.38e-02	5.73e-02
 2.16246e+17	9.55e-01	4.51e-02	1.62e-06	0.00e+00	0.00e+00	0.00e+00	0.00e+00	0.00e+00	0.00e+00	8.14e-01	8.34e-02	5.71e-02
 2.16271e+17	9.57e-01	4.34e-02	1.43e-06	0.00e+00	0.00e+00	0.00e+00	0.00e+00	0.00e+00	0.00e+00	8.17e-01	8.29e-02	5.69e-02
 2.16295e+17	9.58e-01	4.17e-02	1.27e-06	0.00e+00	0.00e+00	0.00e+00	0.00e+00	0.00e+00	0.00e+00	8.19e-01	8.25e-02	5.66e-02
 2.16320e+17	9.60e-01	4.01e-02	1.12e-06	0.00e+00	0.00e+00	0.00e+00	0.00e+00	0.00e+00	0.00e+00	8.21e-01	8.21e-02	5.64e-02
 2.16344e+17	9.61e-01	3.85e-02	9.93e-07	0.00e+00	0.00e+00	0.00e+00	0.00e+00	0.00e+00	0.00e+00	8.24e-01	8.17e-02	5.62e-02
 2.16368e+17	9.63e-01	3.70e-02	8.79e-07	0.00e+00	0.00e+00	0.00e+00	0.00e+00	0.00e+00	0.00e+00	8.26e-01	8.13e-02	5.60e-02
 2.16392e+17	9.64e-01	3.56e-02	7.79e-07	0.00e+00	0.00e+00	0.00e+00	0.00e+00	0.00e+00	0.00e+00	8.28e-01	8.09e-02	5.58e-02
 2.16415e+17	9.66e-01	3.42e-02	6.90e-07	0.00e+00	0.00e+00	0.00e+00	0.00e+00	0.00e+00	0.00e+00	8.30e-01	8.05e-02	5.57e-02
 2.16439e+17	9.67e-01	3.29e-02	6.12e-07	0.00e+00	0.00e+00	0.00e+00	0.00e+00	0.00e+00	0.00e+00	8.31e-01	8.02e-02	5.55e-02
 2.16462e+17	9.68e-01	3.17e-02	5.43e-07	0.00e+00	0.00e+00	0.00e+00	0.00e+00	0.00e+00	0.00e+00	8.33e-01	7.98e-02	5.53e-02
 2.16486e+17	9.70e-01	3.05e-02	4.82e-07	0.00e+00	0.00e+00	0.00e+00	0.00e+00	0.00e+00	0.00e+00	8.35e-01	7.95e-02	5.51e-02
 2.16509e+17	9.71e-01	2.93e-02	4.28e-07	0.00e+00	0.00e+00	0.00e+00	0.00e+00	0.00e+00	0.00e+00	8.36e-01	7.92e-02	5.50e-02
 2.16532e+17	9.72e-01	2.82e-02	3.80e-07	0.00e+00	0.00e+00	0.00e+00	0.00e+00	0.00e+00	0.00e+00	8.38e-01	7.89e-02	5.48e-02
 2.16555e+17	9.73e-01	2.72e-02	3.38e-07	0.00e+00	0.00e+00	0.00e+00	0.00e+00	0.00e+00	0.00e+00	8.40e-01	7.86e-02	5.46e-02
 2.16578e+17	9.74e-01	2.62e-02	3.00e-07	0.00e+00	0.00e+00	0.00e+00	0.00e+00	0.00e+00	0.00e+00	8.41e-01	7.83e-02	5.45e-02
 2.16600e+17	9.75e-01	2.52e-02	2.67e-07	0.00e+00	0.00e+00	0.00e+00	0.00e+00	0.00e+00	0.00e+00	8.42e-01	7.80e-02	5.43e-02
 2.16623e+17	9.76e-01	2.43e-02	2.38e-07	0.00e+00	0.00e+00	0.00e+00	0.00e+00	0.00e+00	0.00e+00	8.44e-01	7.77e-02	5.42e-02
 2.16645e+17	9.77e-01	2.34e-02	2.12e-07	0.00e+00	0.00e+00	0.00e+00	0.00e+00	0.00e+00	0.00e+00	8.45e-01	7.75e-02	5.40e-02
 2.16668e+17	9.77e-01	2.25e-02	1.88e-07	0.00e+00	0.00e+00	0.00e+00	0.00e+00	0.00e+00	0.00e+00	8.46e-01	7.72e-02	5.39e-02
 2.16690e+17	9.78e-01	2.17e-02	1.68e-07	0.00e+00	0.00e+00	0.00e+00	0.00e+00	0.00e+00	0.00e+00	8.48e-01	7.70e-02	5.38e-02
 2.16712e+17	9.79e-01	2.09e-02	1.50e-07	0.00e+00	0.00e+00	0.00e+00	0.00e+00	0.00e+00	0.00e+00	8.49e-01	7.67e-02	5.36e-02
 2.16735e+17	9.80e-01	2.01e-02	1.33e-07	0.00e+00	0.00e+00	0.00e+00	0.00e+00	0.00e+00	0.00e+00	8.50e-01	7.65e-02	5.35e-02
 2.16756e+17	9.81e-01	1.94e-02	1.19e-07	0.00e+00	0.00e+00	0.00e+00	0.00e+00	0.00e+00	0.00e+00	8.51e-01	7.63e-02	5.34e-02
 2.16778e+17	9.81e-01	1.87e-02	1.06e-07	0.00e+00	0.00e+00	0.00e+00	0.00e+00	0.00e+00	0.00e+00	8.52e-01	7.61e-02	5.33e-02
 2.16800e+17	9.82e-01	1.80e-02	9.46e-08	0.00e+00	0.00e+00	0.00e+00	0.00e+00	0.00e+00	0.00e+00	8.53e-01	7.59e-02	5.32e-02
 2.16822e+17	9.83e-01	1.74e-02	8.44e-08	0.00e+00	0.00e+00	0.00e+00	0.00e+00	0.00e+00	0.00e+00	8.54e-01	7.57e-02	5.30e-02
 2.16844e+17	9.83e-01	1.68e-02	7.54e-08	0.00e+00	0.00e+00	0.00e+00	0.00e+00	0.00e+00	0.00e+00	8.55e-01	7.55e-02	5.29e-02
 2.16866e+17	9.84e-01	1.62e-02	6.73e-08	0.00e+00	0.00e+00	0.00e+00	0.00e+00	0.00e+00	0.00e+00	8.56e-01	7.53e-02	5.28e-02
 2.16887e+17	9.84e-01	1.56e-02	6.02e-08	0.00e+00	0.00e+00	0.00e+00	0.00e+00	0.00e+00	0.00e+00	8.57e-01	7.51e-02	5.27e-02
 2.16909e+17	9.85e-01	1.50e-02	5.38e-08	0.00e+00	0.00e+00	0.00e+00	0.00e+00	0.00e+00	0.00e+00	8.57e-01	7.50e-02	5.26e-02
 2.16930e+17	9.86e-01	1.45e-02	4.80e-08	0.00e+00	0.00e+00	0.00e+00	0.00e+00	0.00e+00	0.00e+00	8.58e-01	7.48e-02	5.25e-02
 2.16952e+17	9.86e-01	1.40e-02	4.29e-08	0.00e+00	0.00e+00	0.00e+00	0.00e+00	0.00e+00	0.00e+00	8.59e-01	7.46e-02	5.25e-02
 2.16973e+17	9.87e-01	1.35e-02	3.84e-08	0.00e+00	0.00e+00	0.00e+00	0.00e+00	0.00e+00	0.00e+00	8.60e-01	7.45e-02	5.24e-02
 2.16994e+17	9.87e-01	1.30e-02	3.43e-08	0.00e+00	0.00e+00	0.00e+00	0.00e+00	0.00e+00	0.00e+00	8.60e-01	7.43e-02	5.23e-02
 2.17015e+17	9.87e-01	1.25e-02	3.07e-08	0.00e+00	0.00e+00	0.00e+00	0.00e+00	0.00e+00	0.00e+00	8.61e-01	7.42e-02	5.22e-02
 2.17037e+17	9.88e-01	1.21e-02	2.75e-08	0.00e+00	0.00e+00	0.00e+00	0.00e+00	0.00e+00	0.00e+00	8.62e-01	7.40e-02	5.21e-02
 2.17058e+17	9.88e-01	1.17e-02	2.46e-08	0.00e+00	0.00e+00	0.00e+00	0.00e+00	0.00e+00	0.00e+00	8.62e-01	7.39e-02	5.20e-02
 2.17079e+17	9.89e-01	1.13e-02	2.20e-08	0.00e+00	0.00e+00	0.00e+00	0.00e+00	0.00e+00	0.00e+00	8.63e-01	7.38e-02	5.20e-02
 2.17100e+17	9.89e-01	1.09e-02	1.97e-08	0.00e+00	0.00e+00	0.00e+00	0.00e+00	0.00e+00	0.00e+00	8.64e-01	7.36e-02	5.19e-02
 2.17121e+17	9.90e-01	1.05e-02	1.76e-08	0.00e+00	0.00e+00	0.00e+00	0.00e+00	0.00e+00	0.00e+00	8.64e-01	7.35e-02	5.18e-02
 2.17142e+17	9.90e-01	1.01e-02	1.58e-08	0.00e+00	0.00e+00	0.00e+00	0.00e+00	0.00e+00	0.00e+00	8.65e-01	7.34e-02	5.17e-02
 2.17163e+17	9.90e-01	9.77e-03	1.41e-08	0.00e+00	0.00e+00	0.00e+00	0.00e+00	0.00e+00	0.00e+00	8.65e-01	7.33e-02	5.17e-02
 2.17184e+17	9.91e-01	9.42e-03	1.27e-08	0.00e+00	0.00e+00	0.00e+00	0.00e+00	0.00e+00	0.00e+00	8.66e-01	7.32e-02	5.16e-02
 2.17205e+17	9.91e-01	9.10e-03	1.14e-08	0.00e+00	0.00e+00	0.00e+00	0.00e+00	0.00e+00	0.00e+00	8.66e-01	7.31e-02	5.16e-02
 2.17226e+17	9.91e-01	8.79e-03	1.02e-08	0.00e+00	0.00e+00	0.00e+00	0.00e+00	0.00e+00	0.00e+00	8.67e-01	7.30e-02	5.15e-02
 2.17247e+17	9.91e-01	8.52e-03	9.16e-09	0.00e+00	0.00e+00	0.00e+00	0.00e+00	0.00e+00	0.00e+00	8.67e-01	7.29e-02	5.14e-02
 2.17269e+17	9.92e-01	8.29e-03	8.24e-09	0.00e+00	0.00e+00	0.00e+00	0.00e+00	0.00e+00	0.00e+00	8.68e-01	7.28e-02	5.14e-02
 2.17293e+17	9.92e-01	8.07e-03	7.37e-09	0.00e+00	0.00e+00	0.00e+00	0.00e+00	0.00e+00	0.00e+00	8.68e-01	7.27e-02	5.13e-02
 2.17319e+17	9.92e-01	7.83e-03	6.51e-09	0.00e+00	0.00e+00	0.00e+00	0.00e+00	0.00e+00	0.00e+00	8.68e-01	7.26e-02	5.13e-02
 2.17347e+17	9.92e-01	7.56e-03	5.67e-09	0.00e+00	0.00e+00	0.00e+00	0.00e+00	0.00e+00	0.00e+00	8.69e-01	7.26e-02	5.12e-02
 2.17376e+17	9.93e-01	7.32e-03	4.97e-09	0.00e+00	0.00e+00	0.00e+00	0.00e+00	0.00e+00	0.00e+00	8.69e-01	7.25e-02	5.12e-02
 2.17403e+17	9.93e-01	7.09e-03	4.39e-09	0.00e+00	0.00e+00	0.00e+00	0.00e+00	0.00e+00	0.00e+00	8.69e-01	7.24e-02	5.11e-02
 2.17430e+17	9.93e-01	6.87e-03	3.86e-09	0.00e+00	0.00e+00	0.00e+00	0.00e+00	0.00e+00	0.00e+00	8.70e-01	7.23e-02	5.11e-02
 2.17458e+17	9.93e-01	6.65e-03	3.39e-09	0.00e+00	0.00e+00	0.00e+00	0.00e+00	0.00e+00	0.00e+00	8.70e-01	7.22e-02	5.10e-02
 2.17486e+17	9.94e-01	6.44e-03	2.97e-09	0.00e+00	0.00e+00	0.00e+00	0.00e+00	0.00e+00	0.00e+00	8.70e-01	7.22e-02	5.10e-02
 2.17515e+17	9.94e-01	6.24e-03	2.59e-09	0.00e+00	0.00e+00	0.00e+00	0.00e+00	0.00e+00	0.00e+00	8.71e-01	7.21e-02	5.10e-02
 2.17545e+17	9.94e-01	6.05e-03	2.26e-09	0.00e+00	0.00e+00	0.00e+00	0.00e+00	0.00e+00	0.00e+00	8.71e-01	7.20e-02	5.09e-02
 2.17576e+17	9.94e-01	5.86e-03	1.96e-09	0.00e+00	0.00e+00	0.00e+00	0.00e+00	0.00e+00	0.00e+00	8.71e-01	7.19e-02	5.09e-02
 2.17608e+17	9.94e-01	5.68e-03	1.70e-09	0.00e+00	0.00e+00	0.00e+00	0.00e+00	0.00e+00	0.00e+00	8.72e-01	7.19e-02	5.08e-02
 2.17641e+17	9.94e-01	5.51e-03	1.47e-09	0.00e+00	0.00e+00	0.00e+00	0.00e+00	0.00e+00	0.00e+00	8.72e-01	7.18e-02	5.08e-02
 2.17676e+17	9.95e-01	5.34e-03	1.26e-09	0.00e+00	0.00e+00	0.00e+00	0.00e+00	0.00e+00	0.00e+00	8.72e-01	7.17e-02	5.07e-02
 2.17712e+17	9.95e-01	5.17e-03	1.08e-09	0.00e+00	0.00e+00	0.00e+00	0.00e+00	0.00e+00	0.00e+00	8.72e-01	7.17e-02	5.07e-02
 2.17750e+17	9.95e-01	5.01e-03	9.12e-10	0.00e+00	0.00e+00	0.00e+00	0.00e+00	0.00e+00	0.00e+00	8.73e-01	7.16e-02	5.06e-02
 2.17790e+17	9.95e-01	4.86e-03	7.68e-10	0.00e+00	0.00e+00	0.00e+00	0.00e+00	0.00e+00	0.00e+00	8.73e-01	7.15e-02	5.06e-02
 2.17832e+17	9.95e-01	4.72e-03	6.41e-10	0.00e+00	0.00e+00	0.00e+00	0.00e+00	0.00e+00	0.00e+00	8.73e-01	7.15e-02	5.06e-02
 2.17877e+17	9.95e-01	4.58e-03	5.33e-10	0.00e+00	0.00e+00	0.00e+00	0.00e+00	0.00e+00	0.00e+00	8.73e-01	7.14e-02	5.05e-02
 2.17922e+17	9.96e-01	4.46e-03	4.44e-10	0.00e+00	0.00e+00	0.00e+00	0.00e+00	0.00e+00	0.00e+00	8.74e-01	7.14e-02	5.05e-02
 2.17967e+17	9.96e-01	4.35e-03	3.70e-10	0.00e+00	0.00e+00	0.00e+00	0.00e+00	0.00e+00	0.00e+00	8.74e-01	7.13e-02	5.04e-02
 2.18013e+17	9.96e-01	4.25e-03	3.08e-10	0.00e+00	0.00e+00	0.00e+00	0.00e+00	0.00e+00	0.00e+00	8.74e-01	7.13e-02	5.04e-02
 2.18061e+17	9.96e-01	4.15e-03	2.55e-10	0.00e+00	0.00e+00	0.00e+00	0.00e+00	0.00e+00	0.00e+00	8.74e-01	7.12e-02	5.04e-02
 2.18110e+17	9.96e-01	4.07e-03	2.11e-10	0.00e+00	0.00e+00	0.00e+00	0.00e+00	0.00e+00	0.00e+00	8.74e-01	7.12e-02	5.03e-02
 2.18161e+17	9.96e-01	3.99e-03	1.73e-10	0.00e+00	0.00e+00	0.00e+00	0.00e+00	0.00e+00	0.00e+00	8.75e-01	7.11e-02	5.03e-02
 2.18213e+17	9.96e-01	3.92e-03	1.42e-10	0.00e+00	0.00e+00	0.00e+00	0.00e+00	0.00e+00	0.00e+00	8.75e-01	7.11e-02	5.03e-02
 2.18269e+17	9.96e-01	3.86e-03	1.15e-10	0.00e+00	0.00e+00	0.00e+00	0.00e+00	0.00e+00	0.00e+00	8.75e-01	7.10e-02	5.02e-02
 2.18327e+17	9.96e-01	3.80e-03	9.25e-11	0.00e+00	0.00e+00	0.00e+00	0.00e+00	0.00e+00	0.00e+00	8.75e-01	7.10e-02	5.02e-02
 2.18390e+17	9.96e-01	3.74e-03	7.33e-11	0.00e+00	0.00e+00	0.00e+00	0.00e+00	0.00e+00	0.00e+00	8.75e-01	7.10e-02	5.02e-02
 2.18458e+17	9.96e-01	3.69e-03	5.70e-11	0.00e+00	0.00e+00	0.00e+00	0.00e+00	0.00e+00	0.00e+00	8.75e-01	7.09e-02	5.01e-02
 2.18533e+17	9.96e-01	3.63e-03	4.34e-11	0.00e+00	0.00e+00	0.00e+00	0.00e+00	0.00e+00	0.00e+00	8.75e-01	7.09e-02	5.01e-02
 2.18616e+17	9.96e-01	3.59e-03	3.21e-11	0.00e+00	0.00e+00	0.00e+00	0.00e+00	0.00e+00	0.00e+00	8.76e-01	7.08e-02	5.01e-02
 2.18702e+17	9.96e-01	3.55e-03	2.36e-11	0.00e+00	0.00e+00	0.00e+00	0.00e+00	0.00e+00	0.00e+00	8.76e-01	7.08e-02	5.00e-02
 2.18789e+17	9.96e-01	3.51e-03	1.74e-11	0.00e+00	0.00e+00	0.00e+00	0.00e+00	0.00e+00	0.00e+00	8.76e-01	7.08e-02	5.00e-02
 2.18876e+17	9.97e-01	3.48e-03	1.28e-11	0.00e+00	0.00e+00	0.00e+00	0.00e+00	0.00e+00	0.00e+00	8.76e-01	7.07e-02	5.00e-02
 2.18963e+17	9.97e-01	3.45e-03	9.47e-12	0.00e+00	0.00e+00	0.00e+00	0.00e+00	0.00e+00	0.00e+00	8.76e-01	7.07e-02	5.00e-02
 2.19050e+17	9.97e-01	3.42e-03	7.01e-12	0.00e+00	0.00e+00	0.00e+00	0.00e+00	0.00e+00	0.00e+00	8.76e-01	7.07e-02	5.00e-02
 2.19136e+17	9.97e-01	3.40e-03	5.20e-12	0.00e+00	0.00e+00	0.00e+00	0.00e+00	0.00e+00	0.00e+00	8.76e-01	7.07e-02	4.99e-02
 2.19223e+17	9.97e-01	3.38e-03	3.87e-12	0.00e+00	0.00e+00	0.00e+00	0.00e+00	0.00e+00	0.00e+00	8.76e-01	7.07e-02	4.99e-02
 2.19310e+17	9.97e-01	3.36e-03	2.89e-12	0.00e+00	0.00e+00	0.00e+00	0.00e+00	0.00e+00	0.00e+00	8.76e-01	7.06e-02	4.99e-02
 2.19397e+17	9.97e-01	3.34e-03	2.16e-12	0.00e+00	0.00e+00	0.00e+00	0.00e+00	0.00e+00	0.00e+00	8.76e-01	7.06e-02	4.99e-02
 2.19491e+17	9.97e-01	3.32e-03	1.57e-12	0.00e+00	0.00e+00	0.00e+00	0.00e+00	0.00e+00	0.00e+00	8.76e-01	7.06e-02	4.99e-02
 2.19593e+17	9.97e-01	3.30e-03	1.13e-12	0.00e+00	0.00e+00	0.00e+00	0.00e+00	0.00e+00	0.00e+00	8.76e-01	7.06e-02	4.99e-02
 2.19695e+17	9.97e-01	3.28e-03	8.23e-13	0.00e+00	0.00e+00	0.00e+00	0.00e+00	0.00e+00	0.00e+00	8.76e-01	7.06e-02	4.99e-02
 2.19797e+17	9.97e-01	3.26e-03	6.04e-13	0.00e+00	0.00e+00	0.00e+00	0.00e+00	0.00e+00	0.00e+00	8.76e-01	7.06e-02	4.99e-02
 2.19899e+17	9.97e-01	3.25e-03	4.50e-13	0.00e+00	0.00e+00	0.00e+00	0.00e+00	0.00e+00	0.00e+00	8.76e-01	7.05e-02	4.99e-02
 2.20001e+17	9.97e-01	3.23e-03	3.42e-13	0.00e+00	0.00e+00	0.00e+00	0.00e+00	0.00e+00	0.00e+00	8.76e-01	7.05e-02	4.98e-02
 2.20103e+17	9.97e-01	3.21e-03	2.65e-13	0.00e+00	0.00e+00	0.00e+00	0.00e+00	0.00e+00	0.00e+00	8.76e-01	7.05e-02	4.98e-02
 2.20205e+17	9.97e-01	3.20e-03	2.10e-13	0.00e+00	0.00e+00	0.00e+00	0.00e+00	0.00e+00	0.00e+00	8.76e-01	7.05e-02	4.98e-02
 2.20307e+17	9.97e-01	3.18e-03	1.72e-13	0.00e+00	0.00e+00	0.00e+00	0.00e+00	0.00e+00	0.00e+00	8.77e-01	7.05e-02	4.98e-02
 2.20409e+17	9.97e-01	3.17e-03	1.44e-13	0.00e+00	0.00e+00	0.00e+00	0.00e+00	0.00e+00	0.00e+00	8.77e-01	7.05e-02	4.98e-02
 2.20510e+17	9.97e-01	3.15e-03	1.25e-13	0.00e+00	0.00e+00	0.00e+00	0.00e+00	0.00e+00	0.00e+00	8.77e-01	7.05e-02	4.98e-02
 2.20612e+17	9.97e-01	3.14e-03	1.11e-13	0.00e+00	0.00e+00	0.00e+00	0.00e+00	0.00e+00	0.00e+00	8.77e-01	7.05e-02	4.98e-02
 2.20714e+17	9.97e-01	3.12e-03	1.01e-13	0.00e+00	0.00e+00	0.00e+00	0.00e+00	0.00e+00	0.00e+00	8.77e-01	7.04e-02	4.98e-02
 2.20816e+17	9.97e-01	3.11e-03	9.35e-14	0.00e+00	0.00e+00	0.00e+00	0.00e+00	0.00e+00	0.00e+00	8.77e-01	7.04e-02	4.98e-02
 2.20918e+17	9.97e-01	3.09e-03	8.82e-14	0.00e+00	0.00e+00	0.00e+00	0.00e+00	0.00e+00	0.00e+00	8.77e-01	7.04e-02	4.98e-02
 2.21020e+17	9.97e-01	3.08e-03	8.45e-14	0.00e+00	0.00e+00	0.00e+00	0.00e+00	0.00e+00	0.00e+00	8.77e-01	7.04e-02	4.98e-02
 2.21122e+17	9.97e-01	3.06e-03	8.16e-14	0.00e+00	0.00e+00	0.00e+00	0.00e+00	0.00e+00	0.00e+00	8.77e-01	7.04e-02	4.98e-02
 2.21224e+17	9.97e-01	3.05e-03	7.95e-14	0.00e+00	0.00e+00	0.00e+00	0.00e+00	0.00e+00	0.00e+00	8.77e-01	7.04e-02	4.98e-02
 2.21326e+17	9.97e-01	3.04e-03	7.80e-14	0.00e+00	0.00e+00	0.00e+00	0.00e+00	0.00e+00	0.00e+00	8.77e-01	7.04e-02	4.97e-02
 2.21428e+17	9.97e-01	3.03e-03	7.68e-14	0.00e+00	0.00e+00	0.00e+00	0.00e+00	0.00e+00	0.00e+00	8.77e-01	7.04e-02	4.97e-02
 2.21530e+17	9.97e-01	3.01e-03	7.59e-14	0.00e+00	0.00e+00	0.00e+00	0.00e+00	0.00e+00	0.00e+00	8.77e-01	7.03e-02	4.97e-02
 2.21632e+17	9.97e-01	3.00e-03	7.51e-14	0.00e+00	0.00e+00	0.00e+00	0.00e+00	0.00e+00	0.00e+00	8.77e-01	7.03e-02	4.97e-02
 2.21734e+17	9.97e-01	2.99e-03	7.46e-14	0.00e+00	0.00e+00	0.00e+00	0.00e+00	0.00e+00	0.00e+00	8.77e-01	7.03e-02	4.97e-02
 2.21836e+17	9.97e-01	2.98e-03	7.41e-14	0.00e+00	0.00e+00	0.00e+00	0.00e+00	0.00e+00	0.00e+00	8.77e-01	7.03e-02	4.97e-02
 2.21938e+17	9.97e-01	2.97e-03	7.37e-14	0.00e+00	0.00e+00	0.00e+00	0.00e+00	0.00e+00	0.00e+00	8.77e-01	7.03e-02	4.97e-02
 2.22039e+17	9.97e-01	2.96e-03	7.33e-14	0.00e+00	0.00e+00	0.00e+00	0.00e+00	0.00e+00	0.00e+00	8.77e-01	7.03e-02	4.97e-02
 2.22141e+17	9.97e-01	2.95e-03	7.31e-14	0.00e+00	0.00e+00	0.00e+00	0.00e+00	0.00e+00	0.00e+00	8.77e-01	7.03e-02	4.97e-02
 2.22243e+17	9.97e-01	2.93e-03	7.27e-14	0.00e+00	0.00e+00	0.00e+00	0.00e+00	0.00e+00	0.00e+00	8.77e-01	7.03e-02	4.97e-02
 2.22345e+17	9.97e-01	2.93e-03	7.25e-14	0.00e+00	0.00e+00	0.00e+00	0.00e+00	0.00e+00	0.00e+00	8.77e-01	7.02e-02	4.97e-02
 2.22447e+17	9.97e-01	2.91e-03	7.22e-14	0.00e+00	0.00e+00	0.00e+00	0.00e+00	0.00e+00	0.00e+00	8.77e-01	7.02e-02	4.97e-02
 2.22549e+17	9.97e-01	2.91e-03	7.20e-14	0.00e+00	0.00e+00	0.00e+00	0.00e+00	0.00e+00	0.00e+00	8.77e-01	7.02e-02	4.97e-02
 2.22651e+17	9.97e-01	2.89e-03	7.17e-14	0.00e+00	0.00e+00	0.00e+00	0.00e+00	0.00e+00	0.00e+00	8.77e-01	7.02e-02	4.96e-02
 2.22753e+17	9.97e-01	2.88e-03	7.16e-14	0.00e+00	0.00e+00	0.00e+00	0.00e+00	0.00e+00	0.00e+00	8.77e-01	7.02e-02	4.96e-02
 2.22855e+17	9.97e-01	2.87e-03	7.13e-14	0.00e+00	0.00e+00	0.00e+00	0.00e+00	0.00e+00	0.00e+00	8.77e-01	7.02e-02	4.96e-02
 2.22957e+17	9.97e-01	2.87e-03	7.11e-14	0.00e+00	0.00e+00	0.00e+00	0.00e+00	0.00e+00	0.00e+00	8.77e-01	7.02e-02	4.96e-02
 2.23059e+17	9.97e-01	2.85e-03	7.08e-14	0.00e+00	0.00e+00	0.00e+00	0.00e+00	0.00e+00	0.00e+00	8.77e-01	7.02e-02	4.96e-02
 2.23161e+17	9.97e-01	2.85e-03	7.07e-14	0.00e+00	0.00e+00	0.00e+00	0.00e+00	0.00e+00	0.00e+00	8.77e-01	7.02e-02	4.96e-02
 2.23263e+17	9.97e-01	2.83e-03	7.04e-14	0.00e+00	0.00e+00	0.00e+00	0.00e+00	0.00e+00	0.00e+00	8.77e-01	7.01e-02	4.96e-02
 2.23365e+17	9.97e-01	2.83e-03	7.03e-14	0.00e+00	0.00e+00	0.00e+00	0.00e+00	0.00e+00	0.00e+00	8.77e-01	7.01e-02	4.96e-02
 2.23466e+17	9.97e-01	2.82e-03	7.01e-14	0.00e+00	0.00e+00	0.00e+00	0.00e+00	0.00e+00	0.00e+00	8.77e-01	7.01e-02	4.96e-02
 2.23568e+17	9.97e-01	2.81e-03	7.00e-14	0.00e+00	0.00e+00	0.00e+00	0.00e+00	0.00e+00	0.00e+00	8.77e-01	7.01e-02	4.96e-02
 2.23670e+17	9.97e-01	2.80e-03	6.97e-14	0.00e+00	0.00e+00	0.00e+00	0.00e+00	0.00e+00	0.00e+00	8.78e-01	7.01e-02	4.96e-02
 2.23772e+17	9.97e-01	2.79e-03	6.96e-14	0.00e+00	0.00e+00	0.00e+00	0.00e+00	0.00e+00	0.00e+00	8.78e-01	7.01e-02	4.96e-02
 2.23874e+17	9.97e-01	2.78e-03	6.93e-14	0.00e+00	0.00e+00	0.00e+00	0.00e+00	0.00e+00	0.00e+00	8.78e-01	7.01e-02	4.96e-02
 2.23976e+17	9.97e-01	2.77e-03	6.92e-14	0.00e+00	0.00e+00	0.00e+00	0.00e+00	0.00e+00	0.00e+00	8.78e-01	7.01e-02	4.96e-02
 2.24078e+17	9.97e-01	2.76e-03	6.90e-14	0.00e+00	0.00e+00	0.00e+00	0.00e+00	0.00e+00	0.00e+00	8.78e-01	7.01e-02	4.95e-02
 2.24180e+17	9.97e-01	2.76e-03	6.89e-14	0.00e+00	0.00e+00	0.00e+00	0.00e+00	0.00e+00	0.00e+00	8.78e-01	7.00e-02	4.95e-02
 2.24282e+17	9.97e-01	2.75e-03	6.86e-14	0.00e+00	0.00e+00	0.00e+00	0.00e+00	0.00e+00	0.00e+00	8.78e-01	7.00e-02	4.95e-02
 2.24384e+17	9.97e-01	2.74e-03	6.85e-14	0.00e+00	0.00e+00	0.00e+00	0.00e+00	0.00e+00	0.00e+00	8.78e-01	7.00e-02	4.95e-02
 2.24486e+17	9.97e-01	2.73e-03	6.83e-14	0.00e+00	0.00e+00	0.00e+00	0.00e+00	0.00e+00	0.00e+00	8.78e-01	7.00e-02	4.95e-02
 2.24588e+17	9.97e-01	2.72e-03	6.82e-14	0.00e+00	0.00e+00	0.00e+00	0.00e+00	0.00e+00	0.00e+00	8.78e-01	7.00e-02	4.95e-02
 2.24689e+17	9.97e-01	2.71e-03	6.79e-14	0.00e+00	0.00e+00	0.00e+00	0.00e+00	0.00e+00	0.00e+00	8.78e-01	7.00e-02	4.95e-02
 2.24791e+17	9.97e-01	2.71e-03	6.78e-14	0.00e+00	0.00e+00	0.00e+00	0.00e+00	0.00e+00	0.00e+00	8.78e-01	7.00e-02	4.95e-02
 2.24893e+17	9.97e-01	2.70e-03	6.76e-14	0.00e+00	0.00e+00	0.00e+00	0.00e+00	0.00e+00	0.00e+00	8.78e-01	7.00e-02	4.95e-02
 2.24995e+17	9.97e-01	2.69e-03	6.75e-14	0.00e+00	0.00e+00	0.00e+00	0.00e+00	0.00e+00	0.00e+00	8.78e-01	7.00e-02	4.95e-02
 2.25097e+17	9.97e-01	2.68e-03	6.73e-14	0.00e+00	0.00e+00	0.00e+00	0.00e+00	0.00e+00	0.00e+00	8.78e-01	6.99e-02	4.95e-02
 2.25199e+17	9.97e-01	2.68e-03	6.72e-14	0.00e+00	0.00e+00	0.00e+00	0.00e+00	0.00e+00	0.00e+00	8.78e-01	6.99e-02	4.95e-02
 2.25301e+17	9.97e-01	2.67e-03	6.70e-14	0.00e+00	0.00e+00	0.00e+00	0.00e+00	0.00e+00	0.00e+00	8.78e-01	6.99e-02	4.95e-02
 2.25403e+17	9.97e-01	2.66e-03	6.69e-14	0.00e+00	0.00e+00	0.00e+00	0.00e+00	0.00e+00	0.00e+00	8.78e-01	6.99e-02	4.95e-02
 2.25505e+17	9.97e-01	2.65e-03	6.67e-14	0.00e+00	0.00e+00	0.00e+00	0.00e+00	0.00e+00	0.00e+00	8.78e-01	6.99e-02	4.94e-02
 2.25607e+17	9.97e-01	2.65e-03	6.66e-14	0.00e+00	0.00e+00	0.00e+00	0.00e+00	0.00e+00	0.00e+00	8.78e-01	6.99e-02	4.94e-02
 2.25709e+17	9.97e-01	2.64e-03	6.64e-14	0.00e+00	0.00e+00	0.00e+00	0.00e+00	0.00e+00	0.00e+00	8.78e-01	6.99e-02	4.94e-02
 2.25811e+17	9.97e-01	2.63e-03	6.63e-14	0.00e+00	0.00e+00	0.00e+00	0.00e+00	0.00e+00	0.00e+00	8.78e-01	6.99e-02	4.94e-02
 2.25912e+17	9.97e-01	2.63e-03	6.61e-14	0.00e+00	0.00e+00	0.00e+00	0.00e+00	0.00e+00	0.00e+00	8.78e-01	6.99e-02	4.94e-02
 2.26014e+17	9.97e-01	2.62e-03	6.60e-14	0.00e+00	0.00e+00	0.00e+00	0.00e+00	0.00e+00	0.00e+00	8.78e-01	6.99e-02	4.94e-02
 2.26116e+17	9.97e-01	2.61e-03	6.58e-14	0.00e+00	0.00e+00	0.00e+00	0.00e+00	0.00e+00	0.00e+00	8.78e-01	6.98e-02	4.94e-02
 2.26218e+17	9.97e-01	2.61e-03	6.57e-14	0.00e+00	0.00e+00	0.00e+00	0.00e+00	0.00e+00	0.00e+00	8.78e-01	6.98e-02	4.94e-02
 2.26320e+17	9.97e-01	2.60e-03	6.55e-14	0.00e+00	0.00e+00	0.00e+00	0.00e+00	0.00e+00	0.00e+00	8.78e-01	6.98e-02	4.94e-02
 2.26422e+17	9.97e-01	2.59e-03	6.54e-14	0.00e+00	0.00e+00	0.00e+00	0.00e+00	0.00e+00	0.00e+00	8.78e-01	6.98e-02	4.94e-02
 2.26524e+17	9.97e-01	2.59e-03	6.52e-14	0.00e+00	0.00e+00	0.00e+00	0.00e+00	0.00e+00	0.00e+00	8.78e-01	6.98e-02	4.94e-02
 2.26626e+17	9.97e-01	2.58e-03	6.52e-14	0.00e+00	0.00e+00	0.00e+00	0.00e+00	0.00e+00	0.00e+00	8.78e-01	6.98e-02	4.94e-02
 2.26728e+17	9.97e-01	2.57e-03	6.50e-14	0.00e+00	0.00e+00	0.00e+00	0.00e+00	0.00e+00	0.00e+00	8.78e-01	6.98e-02	4.94e-02
 2.26830e+17	9.97e-01	2.57e-03	6.49e-14	0.00e+00	0.00e+00	0.00e+00	0.00e+00	0.00e+00	0.00e+00	8.78e-01	6.98e-02	4.94e-02
 2.26932e+17	9.97e-01	2.56e-03	6.47e-14	0.00e+00	0.00e+00	0.00e+00	0.00e+00	0.00e+00	0.00e+00	8.78e-01	6.98e-02	4.94e-02
 2.27033e+17	9.97e-01	2.56e-03	6.46e-14	0.00e+00	0.00e+00	0.00e+00	0.00e+00	0.00e+00	0.00e+00	8.78e-01	6.97e-02	4.93e-02
 2.27135e+17	9.97e-01	2.55e-03	6.44e-14	0.00e+00	0.00e+00	0.00e+00	0.00e+00	0.00e+00	0.00e+00	8.78e-01	6.97e-02	4.93e-02
 2.27237e+17	9.97e-01	2.54e-03	6.44e-14	0.00e+00	0.00e+00	0.00e+00	0.00e+00	0.00e+00	0.00e+00	8.78e-01	6.97e-02	4.93e-02
 2.27339e+17	9.97e-01	2.54e-03	6.42e-14	0.00e+00	0.00e+00	0.00e+00	0.00e+00	0.00e+00	0.00e+00	8.78e-01	6.97e-02	4.93e-02
 2.27441e+17	9.97e-01	2.53e-03	6.41e-14	0.00e+00	0.00e+00	0.00e+00	0.00e+00	0.00e+00	0.00e+00	8.78e-01	6.97e-02	4.93e-02
 2.27543e+17	9.97e-01	2.52e-03	6.39e-14	0.00e+00	0.00e+00	0.00e+00	0.00e+00	0.00e+00	0.00e+00	8.78e-01	6.97e-02	4.93e-02
 2.27645e+17	9.97e-01	2.52e-03	6.38e-14	0.00e+00	0.00e+00	0.00e+00	0.00e+00	0.00e+00	0.00e+00	8.78e-01	6.97e-02	4.93e-02
 2.27747e+17	9.97e-01	2.51e-03	6.37e-14	0.00e+00	0.00e+00	0.00e+00	0.00e+00	0.00e+00	0.00e+00	8.79e-01	6.97e-02	4.93e-02
 2.27849e+17	9.97e-01	2.51e-03	6.36e-14	0.00e+00	0.00e+00	0.00e+00	0.00e+00	0.00e+00	0.00e+00	8.79e-01	6.97e-02	4.93e-02
