#depth	O	O+	O+2	O+3	O+4	O+5	O+6	O+7	O+8	O[1]	O[2]	O[3]
 6.29131e+11	1.69e-08	7.44e-04	9.11e-01	8.79e-02	2.91e-06	0.00e+00	0.00e+00	0.00e+00	0.00e+00	1.12e-08	4.05e-09	1.57e-09
 3.77479e+12	1.69e-08	7.44e-04	9.12e-01	8.77e-02	2.90e-06	0.00e+00	0.00e+00	0.00e+00	0.00e+00	1.12e-08	4.05e-09	1.57e-09
 1.63574e+13	1.69e-08	7.45e-04	9.13e-01	8.66e-02	2.84e-06	0.00e+00	0.00e+00	0.00e+00	0.00e+00	1.12e-08	4.06e-09	1.58e-09
 6.66879e+13	1.70e-08	7.48e-04	9.17e-01	8.24e-02	2.64e-06	0.00e+00	0.00e+00	0.00e+00	0.00e+00	1.13e-08	4.08e-09	1.58e-09
 1.59296e+14	1.71e-08	7.53e-04	9.22e-01	7.72e-02	2.37e-06	0.00e+00	0.00e+00	0.00e+00	0.00e+00	1.14e-08	4.11e-09	1.60e-09
 2.79687e+14	1.73e-08	7.59e-04	9.29e-01	7.05e-02	2.05e-06	0.00e+00	0.00e+00	0.00e+00	0.00e+00	1.15e-08	4.14e-09	1.61e-09
 4.36194e+14	1.75e-08	7.68e-04	9.37e-01	6.22e-02	1.69e-06	0.00e+00	0.00e+00	0.00e+00	0.00e+00	1.16e-08	4.20e-09	1.63e-09
 6.39654e+14	1.78e-08	7.78e-04	9.47e-01	5.23e-02	1.29e-06	0.00e+00	0.00e+00	0.00e+00	0.00e+00	1.18e-08	4.26e-09	1.66e-09
 9.04152e+14	1.81e-08	7.91e-04	9.58e-01	4.11e-02	8.94e-07	0.00e+00	0.00e+00	0.00e+00	0.00e+00	1.20e-08	4.33e-09	1.69e-09
 1.24800e+15	1.85e-08	8.05e-04	9.70e-01	2.93e-02	5.38e-07	0.00e+00	0.00e+00	0.00e+00	0.00e+00	1.23e-08	4.42e-09	1.72e-09
 1.69500e+15	1.89e-08	8.21e-04	9.81e-01	1.84e-02	2.68e-07	0.00e+00	0.00e+00	0.00e+00	0.00e+00	1.26e-08	4.52e-09	1.76e-09
 2.27610e+15	1.95e-08	8.39e-04	9.89e-01	9.85e-03	0.00e+00	0.00e+00	0.00e+00	0.00e+00	0.00e+00	1.30e-08	4.65e-09	1.82e-09
 3.03154e+15	2.02e-08	8.59e-04	9.95e-01	4.54e-03	0.00e+00	0.00e+00	0.00e+00	0.00e+00	0.00e+00	1.35e-08	4.81e-09	1.88e-09
 4.01360e+15	2.13e-08	8.85e-04	9.97e-01	2.00e-03	0.00e+00	0.00e+00	0.00e+00	0.00e+00	0.00e+00	1.42e-08	5.04e-09	1.98e-09
 5.29028e+15	2.28e-08	9.19e-04	9.98e-01	1.07e-03	0.00e+00	0.00e+00	0.00e+00	0.00e+00	0.00e+00	1.52e-08	5.38e-09	2.12e-09
 6.94997e+15	2.49e-08	9.65e-04	9.98e-01	7.93e-04	0.00e+00	0.00e+00	0.00e+00	0.00e+00	0.00e+00	1.66e-08	5.85e-09	2.30e-09
 9.04588e+15	2.77e-08	1.02e-03	9.98e-01	6.94e-04	0.00e+00	0.00e+00	0.00e+00	0.00e+00	0.00e+00	1.86e-08	6.48e-09	2.56e-09
 1.14079e+16	3.12e-08	1.09e-03	9.98e-01	6.33e-04	0.00e+00	0.00e+00	0.00e+00	0.00e+00	0.00e+00	2.10e-08	7.25e-09	2.88e-09
 1.38643e+16	3.52e-08	1.17e-03	9.98e-01	5.81e-04	0.00e+00	0.00e+00	0.00e+00	0.00e+00	0.00e+00	2.37e-08	8.14e-09	3.24e-09
 1.64190e+16	3.97e-08	1.25e-03	9.98e-01	5.33e-04	0.00e+00	0.00e+00	0.00e+00	0.00e+00	0.00e+00	2.68e-08	9.15e-09	3.65e-09
 1.86075e+16	4.40e-08	1.32e-03	9.98e-01	4.96e-04	0.00e+00	0.00e+00	0.00e+00	0.00e+00	0.00e+00	2.97e-08	1.01e-08	4.03e-09
 2.04682e+16	4.79e-08	1.39e-03	9.98e-01	4.68e-04	0.00e+00	0.00e+00	0.00e+00	0.00e+00	0.00e+00	3.24e-08	1.09e-08	4.39e-09
 2.25151e+16	5.25e-08	1.46e-03	9.98e-01	4.39e-04	0.00e+00	0.00e+00	0.00e+00	0.00e+00	0.00e+00	3.56e-08	1.20e-08	4.81e-09
 2.47666e+16	5.81e-08	1.55e-03	9.98e-01	4.10e-04	0.00e+00	0.00e+00	0.00e+00	0.00e+00	0.00e+00	3.94e-08	1.32e-08	5.32e-09
 2.72432e+16	6.48e-08	1.64e-03	9.98e-01	3.81e-04	0.00e+00	0.00e+00	0.00e+00	0.00e+00	0.00e+00	4.40e-08	1.47e-08	5.93e-09
 2.99675e+16	7.29e-08	1.75e-03	9.98e-01	3.52e-04	0.00e+00	0.00e+00	0.00e+00	0.00e+00	0.00e+00	4.96e-08	1.64e-08	6.66e-09
 3.29643e+16	8.28e-08	1.88e-03	9.98e-01	3.23e-04	0.00e+00	0.00e+00	0.00e+00	0.00e+00	0.00e+00	5.64e-08	1.86e-08	7.56e-09
 3.62248e+16	9.50e-08	2.03e-03	9.98e-01	2.95e-04	0.00e+00	0.00e+00	0.00e+00	0.00e+00	0.00e+00	6.48e-08	2.13e-08	8.67e-09
 3.96739e+16	1.09e-07	2.19e-03	9.98e-01	2.69e-04	0.00e+00	0.00e+00	0.00e+00	0.00e+00	0.00e+00	7.47e-08	2.44e-08	9.98e-09
 4.32610e+16	1.26e-07	2.37e-03	9.97e-01	2.45e-04	0.00e+00	0.00e+00	0.00e+00	0.00e+00	0.00e+00	8.65e-08	2.81e-08	1.15e-08
 4.69916e+16	1.47e-07	2.57e-03	9.97e-01	2.23e-04	0.00e+00	0.00e+00	0.00e+00	0.00e+00	0.00e+00	1.00e-07	3.25e-08	1.34e-08
 5.08714e+16	1.70e-07	2.79e-03	9.97e-01	2.03e-04	0.00e+00	0.00e+00	0.00e+00	0.00e+00	0.00e+00	1.17e-07	3.77e-08	1.55e-08
 5.49064e+16	1.99e-07	3.03e-03	9.97e-01	1.85e-04	0.00e+00	0.00e+00	0.00e+00	0.00e+00	0.00e+00	1.37e-07	4.39e-08	1.82e-08
 5.91028e+16	2.33e-07	3.29e-03	9.97e-01	1.67e-04	0.00e+00	0.00e+00	0.00e+00	0.00e+00	0.00e+00	1.60e-07	5.12e-08	2.12e-08
 6.34670e+16	2.74e-07	3.59e-03	9.96e-01	1.52e-04	0.00e+00	0.00e+00	0.00e+00	0.00e+00	0.00e+00	1.88e-07	6.01e-08	2.50e-08
 6.80058e+16	3.24e-07	3.92e-03	9.96e-01	1.37e-04	0.00e+00	0.00e+00	0.00e+00	0.00e+00	0.00e+00	2.23e-07	7.08e-08	2.95e-08
 7.27262e+16	3.84e-07	4.28e-03	9.96e-01	1.24e-04	0.00e+00	0.00e+00	0.00e+00	0.00e+00	0.00e+00	2.64e-07	8.38e-08	3.50e-08
 7.76354e+16	4.57e-07	4.69e-03	9.95e-01	1.12e-04	0.00e+00	0.00e+00	0.00e+00	0.00e+00	0.00e+00	3.15e-07	9.96e-08	4.18e-08
 8.27410e+16	5.48e-07	5.14e-03	9.95e-01	1.01e-04	0.00e+00	0.00e+00	0.00e+00	0.00e+00	0.00e+00	3.77e-07	1.19e-07	5.01e-08
 8.80507e+16	6.60e-07	5.65e-03	9.94e-01	9.08e-05	0.00e+00	0.00e+00	0.00e+00	0.00e+00	0.00e+00	4.55e-07	1.43e-07	6.04e-08
 9.35729e+16	8.00e-07	6.23e-03	9.94e-01	8.16e-05	0.00e+00	0.00e+00	0.00e+00	0.00e+00	0.00e+00	5.52e-07	1.73e-07	7.33e-08
 9.93159e+16	9.78e-07	6.88e-03	9.93e-01	7.31e-05	0.00e+00	0.00e+00	0.00e+00	0.00e+00	0.00e+00	6.74e-07	2.12e-07	8.96e-08
 1.05289e+17	1.20e-06	7.62e-03	9.92e-01	6.54e-05	0.00e+00	0.00e+00	0.00e+00	0.00e+00	0.00e+00	8.31e-07	2.60e-07	1.10e-07
 1.11500e+17	1.50e-06	8.46e-03	9.91e-01	5.83e-05	0.00e+00	0.00e+00	0.00e+00	0.00e+00	0.00e+00	1.03e-06	3.23e-07	1.38e-07
 1.17961e+17	1.89e-06	9.44e-03	9.91e-01	5.19e-05	0.00e+00	0.00e+00	0.00e+00	0.00e+00	0.00e+00	1.30e-06	4.07e-07	1.73e-07
 1.24679e+17	2.41e-06	1.06e-02	9.89e-01	4.59e-05	0.00e+00	0.00e+00	0.00e+00	0.00e+00	0.00e+00	1.67e-06	5.19e-07	2.22e-07
 1.31666e+17	3.14e-06	1.19e-02	9.88e-01	4.04e-05	0.00e+00	0.00e+00	0.00e+00	0.00e+00	0.00e+00	2.17e-06	6.75e-07	2.89e-07
 1.38933e+17	4.18e-06	1.36e-02	9.86e-01	3.53e-05	0.00e+00	0.00e+00	0.00e+00	0.00e+00	0.00e+00	2.89e-06	8.97e-07	3.86e-07
 1.46491e+17	5.73e-06	1.56e-02	9.84e-01	3.06e-05	0.00e+00	0.00e+00	0.00e+00	0.00e+00	0.00e+00	3.96e-06	1.23e-06	5.30e-07
 1.53744e+17	7.95e-06	1.79e-02	9.82e-01	2.64e-05	0.00e+00	0.00e+00	0.00e+00	0.00e+00	0.00e+00	5.50e-06	1.70e-06	7.36e-07
 1.59974e+17	1.08e-05	2.04e-02	9.80e-01	2.31e-05	0.00e+00	0.00e+00	0.00e+00	0.00e+00	0.00e+00	7.48e-06	2.31e-06	1.00e-06
 1.65256e+17	1.44e-05	2.29e-02	9.77e-01	2.05e-05	0.00e+00	0.00e+00	0.00e+00	0.00e+00	0.00e+00	9.96e-06	3.08e-06	1.34e-06
 1.69958e+17	1.91e-05	2.57e-02	9.74e-01	1.82e-05	0.00e+00	0.00e+00	0.00e+00	0.00e+00	0.00e+00	1.32e-05	4.08e-06	1.78e-06
 1.74305e+17	2.54e-05	2.89e-02	9.71e-01	1.61e-05	0.00e+00	0.00e+00	0.00e+00	0.00e+00	0.00e+00	1.76e-05	5.43e-06	2.37e-06
 1.78293e+17	3.41e-05	3.26e-02	9.67e-01	1.43e-05	0.00e+00	0.00e+00	0.00e+00	0.00e+00	0.00e+00	2.36e-05	7.27e-06	3.18e-06
 1.81855e+17	4.56e-05	3.67e-02	9.63e-01	1.26e-05	0.00e+00	0.00e+00	0.00e+00	0.00e+00	0.00e+00	3.16e-05	9.74e-06	4.27e-06
 1.84992e+17	6.09e-05	4.13e-02	9.59e-01	1.11e-05	0.00e+00	0.00e+00	0.00e+00	0.00e+00	0.00e+00	4.21e-05	1.30e-05	5.71e-06
 1.87776e+17	8.10e-05	4.65e-02	9.53e-01	9.82e-06	0.00e+00	0.00e+00	0.00e+00	0.00e+00	0.00e+00	5.60e-05	1.73e-05	7.61e-06
 1.90284e+17	1.08e-04	5.25e-02	9.47e-01	8.63e-06	0.00e+00	0.00e+00	0.00e+00	0.00e+00	0.00e+00	7.46e-05	2.30e-05	1.02e-05
 1.92553e+17	1.44e-04	5.93e-02	9.41e-01	7.54e-06	0.00e+00	0.00e+00	0.00e+00	0.00e+00	0.00e+00	9.98e-05	3.08e-05	1.36e-05
 1.94595e+17	1.94e-04	6.73e-02	9.33e-01	6.54e-06	0.00e+00	0.00e+00	0.00e+00	0.00e+00	0.00e+00	1.34e-04	4.12e-05	1.83e-05
 1.96425e+17	2.60e-04	7.64e-02	9.23e-01	5.65e-06	0.00e+00	0.00e+00	0.00e+00	0.00e+00	0.00e+00	1.80e-04	5.53e-05	2.46e-05
 1.98064e+17	3.49e-04	8.69e-02	9.13e-01	4.87e-06	0.00e+00	0.00e+00	0.00e+00	0.00e+00	0.00e+00	2.41e-04	7.42e-05	3.31e-05
 1.99537e+17	4.68e-04	9.89e-02	9.01e-01	4.16e-06	0.00e+00	0.00e+00	0.00e+00	0.00e+00	0.00e+00	3.24e-04	9.96e-05	4.45e-05
 2.00865e+17	6.30e-04	1.13e-01	8.87e-01	3.55e-06	0.00e+00	0.00e+00	0.00e+00	0.00e+00	0.00e+00	4.35e-04	1.34e-04	5.99e-05
 2.02064e+17	8.47e-04	1.29e-01	8.70e-01	3.00e-06	0.00e+00	0.00e+00	0.00e+00	0.00e+00	0.00e+00	5.85e-04	1.80e-04	8.08e-05
 2.02961e+17	1.08e-03	1.44e-01	8.55e-01	2.60e-06	0.00e+00	0.00e+00	0.00e+00	0.00e+00	0.00e+00	7.46e-04	2.30e-04	1.03e-04
 2.03529e+17	1.28e-03	1.55e-01	8.44e-01	2.34e-06	0.00e+00	0.00e+00	0.00e+00	0.00e+00	0.00e+00	8.83e-04	2.72e-04	1.22e-04
 2.04080e+17	1.52e-03	1.67e-01	8.31e-01	2.10e-06	0.00e+00	0.00e+00	0.00e+00	0.00e+00	0.00e+00	1.05e-03	3.23e-04	1.45e-04
 2.04795e+17	1.93e-03	1.86e-01	8.12e-01	1.80e-06	0.00e+00	0.00e+00	0.00e+00	0.00e+00	0.00e+00	1.33e-03	4.10e-04	1.85e-04
 2.05500e+17	2.48e-03	2.08e-01	7.90e-01	1.52e-06	0.00e+00	0.00e+00	0.00e+00	0.00e+00	0.00e+00	1.71e-03	5.26e-04	2.38e-04
 2.06012e+17	3.02e-03	2.27e-01	7.70e-01	1.32e-06	0.00e+00	0.00e+00	0.00e+00	0.00e+00	0.00e+00	2.08e-03	6.41e-04	2.90e-04
 2.06417e+17	3.57e-03	2.44e-01	7.52e-01	1.17e-06	0.00e+00	0.00e+00	0.00e+00	0.00e+00	0.00e+00	2.46e-03	7.57e-04	3.43e-04
 2.06863e+17	4.34e-03	2.66e-01	7.30e-01	1.01e-06	0.00e+00	0.00e+00	0.00e+00	0.00e+00	0.00e+00	2.99e-03	9.20e-04	4.17e-04
 2.07348e+17	5.42e-03	2.93e-01	7.02e-01	8.47e-07	0.00e+00	0.00e+00	0.00e+00	0.00e+00	0.00e+00	3.74e-03	1.15e-03	5.22e-04
 2.07769e+17	6.65e-03	3.19e-01	6.74e-01	7.16e-07	0.00e+00	0.00e+00	0.00e+00	0.00e+00	0.00e+00	4.60e-03	1.41e-03	6.42e-04
 2.08121e+17	7.98e-03	3.44e-01	6.48e-01	6.11e-07	0.00e+00	0.00e+00	0.00e+00	0.00e+00	0.00e+00	5.51e-03	1.69e-03	7.71e-04
 2.08499e+17	9.85e-03	3.75e-01	6.15e-01	5.04e-07	0.00e+00	0.00e+00	0.00e+00	0.00e+00	0.00e+00	6.81e-03	2.09e-03	9.52e-04
 2.08894e+17	1.24e-02	4.11e-01	5.77e-01	4.03e-07	0.00e+00	0.00e+00	0.00e+00	0.00e+00	0.00e+00	8.56e-03	2.62e-03	1.20e-03
 2.09218e+17	1.51e-02	4.43e-01	5.42e-01	3.30e-07	0.00e+00	0.00e+00	0.00e+00	0.00e+00	0.00e+00	1.04e-02	3.19e-03	1.46e-03
 2.09489e+17	1.80e-02	4.73e-01	5.09e-01	2.72e-07	0.00e+00	0.00e+00	0.00e+00	0.00e+00	0.00e+00	1.24e-02	3.80e-03	1.74e-03
 2.09786e+17	2.20e-02	5.08e-01	4.70e-01	2.15e-07	0.00e+00	0.00e+00	0.00e+00	0.00e+00	0.00e+00	1.52e-02	4.64e-03	2.14e-03
 2.10103e+17	2.75e-02	5.47e-01	4.26e-01	1.64e-07	0.00e+00	0.00e+00	0.00e+00	0.00e+00	0.00e+00	1.90e-02	5.79e-03	2.67e-03
 2.10373e+17	3.35e-02	5.81e-01	3.85e-01	1.25e-07	0.00e+00	0.00e+00	0.00e+00	0.00e+00	0.00e+00	2.32e-02	7.04e-03	3.25e-03
 2.10603e+17	4.00e-02	6.11e-01	3.49e-01	0.00e+00	0.00e+00	0.00e+00	0.00e+00	0.00e+00	0.00e+00	2.77e-02	8.37e-03	3.88e-03
 2.10857e+17	4.89e-02	6.45e-01	3.06e-01	0.00e+00	0.00e+00	0.00e+00	0.00e+00	0.00e+00	0.00e+00	3.39e-02	1.02e-02	4.75e-03
 2.11128e+17	6.07e-02	6.77e-01	2.62e-01	0.00e+00	0.00e+00	0.00e+00	0.00e+00	0.00e+00	0.00e+00	4.21e-02	1.26e-02	5.89e-03
 2.11362e+17	7.37e-02	7.03e-01	2.24e-01	0.00e+00	0.00e+00	0.00e+00	0.00e+00	0.00e+00	0.00e+00	5.12e-02	1.53e-02	7.15e-03
 2.11568e+17	8.78e-02	7.22e-01	1.90e-01	0.00e+00	0.00e+00	0.00e+00	0.00e+00	0.00e+00	0.00e+00	6.10e-02	1.81e-02	8.52e-03
 2.11796e+17	1.07e-01	7.38e-01	1.56e-01	0.00e+00	0.00e+00	0.00e+00	0.00e+00	0.00e+00	0.00e+00	7.42e-02	2.19e-02	1.03e-02
 2.12046e+17	1.31e-01	7.47e-01	1.21e-01	0.00e+00	0.00e+00	0.00e+00	0.00e+00	0.00e+00	0.00e+00	9.18e-02	2.68e-02	1.27e-02
 2.12270e+17	1.59e-01	7.47e-01	9.38e-02	0.00e+00	0.00e+00	0.00e+00	0.00e+00	0.00e+00	0.00e+00	1.11e-01	3.22e-02	1.54e-02
 2.12472e+17	1.88e-01	7.40e-01	7.23e-02	0.00e+00	0.00e+00	0.00e+00	0.00e+00	0.00e+00	0.00e+00	1.32e-01	3.78e-02	1.82e-02
 2.12670e+17	2.21e-01	7.24e-01	5.45e-02	0.00e+00	0.00e+00	0.00e+00	0.00e+00	0.00e+00	0.00e+00	1.56e-01	4.39e-02	2.13e-02
 2.12860e+17	2.57e-01	7.02e-01	4.04e-02	0.00e+00	0.00e+00	0.00e+00	0.00e+00	0.00e+00	0.00e+00	1.82e-01	5.05e-02	2.47e-02
 2.13034e+17	2.94e-01	6.76e-01	3.00e-02	0.00e+00	0.00e+00	0.00e+00	0.00e+00	0.00e+00	0.00e+00	2.09e-01	5.69e-02	2.81e-02
 2.13190e+17	3.30e-01	6.47e-01	2.24e-02	0.00e+00	0.00e+00	0.00e+00	0.00e+00	0.00e+00	0.00e+00	2.36e-01	6.30e-02	3.14e-02
 2.13334e+17	3.66e-01	6.17e-01	1.68e-02	0.00e+00	0.00e+00	0.00e+00	0.00e+00	0.00e+00	0.00e+00	2.62e-01	6.88e-02	3.46e-02
 2.13469e+17	4.02e-01	5.86e-01	1.26e-02	0.00e+00	0.00e+00	0.00e+00	0.00e+00	0.00e+00	0.00e+00	2.89e-01	7.43e-02	3.78e-02
 2.13590e+17	4.35e-01	5.55e-01	9.58e-03	0.00e+00	0.00e+00	0.00e+00	0.00e+00	0.00e+00	0.00e+00	3.15e-01	7.92e-02	4.07e-02
 2.13697e+17	4.65e-01	5.27e-01	7.44e-03	0.00e+00	0.00e+00	0.00e+00	0.00e+00	0.00e+00	0.00e+00	3.39e-01	8.33e-02	4.33e-02
 2.13791e+17	4.93e-01	5.01e-01	5.88e-03	0.00e+00	0.00e+00	0.00e+00	0.00e+00	0.00e+00	0.00e+00	3.61e-01	8.69e-02	4.55e-02
 2.13878e+17	5.19e-01	4.76e-01	4.69e-03	0.00e+00	0.00e+00	0.00e+00	0.00e+00	0.00e+00	0.00e+00	3.82e-01	9.00e-02	4.76e-02
 2.13960e+17	5.44e-01	4.52e-01	3.77e-03	0.00e+00	0.00e+00	0.00e+00	0.00e+00	0.00e+00	0.00e+00	4.01e-01	9.28e-02	4.95e-02
 2.14036e+17	5.67e-01	4.30e-01	3.05e-03	0.00e+00	0.00e+00	0.00e+00	0.00e+00	0.00e+00	0.00e+00	4.20e-01	9.51e-02	5.13e-02
 2.14107e+17	5.88e-01	4.09e-01	2.49e-03	0.00e+00	0.00e+00	0.00e+00	0.00e+00	0.00e+00	0.00e+00	4.38e-01	9.72e-02	5.28e-02
 2.14162e+17	6.04e-01	3.94e-01	2.14e-03	0.00e+00	0.00e+00	0.00e+00	0.00e+00	0.00e+00	0.00e+00	4.51e-01	9.86e-02	5.39e-02
 2.14199e+17	6.15e-01	3.83e-01	1.92e-03	0.00e+00	0.00e+00	0.00e+00	0.00e+00	0.00e+00	0.00e+00	4.61e-01	9.94e-02	5.47e-02
 2.14234e+17	6.26e-01	3.73e-01	1.72e-03	0.00e+00	0.00e+00	0.00e+00	0.00e+00	0.00e+00	0.00e+00	4.70e-01	1.00e-01	5.54e-02
 2.14274e+17	6.38e-01	3.61e-01	1.52e-03	0.00e+00	0.00e+00	0.00e+00	0.00e+00	0.00e+00	0.00e+00	4.80e-01	1.01e-01	5.62e-02
 2.14316e+17	6.50e-01	3.49e-01	1.33e-03	0.00e+00	0.00e+00	0.00e+00	0.00e+00	0.00e+00	0.00e+00	4.91e-01	1.02e-01	5.69e-02
 2.14357e+17	6.62e-01	3.37e-01	1.17e-03	0.00e+00	0.00e+00	0.00e+00	0.00e+00	0.00e+00	0.00e+00	5.02e-01	1.03e-01	5.77e-02
 2.14397e+17	6.74e-01	3.25e-01	1.03e-03	0.00e+00	0.00e+00	0.00e+00	0.00e+00	0.00e+00	0.00e+00	5.12e-01	1.03e-01	5.83e-02
 2.14436e+17	6.85e-01	3.14e-01	9.01e-04	0.00e+00	0.00e+00	0.00e+00	0.00e+00	0.00e+00	0.00e+00	5.22e-01	1.04e-01	5.90e-02
 2.14475e+17	6.96e-01	3.03e-01	7.91e-04	0.00e+00	0.00e+00	0.00e+00	0.00e+00	0.00e+00	0.00e+00	5.32e-01	1.04e-01	5.95e-02
 2.14514e+17	7.07e-01	2.92e-01	6.92e-04	0.00e+00	0.00e+00	0.00e+00	0.00e+00	0.00e+00	0.00e+00	5.42e-01	1.05e-01	6.01e-02
 2.14553e+17	7.18e-01	2.82e-01	6.07e-04	0.00e+00	0.00e+00	0.00e+00	0.00e+00	0.00e+00	0.00e+00	5.52e-01	1.05e-01	6.06e-02
 2.14591e+17	7.28e-01	2.71e-01	5.31e-04	0.00e+00	0.00e+00	0.00e+00	0.00e+00	0.00e+00	0.00e+00	5.62e-01	1.05e-01	6.11e-02
 2.14629e+17	7.38e-01	2.61e-01	4.64e-04	0.00e+00	0.00e+00	0.00e+00	0.00e+00	0.00e+00	0.00e+00	5.71e-01	1.05e-01	6.15e-02
 2.14667e+17	7.48e-01	2.51e-01	4.05e-04	0.00e+00	0.00e+00	0.00e+00	0.00e+00	0.00e+00	0.00e+00	5.81e-01	1.05e-01	6.19e-02
 2.14705e+17	7.58e-01	2.42e-01	3.53e-04	0.00e+00	0.00e+00	0.00e+00	0.00e+00	0.00e+00	0.00e+00	5.90e-01	1.05e-01	6.22e-02
 2.14742e+17	7.67e-01	2.32e-01	3.08e-04	0.00e+00	0.00e+00	0.00e+00	0.00e+00	0.00e+00	0.00e+00	5.99e-01	1.05e-01	6.25e-02
 2.14779e+17	7.77e-01	2.23e-01	2.68e-04	0.00e+00	0.00e+00	0.00e+00	0.00e+00	0.00e+00	0.00e+00	6.09e-01	1.05e-01	6.28e-02
 2.14815e+17	7.85e-01	2.14e-01	2.34e-04	0.00e+00	0.00e+00	0.00e+00	0.00e+00	0.00e+00	0.00e+00	6.17e-01	1.05e-01	6.30e-02
 2.14852e+17	7.94e-01	2.06e-01	2.03e-04	0.00e+00	0.00e+00	0.00e+00	0.00e+00	0.00e+00	0.00e+00	6.26e-01	1.05e-01	6.32e-02
 2.14888e+17	8.02e-01	1.97e-01	1.77e-04	0.00e+00	0.00e+00	0.00e+00	0.00e+00	0.00e+00	0.00e+00	6.35e-01	1.04e-01	6.33e-02
 2.14924e+17	8.11e-01	1.89e-01	1.54e-04	0.00e+00	0.00e+00	0.00e+00	0.00e+00	0.00e+00	0.00e+00	6.43e-01	1.04e-01	6.34e-02
 2.14960e+17	8.18e-01	1.81e-01	1.33e-04	0.00e+00	0.00e+00	0.00e+00	0.00e+00	0.00e+00	0.00e+00	6.51e-01	1.03e-01	6.35e-02
 2.14995e+17	8.26e-01	1.74e-01	1.16e-04	0.00e+00	0.00e+00	0.00e+00	0.00e+00	0.00e+00	0.00e+00	6.60e-01	1.03e-01	6.35e-02
 2.15030e+17	8.33e-01	1.67e-01	1.00e-04	0.00e+00	0.00e+00	0.00e+00	0.00e+00	0.00e+00	0.00e+00	6.67e-01	1.02e-01	6.35e-02
 2.15065e+17	8.41e-01	1.59e-01	8.70e-05	0.00e+00	0.00e+00	0.00e+00	0.00e+00	0.00e+00	0.00e+00	6.75e-01	1.02e-01	6.35e-02
 2.15099e+17	8.47e-01	1.53e-01	7.54e-05	0.00e+00	0.00e+00	0.00e+00	0.00e+00	0.00e+00	0.00e+00	6.83e-01	1.01e-01	6.34e-02
 2.15133e+17	8.54e-01	1.46e-01	6.53e-05	0.00e+00	0.00e+00	0.00e+00	0.00e+00	0.00e+00	0.00e+00	6.90e-01	1.01e-01	6.33e-02
 2.15167e+17	8.60e-01	1.40e-01	5.65e-05	0.00e+00	0.00e+00	0.00e+00	0.00e+00	0.00e+00	0.00e+00	6.97e-01	9.99e-02	6.32e-02
 2.15201e+17	8.66e-01	1.34e-01	4.89e-05	0.00e+00	0.00e+00	0.00e+00	0.00e+00	0.00e+00	0.00e+00	7.04e-01	9.92e-02	6.30e-02
 2.15234e+17	8.72e-01	1.28e-01	4.24e-05	0.00e+00	0.00e+00	0.00e+00	0.00e+00	0.00e+00	0.00e+00	7.11e-01	9.85e-02	6.29e-02
 2.15267e+17	8.78e-01	1.22e-01	3.68e-05	0.00e+00	0.00e+00	0.00e+00	0.00e+00	0.00e+00	0.00e+00	7.17e-01	9.78e-02	6.27e-02
 2.15299e+17	8.83e-01	1.17e-01	3.19e-05	0.00e+00	0.00e+00	0.00e+00	0.00e+00	0.00e+00	0.00e+00	7.23e-01	9.71e-02	6.25e-02
 2.15330e+17	8.88e-01	1.12e-01	2.77e-05	0.00e+00	0.00e+00	0.00e+00	0.00e+00	0.00e+00	0.00e+00	7.29e-01	9.64e-02	6.23e-02
 2.15361e+17	8.93e-01	1.07e-01	2.41e-05	0.00e+00	0.00e+00	0.00e+00	0.00e+00	0.00e+00	0.00e+00	7.35e-01	9.57e-02	6.21e-02
 2.15392e+17	8.97e-01	1.03e-01	2.10e-05	0.00e+00	0.00e+00	0.00e+00	0.00e+00	0.00e+00	0.00e+00	7.40e-01	9.50e-02	6.19e-02
 2.15422e+17	9.02e-01	9.83e-02	1.83e-05	0.00e+00	0.00e+00	0.00e+00	0.00e+00	0.00e+00	0.00e+00	7.46e-01	9.43e-02	6.16e-02
 2.15452e+17	9.06e-01	9.42e-02	1.60e-05	0.00e+00	0.00e+00	0.00e+00	0.00e+00	0.00e+00	0.00e+00	7.51e-01	9.36e-02	6.14e-02
 2.15481e+17	9.10e-01	9.02e-02	1.39e-05	0.00e+00	0.00e+00	0.00e+00	0.00e+00	0.00e+00	0.00e+00	7.56e-01	9.29e-02	6.12e-02
 2.15510e+17	9.14e-01	8.64e-02	1.22e-05	0.00e+00	0.00e+00	0.00e+00	0.00e+00	0.00e+00	0.00e+00	7.60e-01	9.22e-02	6.09e-02
 2.15538e+17	9.17e-01	8.29e-02	1.06e-05	0.00e+00	0.00e+00	0.00e+00	0.00e+00	0.00e+00	0.00e+00	7.65e-01	9.16e-02	6.07e-02
 2.15567e+17	9.21e-01	7.94e-02	9.31e-06	0.00e+00	0.00e+00	0.00e+00	0.00e+00	0.00e+00	0.00e+00	7.69e-01	9.09e-02	6.04e-02
 2.15594e+17	9.24e-01	7.61e-02	8.15e-06	0.00e+00	0.00e+00	0.00e+00	0.00e+00	0.00e+00	0.00e+00	7.73e-01	9.03e-02	6.01e-02
 2.15622e+17	9.27e-01	7.29e-02	7.15e-06	0.00e+00	0.00e+00	0.00e+00	0.00e+00	0.00e+00	0.00e+00	7.77e-01	8.97e-02	5.99e-02
 2.15649e+17	9.30e-01	7.00e-02	6.27e-06	0.00e+00	0.00e+00	0.00e+00	0.00e+00	0.00e+00	0.00e+00	7.81e-01	8.91e-02	5.96e-02
 2.15676e+17	9.33e-01	6.71e-02	5.51e-06	0.00e+00	0.00e+00	0.00e+00	0.00e+00	0.00e+00	0.00e+00	7.85e-01	8.85e-02	5.94e-02
 2.15702e+17	9.36e-01	6.44e-02	4.84e-06	0.00e+00	0.00e+00	0.00e+00	0.00e+00	0.00e+00	0.00e+00	7.89e-01	8.79e-02	5.91e-02
 2.15729e+17	9.38e-01	6.17e-02	4.25e-06	0.00e+00	0.00e+00	0.00e+00	0.00e+00	0.00e+00	0.00e+00	7.92e-01	8.73e-02	5.89e-02
 2.15755e+17	9.41e-01	5.93e-02	3.74e-06	0.00e+00	0.00e+00	0.00e+00	0.00e+00	0.00e+00	0.00e+00	7.95e-01	8.67e-02	5.86e-02
 2.15781e+17	9.43e-01	5.69e-02	3.29e-06	0.00e+00	0.00e+00	0.00e+00	0.00e+00	0.00e+00	0.00e+00	7.99e-01	8.62e-02	5.84e-02
 2.15806e+17	9.45e-01	5.46e-02	2.90e-06	0.00e+00	0.00e+00	0.00e+00	0.00e+00	0.00e+00	0.00e+00	8.02e-01	8.57e-02	5.81e-02
 2.15831e+17	9.48e-01	5.24e-02	2.56e-06	0.00e+00	0.00e+00	0.00e+00	0.00e+00	0.00e+00	0.00e+00	8.04e-01	8.52e-02	5.79e-02
 2.15856e+17	9.50e-01	5.04e-02	2.25e-06	0.00e+00	0.00e+00	0.00e+00	0.00e+00	0.00e+00	0.00e+00	8.07e-01	8.47e-02	5.77e-02
 2.15881e+17	9.52e-01	4.83e-02	1.99e-06	0.00e+00	0.00e+00	0.00e+00	0.00e+00	0.00e+00	0.00e+00	8.10e-01	8.42e-02	5.74e-02
 2.15906e+17	9.54e-01	4.64e-02	1.75e-06	0.00e+00	0.00e+00	0.00e+00	0.00e+00	0.00e+00	0.00e+00	8.13e-01	8.37e-02	5.72e-02
 2.15930e+17	9.55e-01	4.46e-02	1.55e-06	0.00e+00	0.00e+00	0.00e+00	0.00e+00	0.00e+00	0.00e+00	8.15e-01	8.33e-02	5.70e-02
 2.15955e+17	9.57e-01	4.29e-02	1.37e-06	0.00e+00	0.00e+00	0.00e+00	0.00e+00	0.00e+00	0.00e+00	8.17e-01	8.28e-02	5.68e-02
 2.15979e+17	9.59e-01	4.12e-02	1.21e-06	0.00e+00	0.00e+00	0.00e+00	0.00e+00	0.00e+00	0.00e+00	8.20e-01	8.24e-02	5.66e-02
 2.16002e+17	9.60e-01	3.96e-02	1.07e-06	0.00e+00	0.00e+00	0.00e+00	0.00e+00	0.00e+00	0.00e+00	8.22e-01	8.20e-02	5.64e-02
 2.16026e+17	9.62e-01	3.81e-02	9.49e-07	0.00e+00	0.00e+00	0.00e+00	0.00e+00	0.00e+00	0.00e+00	8.24e-01	8.16e-02	5.62e-02
 2.16050e+17	9.63e-01	3.66e-02	8.41e-07	0.00e+00	0.00e+00	0.00e+00	0.00e+00	0.00e+00	0.00e+00	8.26e-01	8.12e-02	5.60e-02
 2.16073e+17	9.65e-01	3.52e-02	7.45e-07	0.00e+00	0.00e+00	0.00e+00	0.00e+00	0.00e+00	0.00e+00	8.28e-01	8.08e-02	5.58e-02
 2.16097e+17	9.66e-01	3.39e-02	6.61e-07	0.00e+00	0.00e+00	0.00e+00	0.00e+00	0.00e+00	0.00e+00	8.30e-01	8.05e-02	5.56e-02
 2.16120e+17	9.67e-01	3.26e-02	5.86e-07	0.00e+00	0.00e+00	0.00e+00	0.00e+00	0.00e+00	0.00e+00	8.32e-01	8.01e-02	5.54e-02
 2.16143e+17	9.69e-01	3.13e-02	5.19e-07	0.00e+00	0.00e+00	0.00e+00	0.00e+00	0.00e+00	0.00e+00	8.34e-01	7.98e-02	5.52e-02
 2.16166e+17	9.70e-01	3.02e-02	4.61e-07	0.00e+00	0.00e+00	0.00e+00	0.00e+00	0.00e+00	0.00e+00	8.35e-01	7.94e-02	5.51e-02
 2.16188e+17	9.71e-01	2.90e-02	4.10e-07	0.00e+00	0.00e+00	0.00e+00	0.00e+00	0.00e+00	0.00e+00	8.37e-01	7.91e-02	5.49e-02
 2.16211e+17	9.72e-01	2.79e-02	3.64e-07	0.00e+00	0.00e+00	0.00e+00	0.00e+00	0.00e+00	0.00e+00	8.38e-01	7.88e-02	5.47e-02
 2.16233e+17	9.73e-01	2.69e-02	3.24e-07	0.00e+00	0.00e+00	0.00e+00	0.00e+00	0.00e+00	0.00e+00	8.40e-01	7.85e-02	5.46e-02
 2.16256e+17	9.74e-01	2.59e-02	2.88e-07	0.00e+00	0.00e+00	0.00e+00	0.00e+00	0.00e+00	0.00e+00	8.41e-01	7.82e-02	5.44e-02
 2.16278e+17	9.75e-01	2.49e-02	2.56e-07	0.00e+00	0.00e+00	0.00e+00	0.00e+00	0.00e+00	0.00e+00	8.43e-01	7.80e-02	5.43e-02
 2.16300e+17	9.76e-01	2.40e-02	2.28e-07	0.00e+00	0.00e+00	0.00e+00	0.00e+00	0.00e+00	0.00e+00	8.44e-01	7.77e-02	5.41e-02
 2.16323e+17	9.77e-01	2.31e-02	2.03e-07	0.00e+00	0.00e+00	0.00e+00	0.00e+00	0.00e+00	0.00e+00	8.45e-01	7.74e-02	5.40e-02
 2.16344e+17	9.78e-01	2.23e-02	1.81e-07	0.00e+00	0.00e+00	0.00e+00	0.00e+00	0.00e+00	0.00e+00	8.47e-01	7.72e-02	5.39e-02
 2.16366e+17	9.79e-01	2.15e-02	1.61e-07	0.00e+00	0.00e+00	0.00e+00	0.00e+00	0.00e+00	0.00e+00	8.48e-01	7.70e-02	5.37e-02
 2.16388e+17	9.79e-01	2.07e-02	1.43e-07	0.00e+00	0.00e+00	0.00e+00	0.00e+00	0.00e+00	0.00e+00	8.49e-01	7.67e-02	5.36e-02
 2.16410e+17	9.80e-01	1.99e-02	1.28e-07	0.00e+00	0.00e+00	0.00e+00	0.00e+00	0.00e+00	0.00e+00	8.50e-01	7.65e-02	5.35e-02
 2.16432e+17	9.81e-01	1.92e-02	1.14e-07	0.00e+00	0.00e+00	0.00e+00	0.00e+00	0.00e+00	0.00e+00	8.51e-01	7.63e-02	5.34e-02
 2.16453e+17	9.81e-01	1.85e-02	1.02e-07	0.00e+00	0.00e+00	0.00e+00	0.00e+00	0.00e+00	0.00e+00	8.52e-01	7.61e-02	5.32e-02
 2.16475e+17	9.82e-01	1.79e-02	9.08e-08	0.00e+00	0.00e+00	0.00e+00	0.00e+00	0.00e+00	0.00e+00	8.53e-01	7.59e-02	5.31e-02
 2.16496e+17	9.83e-01	1.72e-02	8.10e-08	0.00e+00	0.00e+00	0.00e+00	0.00e+00	0.00e+00	0.00e+00	8.54e-01	7.57e-02	5.30e-02
 2.16517e+17	9.83e-01	1.66e-02	7.23e-08	0.00e+00	0.00e+00	0.00e+00	0.00e+00	0.00e+00	0.00e+00	8.55e-01	7.55e-02	5.29e-02
 2.16539e+17	9.84e-01	1.60e-02	6.46e-08	0.00e+00	0.00e+00	0.00e+00	0.00e+00	0.00e+00	0.00e+00	8.56e-01	7.53e-02	5.28e-02
 2.16560e+17	9.85e-01	1.54e-02	5.77e-08	0.00e+00	0.00e+00	0.00e+00	0.00e+00	0.00e+00	0.00e+00	8.57e-01	7.51e-02	5.27e-02
 2.16581e+17	9.85e-01	1.49e-02	5.16e-08	0.00e+00	0.00e+00	0.00e+00	0.00e+00	0.00e+00	0.00e+00	8.58e-01	7.50e-02	5.26e-02
 2.16602e+17	9.86e-01	1.44e-02	4.61e-08	0.00e+00	0.00e+00	0.00e+00	0.00e+00	0.00e+00	0.00e+00	8.58e-01	7.48e-02	5.25e-02
 2.16623e+17	9.86e-01	1.39e-02	4.12e-08	0.00e+00	0.00e+00	0.00e+00	0.00e+00	0.00e+00	0.00e+00	8.59e-01	7.46e-02	5.24e-02
 2.16644e+17	9.87e-01	1.34e-02	3.69e-08	0.00e+00	0.00e+00	0.00e+00	0.00e+00	0.00e+00	0.00e+00	8.60e-01	7.45e-02	5.23e-02
 2.16665e+17	9.87e-01	1.29e-02	3.30e-08	0.00e+00	0.00e+00	0.00e+00	0.00e+00	0.00e+00	0.00e+00	8.61e-01	7.43e-02	5.23e-02
 2.16686e+17	9.88e-01	1.24e-02	2.95e-08	0.00e+00	0.00e+00	0.00e+00	0.00e+00	0.00e+00	0.00e+00	8.61e-01	7.42e-02	5.22e-02
 2.16707e+17	9.88e-01	1.20e-02	2.64e-08	0.00e+00	0.00e+00	0.00e+00	0.00e+00	0.00e+00	0.00e+00	8.62e-01	7.40e-02	5.21e-02
 2.16727e+17	9.88e-01	1.16e-02	2.36e-08	0.00e+00	0.00e+00	0.00e+00	0.00e+00	0.00e+00	0.00e+00	8.62e-01	7.39e-02	5.20e-02
 2.16748e+17	9.89e-01	1.12e-02	2.11e-08	0.00e+00	0.00e+00	0.00e+00	0.00e+00	0.00e+00	0.00e+00	8.63e-01	7.38e-02	5.19e-02
 2.16769e+17	9.89e-01	1.08e-02	1.89e-08	0.00e+00	0.00e+00	0.00e+00	0.00e+00	0.00e+00	0.00e+00	8.64e-01	7.37e-02	5.19e-02
 2.16790e+17	9.90e-01	1.04e-02	1.69e-08	0.00e+00	0.00e+00	0.00e+00	0.00e+00	0.00e+00	0.00e+00	8.64e-01	7.35e-02	5.18e-02
 2.16810e+17	9.90e-01	1.00e-02	1.52e-08	0.00e+00	0.00e+00	0.00e+00	0.00e+00	0.00e+00	0.00e+00	8.65e-01	7.34e-02	5.17e-02
 2.16831e+17	9.90e-01	9.69e-03	1.36e-08	0.00e+00	0.00e+00	0.00e+00	0.00e+00	0.00e+00	0.00e+00	8.65e-01	7.33e-02	5.17e-02
 2.16852e+17	9.91e-01	9.35e-03	1.22e-08	0.00e+00	0.00e+00	0.00e+00	0.00e+00	0.00e+00	0.00e+00	8.66e-01	7.32e-02	5.16e-02
 2.16872e+17	9.91e-01	9.03e-03	1.09e-08	0.00e+00	0.00e+00	0.00e+00	0.00e+00	0.00e+00	0.00e+00	8.66e-01	7.31e-02	5.15e-02
 2.16893e+17	9.91e-01	8.73e-03	9.79e-09	0.00e+00	0.00e+00	0.00e+00	0.00e+00	0.00e+00	0.00e+00	8.67e-01	7.30e-02	5.15e-02
 2.16914e+17	9.92e-01	8.47e-03	8.81e-09	0.00e+00	0.00e+00	0.00e+00	0.00e+00	0.00e+00	0.00e+00	8.67e-01	7.29e-02	5.14e-02
 2.16935e+17	9.92e-01	8.29e-03	7.98e-09	0.00e+00	0.00e+00	0.00e+00	0.00e+00	0.00e+00	0.00e+00	8.67e-01	7.28e-02	5.14e-02
 2.16961e+17	9.92e-01	8.02e-03	7.02e-09	0.00e+00	0.00e+00	0.00e+00	0.00e+00	0.00e+00	0.00e+00	8.68e-01	7.27e-02	5.13e-02
 2.16989e+17	9.92e-01	7.76e-03	6.13e-09	0.00e+00	0.00e+00	0.00e+00	0.00e+00	0.00e+00	0.00e+00	8.68e-01	7.27e-02	5.13e-02
 2.17016e+17	9.92e-01	7.52e-03	5.39e-09	0.00e+00	0.00e+00	0.00e+00	0.00e+00	0.00e+00	0.00e+00	8.69e-01	7.26e-02	5.12e-02
 2.17042e+17	9.93e-01	7.28e-03	4.76e-09	0.00e+00	0.00e+00	0.00e+00	0.00e+00	0.00e+00	0.00e+00	8.69e-01	7.25e-02	5.12e-02
 2.17070e+17	9.93e-01	7.05e-03	4.18e-09	0.00e+00	0.00e+00	0.00e+00	0.00e+00	0.00e+00	0.00e+00	8.69e-01	7.24e-02	5.11e-02
 2.17097e+17	9.93e-01	6.83e-03	3.67e-09	0.00e+00	0.00e+00	0.00e+00	0.00e+00	0.00e+00	0.00e+00	8.70e-01	7.23e-02	5.11e-02
 2.17125e+17	9.93e-01	6.62e-03	3.22e-09	0.00e+00	0.00e+00	0.00e+00	0.00e+00	0.00e+00	0.00e+00	8.70e-01	7.23e-02	5.10e-02
 2.17153e+17	9.94e-01	6.42e-03	2.82e-09	0.00e+00	0.00e+00	0.00e+00	0.00e+00	0.00e+00	0.00e+00	8.70e-01	7.22e-02	5.10e-02
 2.17182e+17	9.94e-01	6.22e-03	2.46e-09	0.00e+00	0.00e+00	0.00e+00	0.00e+00	0.00e+00	0.00e+00	8.71e-01	7.21e-02	5.09e-02
 2.17212e+17	9.94e-01	6.03e-03	2.14e-09	0.00e+00	0.00e+00	0.00e+00	0.00e+00	0.00e+00	0.00e+00	8.71e-01	7.20e-02	5.09e-02
 2.17243e+17	9.94e-01	5.84e-03	1.85e-09	0.00e+00	0.00e+00	0.00e+00	0.00e+00	0.00e+00	0.00e+00	8.71e-01	7.20e-02	5.09e-02
 2.17275e+17	9.94e-01	5.66e-03	1.60e-09	0.00e+00	0.00e+00	0.00e+00	0.00e+00	0.00e+00	0.00e+00	8.72e-01	7.19e-02	5.08e-02
 2.17309e+17	9.95e-01	5.49e-03	1.38e-09	0.00e+00	0.00e+00	0.00e+00	0.00e+00	0.00e+00	0.00e+00	8.72e-01	7.18e-02	5.08e-02
 2.17344e+17	9.95e-01	5.32e-03	1.18e-09	0.00e+00	0.00e+00	0.00e+00	0.00e+00	0.00e+00	0.00e+00	8.72e-01	7.18e-02	5.07e-02
 2.17380e+17	9.95e-01	5.16e-03	1.00e-09	0.00e+00	0.00e+00	0.00e+00	0.00e+00	0.00e+00	0.00e+00	8.72e-01	7.17e-02	5.07e-02
 2.17419e+17	9.95e-01	5.00e-03	8.45e-10	0.00e+00	0.00e+00	0.00e+00	0.00e+00	0.00e+00	0.00e+00	8.73e-01	7.16e-02	5.06e-02
 2.17460e+17	9.95e-01	4.85e-03	7.08e-10	0.00e+00	0.00e+00	0.00e+00	0.00e+00	0.00e+00	0.00e+00	8.73e-01	7.16e-02	5.06e-02
 2.17503e+17	9.95e-01	4.71e-03	5.89e-10	0.00e+00	0.00e+00	0.00e+00	0.00e+00	0.00e+00	0.00e+00	8.73e-01	7.15e-02	5.05e-02
 2.17547e+17	9.95e-01	4.58e-03	4.90e-10	0.00e+00	0.00e+00	0.00e+00	0.00e+00	0.00e+00	0.00e+00	8.73e-01	7.14e-02	5.05e-02
 2.17592e+17	9.96e-01	4.47e-03	4.09e-10	0.00e+00	0.00e+00	0.00e+00	0.00e+00	0.00e+00	0.00e+00	8.74e-01	7.14e-02	5.05e-02
 2.17637e+17	9.96e-01	4.36e-03	3.40e-10	0.00e+00	0.00e+00	0.00e+00	0.00e+00	0.00e+00	0.00e+00	8.74e-01	7.13e-02	5.04e-02
 2.17683e+17	9.96e-01	4.27e-03	2.83e-10	0.00e+00	0.00e+00	0.00e+00	0.00e+00	0.00e+00	0.00e+00	8.74e-01	7.13e-02	5.04e-02
 2.17731e+17	9.96e-01	4.18e-03	2.34e-10	0.00e+00	0.00e+00	0.00e+00	0.00e+00	0.00e+00	0.00e+00	8.74e-01	7.12e-02	5.04e-02
 2.17780e+17	9.96e-01	4.10e-03	1.93e-10	0.00e+00	0.00e+00	0.00e+00	0.00e+00	0.00e+00	0.00e+00	8.74e-01	7.12e-02	5.03e-02
 2.17831e+17	9.96e-01	4.02e-03	1.58e-10	0.00e+00	0.00e+00	0.00e+00	0.00e+00	0.00e+00	0.00e+00	8.75e-01	7.11e-02	5.03e-02
 2.17885e+17	9.96e-01	3.96e-03	1.29e-10	0.00e+00	0.00e+00	0.00e+00	0.00e+00	0.00e+00	0.00e+00	8.75e-01	7.11e-02	5.03e-02
 2.17941e+17	9.96e-01	3.89e-03	1.04e-10	0.00e+00	0.00e+00	0.00e+00	0.00e+00	0.00e+00	0.00e+00	8.75e-01	7.11e-02	5.02e-02
 2.18001e+17	9.96e-01	3.83e-03	8.25e-11	0.00e+00	0.00e+00	0.00e+00	0.00e+00	0.00e+00	0.00e+00	8.75e-01	7.10e-02	5.02e-02
 2.18066e+17	9.96e-01	3.78e-03	6.46e-11	0.00e+00	0.00e+00	0.00e+00	0.00e+00	0.00e+00	0.00e+00	8.75e-01	7.10e-02	5.02e-02
 2.18138e+17	9.96e-01	3.73e-03	4.95e-11	0.00e+00	0.00e+00	0.00e+00	0.00e+00	0.00e+00	0.00e+00	8.75e-01	7.09e-02	5.01e-02
 2.18217e+17	9.96e-01	3.68e-03	3.69e-11	0.00e+00	0.00e+00	0.00e+00	0.00e+00	0.00e+00	0.00e+00	8.75e-01	7.09e-02	5.01e-02
 2.18302e+17	9.96e-01	3.63e-03	2.71e-11	0.00e+00	0.00e+00	0.00e+00	0.00e+00	0.00e+00	0.00e+00	8.75e-01	7.09e-02	5.01e-02
 2.18387e+17	9.96e-01	3.59e-03	1.99e-11	0.00e+00	0.00e+00	0.00e+00	0.00e+00	0.00e+00	0.00e+00	8.76e-01	7.08e-02	5.00e-02
 2.18472e+17	9.96e-01	3.56e-03	1.47e-11	0.00e+00	0.00e+00	0.00e+00	0.00e+00	0.00e+00	0.00e+00	8.76e-01	7.08e-02	5.00e-02
 2.18558e+17	9.96e-01	3.53e-03	1.08e-11	0.00e+00	0.00e+00	0.00e+00	0.00e+00	0.00e+00	0.00e+00	8.76e-01	7.08e-02	5.00e-02
 2.18643e+17	9.96e-01	3.50e-03	8.03e-12	0.00e+00	0.00e+00	0.00e+00	0.00e+00	0.00e+00	0.00e+00	8.76e-01	7.08e-02	5.00e-02
 2.18728e+17	9.97e-01	3.48e-03	5.95e-12	0.00e+00	0.00e+00	0.00e+00	0.00e+00	0.00e+00	0.00e+00	8.76e-01	7.07e-02	5.00e-02
 2.18814e+17	9.97e-01	3.46e-03	4.42e-12	0.00e+00	0.00e+00	0.00e+00	0.00e+00	0.00e+00	0.00e+00	8.76e-01	7.07e-02	5.00e-02
 2.18899e+17	9.97e-01	3.44e-03	3.30e-12	0.00e+00	0.00e+00	0.00e+00	0.00e+00	0.00e+00	0.00e+00	8.76e-01	7.07e-02	4.99e-02
 2.18984e+17	9.97e-01	3.42e-03	2.46e-12	0.00e+00	0.00e+00	0.00e+00	0.00e+00	0.00e+00	0.00e+00	8.76e-01	7.07e-02	4.99e-02
 2.19077e+17	9.97e-01	3.39e-03	1.79e-12	0.00e+00	0.00e+00	0.00e+00	0.00e+00	0.00e+00	0.00e+00	8.76e-01	7.07e-02	4.99e-02
 2.19177e+17	9.97e-01	3.38e-03	1.28e-12	0.00e+00	0.00e+00	0.00e+00	0.00e+00	0.00e+00	0.00e+00	8.76e-01	7.07e-02	4.99e-02
 2.19277e+17	9.97e-01	3.36e-03	9.30e-13	0.00e+00	0.00e+00	0.00e+00	0.00e+00	0.00e+00	0.00e+00	8.76e-01	7.06e-02	4.99e-02
 2.19377e+17	9.97e-01	3.34e-03	6.80e-13	0.00e+00	0.00e+00	0.00e+00	0.00e+00	0.00e+00	0.00e+00	8.76e-01	7.06e-02	4.99e-02
 2.19477e+17	9.97e-01	3.32e-03	5.05e-13	0.00e+00	0.00e+00	0.00e+00	0.00e+00	0.00e+00	0.00e+00	8.76e-01	7.06e-02	4.99e-02
 2.19578e+17	9.97e-01	3.30e-03	3.81e-13	0.00e+00	0.00e+00	0.00e+00	0.00e+00	0.00e+00	0.00e+00	8.76e-01	7.06e-02	4.99e-02
 2.19678e+17	9.97e-01	3.28e-03	2.93e-13	0.00e+00	0.00e+00	0.00e+00	0.00e+00	0.00e+00	0.00e+00	8.76e-01	7.06e-02	4.99e-02
 2.19778e+17	9.97e-01	3.27e-03	2.30e-13	0.00e+00	0.00e+00	0.00e+00	0.00e+00	0.00e+00	0.00e+00	8.76e-01	7.06e-02	4.99e-02
 2.19878e+17	9.97e-01	3.25e-03	1.86e-13	0.00e+00	0.00e+00	0.00e+00	0.00e+00	0.00e+00	0.00e+00	8.76e-01	7.06e-02	4.98e-02
 2.19978e+17	9.97e-01	3.24e-03	1.55e-13	0.00e+00	0.00e+00	0.00e+00	0.00e+00	0.00e+00	0.00e+00	8.76e-01	7.05e-02	4.98e-02
 2.20078e+17	9.97e-01	3.22e-03	1.33e-13	0.00e+00	0.00e+00	0.00e+00	0.00e+00	0.00e+00	0.00e+00	8.76e-01	7.05e-02	4.98e-02
 2.20178e+17	9.97e-01	3.20e-03	1.17e-13	0.00e+00	0.00e+00	0.00e+00	0.00e+00	0.00e+00	0.00e+00	8.76e-01	7.05e-02	4.98e-02
 2.20279e+17	9.97e-01	3.19e-03	1.06e-13	0.00e+00	0.00e+00	0.00e+00	0.00e+00	0.00e+00	0.00e+00	8.76e-01	7.05e-02	4.98e-02
 2.20379e+17	9.97e-01	3.18e-03	9.72e-14	0.00e+00	0.00e+00	0.00e+00	0.00e+00	0.00e+00	0.00e+00	8.77e-01	7.05e-02	4.98e-02
 2.20479e+17	9.97e-01	3.16e-03	9.13e-14	0.00e+00	0.00e+00	0.00e+00	0.00e+00	0.00e+00	0.00e+00	8.77e-01	7.05e-02	4.98e-02
 2.20579e+17	9.97e-01	3.15e-03	8.70e-14	0.00e+00	0.00e+00	0.00e+00	0.00e+00	0.00e+00	0.00e+00	8.77e-01	7.05e-02	4.98e-02
 2.20679e+17	9.97e-01	3.13e-03	8.39e-14	0.00e+00	0.00e+00	0.00e+00	0.00e+00	0.00e+00	0.00e+00	8.77e-01	7.05e-02	4.98e-02
 2.20779e+17	9.97e-01	3.12e-03	8.16e-14	0.00e+00	0.00e+00	0.00e+00	0.00e+00	0.00e+00	0.00e+00	8.77e-01	7.04e-02	4.98e-02
 2.20879e+17	9.97e-01	3.11e-03	7.98e-14	0.00e+00	0.00e+00	0.00e+00	0.00e+00	0.00e+00	0.00e+00	8.77e-01	7.04e-02	4.98e-02
 2.20980e+17	9.97e-01	3.10e-03	7.85e-14	0.00e+00	0.00e+00	0.00e+00	0.00e+00	0.00e+00	0.00e+00	8.77e-01	7.04e-02	4.98e-02
 2.21080e+17	9.97e-01	3.09e-03	7.76e-14	0.00e+00	0.00e+00	0.00e+00	0.00e+00	0.00e+00	0.00e+00	8.77e-01	7.04e-02	4.98e-02
 2.21180e+17	9.97e-01	3.07e-03	7.68e-14	0.00e+00	0.00e+00	0.00e+00	0.00e+00	0.00e+00	0.00e+00	8.77e-01	7.04e-02	4.97e-02
 2.21280e+17	9.97e-01	3.06e-03	7.61e-14	0.00e+00	0.00e+00	0.00e+00	0.00e+00	0.00e+00	0.00e+00	8.77e-01	7.04e-02	4.97e-02
 2.21380e+17	9.97e-01	3.05e-03	7.55e-14	0.00e+00	0.00e+00	0.00e+00	0.00e+00	0.00e+00	0.00e+00	8.77e-01	7.04e-02	4.97e-02
 2.21480e+17	9.97e-01	3.04e-03	7.51e-14	0.00e+00	0.00e+00	0.00e+00	0.00e+00	0.00e+00	0.00e+00	8.77e-01	7.04e-02	4.97e-02
 2.21580e+17	9.97e-01	3.03e-03	7.48e-14	0.00e+00	0.00e+00	0.00e+00	0.00e+00	0.00e+00	0.00e+00	8.77e-01	7.04e-02	4.97e-02
 2.21681e+17	9.97e-01	3.01e-03	7.44e-14	0.00e+00	0.00e+00	0.00e+00	0.00e+00	0.00e+00	0.00e+00	8.77e-01	7.03e-02	4.97e-02
 2.21781e+17	9.97e-01	3.00e-03	7.42e-14	0.00e+00	0.00e+00	0.00e+00	0.00e+00	0.00e+00	0.00e+00	8.77e-01	7.03e-02	4.97e-02
 2.21881e+17	9.97e-01	2.99e-03	7.38e-14	0.00e+00	0.00e+00	0.00e+00	0.00e+00	0.00e+00	0.00e+00	8.77e-01	7.03e-02	4.97e-02
 2.21981e+17	9.97e-01	2.98e-03	7.36e-14	0.00e+00	0.00e+00	0.00e+00	0.00e+00	0.00e+00	0.00e+00	8.77e-01	7.03e-02	4.97e-02
 2.22081e+17	9.97e-01	2.97e-03	7.33e-14	0.00e+00	0.00e+00	0.00e+00	0.00e+00	0.00e+00	0.00e+00	8.77e-01	7.03e-02	4.97e-02
 2.22181e+17	9.97e-01	2.96e-03	7.31e-14	0.00e+00	0.00e+00	0.00e+00	0.00e+00	0.00e+00	0.00e+00	8.77e-01	7.03e-02	4.97e-02
 2.22281e+17	9.97e-01	2.95e-03	7.28e-14	0.00e+00	0.00e+00	0.00e+00	0.00e+00	0.00e+00	0.00e+00	8.77e-01	7.03e-02	4.97e-02
 2.22381e+17	9.97e-01	2.94e-03	7.26e-14	0.00e+00	0.00e+00	0.00e+00	0.00e+00	0.00e+00	0.00e+00	8.77e-01	7.03e-02	4.97e-02
 2.22482e+17	9.97e-01	2.93e-03	7.24e-14	0.00e+00	0.00e+00	0.00e+00	0.00e+00	0.00e+00	0.00e+00	8.77e-01	7.03e-02	4.97e-02
 2.22582e+17	9.97e-01	2.92e-03	7.22e-14	0.00e+00	0.00e+00	0.00e+00	0.00e+00	0.00e+00	0.00e+00	8.77e-01	7.02e-02	4.96e-02
 2.22682e+17	9.97e-01	2.91e-03	7.20e-14	0.00e+00	0.00e+00	0.00e+00	0.00e+00	0.00e+00	0.00e+00	8.77e-01	7.02e-02	4.96e-02
 2.22782e+17	9.97e-01	2.90e-03	7.18e-14	0.00e+00	0.00e+00	0.00e+00	0.00e+00	0.00e+00	0.00e+00	8.77e-01	7.02e-02	4.96e-02
 2.22882e+17	9.97e-01	2.89e-03	7.16e-14	0.00e+00	0.00e+00	0.00e+00	0.00e+00	0.00e+00	0.00e+00	8.77e-01	7.02e-02	4.96e-02
 2.22982e+17	9.97e-01	2.88e-03	7.15e-14	0.00e+00	0.00e+00	0.00e+00	0.00e+00	0.00e+00	0.00e+00	8.77e-01	7.02e-02	4.96e-02
 2.23082e+17	9.97e-01	2.87e-03	7.12e-14	0.00e+00	0.00e+00	0.00e+00	0.00e+00	0.00e+00	0.00e+00	8.77e-01	7.02e-02	4.96e-02
 2.23182e+17	9.97e-01	2.86e-03	7.11e-14	0.00e+00	0.00e+00	0.00e+00	0.00e+00	0.00e+00	0.00e+00	8.77e-01	7.02e-02	4.96e-02
 2.23283e+17	9.97e-01	2.85e-03	7.08e-14	0.00e+00	0.00e+00	0.00e+00	0.00e+00	0.00e+00	0.00e+00	8.77e-01	7.02e-02	4.96e-02
 2.23383e+17	9.97e-01	2.85e-03	7.07e-14	0.00e+00	0.00e+00	0.00e+00	0.00e+00	0.00e+00	0.00e+00	8.77e-01	7.02e-02	4.96e-02
 2.23483e+17	9.97e-01	2.84e-03	7.04e-14	0.00e+00	0.00e+00	0.00e+00	0.00e+00	0.00e+00	0.00e+00	8.77e-01	7.01e-02	4.96e-02
 2.23583e+17	9.97e-01	2.83e-03	7.03e-14	0.00e+00	0.00e+00	0.00e+00	0.00e+00	0.00e+00	0.00e+00	8.77e-01	7.01e-02	4.96e-02
 2.23683e+17	9.97e-01	2.82e-03	7.01e-14	0.00e+00	0.00e+00	0.00e+00	0.00e+00	0.00e+00	0.00e+00	8.77e-01	7.01e-02	4.96e-02
 2.23783e+17	9.97e-01	2.81e-03	7.00e-14	0.00e+00	0.00e+00	0.00e+00	0.00e+00	0.00e+00	0.00e+00	8.78e-01	7.01e-02	4.96e-02
 2.23883e+17	9.97e-01	2.80e-03	6.97e-14	0.00e+00	0.00e+00	0.00e+00	0.00e+00	0.00e+00	0.00e+00	8.78e-01	7.01e-02	4.96e-02
 2.23983e+17	9.97e-01	2.80e-03	6.96e-14	0.00e+00	0.00e+00	0.00e+00	0.00e+00	0.00e+00	0.00e+00	8.78e-01	7.01e-02	4.96e-02
 2.24083e+17	9.97e-01	2.78e-03	6.94e-14	0.00e+00	0.00e+00	0.00e+00	0.00e+00	0.00e+00	0.00e+00	8.78e-01	7.01e-02	4.95e-02
 2.24184e+17	9.97e-01	2.78e-03	6.93e-14	0.00e+00	0.00e+00	0.00e+00	0.00e+00	0.00e+00	0.00e+00	8.78e-01	7.01e-02	4.95e-02
 2.24284e+17	9.97e-01	2.77e-03	6.91e-14	0.00e+00	0.00e+00	0.00e+00	0.00e+00	0.00e+00	0.00e+00	8.78e-01	7.01e-02	4.95e-02
 2.24384e+17	9.97e-01	2.76e-03	6.90e-14	0.00e+00	0.00e+00	0.00e+00	0.00e+00	0.00e+00	0.00e+00	8.78e-01	7.01e-02	4.95e-02
 2.24484e+17	9.97e-01	2.75e-03	6.87e-14	0.00e+00	0.00e+00	0.00e+00	0.00e+00	0.00e+00	0.00e+00	8.78e-01	7.00e-02	4.95e-02
 2.24584e+17	9.97e-01	2.75e-03	6.86e-14	0.00e+00	0.00e+00	0.00e+00	0.00e+00	0.00e+00	0.00e+00	8.78e-01	7.00e-02	4.95e-02
 2.24684e+17	9.97e-01	2.74e-03	6.84e-14	0.00e+00	0.00e+00	0.00e+00	0.00e+00	0.00e+00	0.00e+00	8.78e-01	7.00e-02	4.95e-02
 2.24784e+17	9.97e-01	2.73e-03	6.83e-14	0.00e+00	0.00e+00	0.00e+00	0.00e+00	0.00e+00	0.00e+00	8.78e-01	7.00e-02	4.95e-02
 2.24884e+17	9.97e-01	2.72e-03	6.81e-14	0.00e+00	0.00e+00	0.00e+00	0.00e+00	0.00e+00	0.00e+00	8.78e-01	7.00e-02	4.95e-02
 2.24985e+17	9.97e-01	2.72e-03	6.80e-14	0.00e+00	0.00e+00	0.00e+00	0.00e+00	0.00e+00	0.00e+00	8.78e-01	7.00e-02	4.95e-02
 2.25085e+17	9.97e-01	2.71e-03	6.78e-14	0.00e+00	0.00e+00	0.00e+00	0.00e+00	0.00e+00	0.00e+00	8.78e-01	7.00e-02	4.95e-02
 2.25185e+17	9.97e-01	2.70e-03	6.77e-14	0.00e+00	0.00e+00	0.00e+00	0.00e+00	0.00e+00	0.00e+00	8.78e-01	7.00e-02	4.95e-02
 2.25285e+17	9.97e-01	2.69e-03	6.75e-14	0.00e+00	0.00e+00	0.00e+00	0.00e+00	0.00e+00	0.00e+00	8.78e-01	7.00e-02	4.95e-02
 2.25385e+17	9.97e-01	2.69e-03	6.74e-14	0.00e+00	0.00e+00	0.00e+00	0.00e+00	0.00e+00	0.00e+00	8.78e-01	7.00e-02	4.95e-02
 2.25485e+17	9.97e-01	2.68e-03	6.72e-14	0.00e+00	0.00e+00	0.00e+00	0.00e+00	0.00e+00	0.00e+00	8.78e-01	6.99e-02	4.95e-02
 2.25585e+17	9.97e-01	2.67e-03	6.71e-14	0.00e+00	0.00e+00	0.00e+00	0.00e+00	0.00e+00	0.00e+00	8.78e-01	6.99e-02	4.94e-02
 2.25685e+17	9.97e-01	2.67e-03	6.69e-14	0.00e+00	0.00e+00	0.00e+00	0.00e+00	0.00e+00	0.00e+00	8.78e-01	6.99e-02	4.94e-02
 2.25785e+17	9.97e-01	2.66e-03	6.68e-14	0.00e+00	0.00e+00	0.00e+00	0.00e+00	0.00e+00	0.00e+00	8.78e-01	6.99e-02	4.94e-02
 2.25886e+17	9.97e-01	2.65e-03	6.66e-14	0.00e+00	0.00e+00	0.00e+00	0.00e+00	0.00e+00	0.00e+00	8.78e-01	6.99e-02	4.94e-02
 2.25986e+17	9.97e-01	2.65e-03	6.65e-14	0.00e+00	0.00e+00	0.00e+00	0.00e+00	0.00e+00	0.00e+00	8.78e-01	6.99e-02	4.94e-02
 2.26086e+17	9.97e-01	2.64e-03	6.63e-14	0.00e+00	0.00e+00	0.00e+00	0.00e+00	0.00e+00	0.00e+00	8.78e-01	6.99e-02	4.94e-02
 2.26186e+17	9.97e-01	2.63e-03	6.62e-14	0.00e+00	0.00e+00	0.00e+00	0.00e+00	0.00e+00	0.00e+00	8.78e-01	6.99e-02	4.94e-02
 2.26286e+17	9.97e-01	2.63e-03	6.61e-14	0.00e+00	0.00e+00	0.00e+00	0.00e+00	0.00e+00	0.00e+00	8.78e-01	6.99e-02	4.94e-02
 2.26386e+17	9.97e-01	2.62e-03	6.60e-14	0.00e+00	0.00e+00	0.00e+00	0.00e+00	0.00e+00	0.00e+00	8.78e-01	6.99e-02	4.94e-02
 2.26486e+17	9.97e-01	2.61e-03	6.58e-14	0.00e+00	0.00e+00	0.00e+00	0.00e+00	0.00e+00	0.00e+00	8.78e-01	6.98e-02	4.94e-02
 2.26586e+17	9.97e-01	2.61e-03	6.57e-14	0.00e+00	0.00e+00	0.00e+00	0.00e+00	0.00e+00	0.00e+00	8.78e-01	6.98e-02	4.94e-02
 2.26686e+17	9.97e-01	2.60e-03	6.55e-14	0.00e+00	0.00e+00	0.00e+00	0.00e+00	0.00e+00	0.00e+00	8.78e-01	6.98e-02	4.94e-02
 2.26787e+17	9.97e-01	2.60e-03	6.54e-14	0.00e+00	0.00e+00	0.00e+00	0.00e+00	0.00e+00	0.00e+00	8.78e-01	6.98e-02	4.94e-02
 2.26887e+17	9.97e-01	2.59e-03	6.52e-14	0.00e+00	0.00e+00	0.00e+00	0.00e+00	0.00e+00	0.00e+00	8.78e-01	6.98e-02	4.94e-02
 2.26987e+17	9.97e-01	2.58e-03	6.52e-14	0.00e+00	0.00e+00	0.00e+00	0.00e+00	0.00e+00	0.00e+00	8.78e-01	6.98e-02	4.94e-02
 2.27087e+17	9.97e-01	2.58e-03	6.51e-14	0.00e+00	0.00e+00	0.00e+00	0.00e+00	0.00e+00	0.00e+00	8.78e-01	6.98e-02	4.94e-02
 2.27187e+17	9.97e-01	2.57e-03	6.49e-14	0.00e+00	0.00e+00	0.00e+00	0.00e+00	0.00e+00	0.00e+00	8.78e-01	6.98e-02	4.93e-02
 2.27287e+17	9.97e-01	2.56e-03	6.47e-14	0.00e+00	0.00e+00	0.00e+00	0.00e+00	0.00e+00	0.00e+00	8.78e-01	6.98e-02	4.93e-02
