#depth	O	O+	O+2	O+3	O+4	O+5	O+6	O+7	O+8	O[1]	O[2]	O[3]
 4.49598e+12	0.00e+00	0.00e+00	1.77e-04	4.77e-01	5.23e-01	3.72e-05	0.00e+00	0.00e+00	0.00e+00	0.00e+00	0.00e+00	0.00e+00
 2.69759e+13	0.00e+00	0.00e+00	1.78e-04	4.77e-01	5.23e-01	3.72e-05	0.00e+00	0.00e+00	0.00e+00	0.00e+00	0.00e+00	0.00e+00
 1.16895e+14	0.00e+00	0.00e+00	1.79e-04	4.78e-01	5.22e-01	3.70e-05	0.00e+00	0.00e+00	0.00e+00	0.00e+00	0.00e+00	0.00e+00
 4.76574e+14	0.00e+00	0.00e+00	1.82e-04	4.82e-01	5.18e-01	3.62e-05	0.00e+00	0.00e+00	0.00e+00	0.00e+00	0.00e+00	0.00e+00
 1.13838e+15	0.00e+00	0.00e+00	1.90e-04	4.88e-01	5.12e-01	3.48e-05	0.00e+00	0.00e+00	0.00e+00	0.00e+00	0.00e+00	0.00e+00
 1.99873e+15	0.00e+00	0.00e+00	2.00e-04	4.96e-01	5.03e-01	3.31e-05	0.00e+00	0.00e+00	0.00e+00	0.00e+00	0.00e+00	0.00e+00
 3.11719e+15	0.00e+00	0.00e+00	2.14e-04	5.07e-01	4.93e-01	3.11e-05	0.00e+00	0.00e+00	0.00e+00	0.00e+00	0.00e+00	0.00e+00
 4.57118e+15	0.00e+00	0.00e+00	2.32e-04	5.21e-01	4.79e-01	2.87e-05	0.00e+00	0.00e+00	0.00e+00	0.00e+00	0.00e+00	0.00e+00
 6.46137e+15	0.00e+00	0.00e+00	2.57e-04	5.37e-01	4.62e-01	2.59e-05	0.00e+00	0.00e+00	0.00e+00	0.00e+00	0.00e+00	0.00e+00
 8.68040e+15	0.00e+00	0.00e+00	2.87e-04	5.56e-01	4.43e-01	2.31e-05	0.00e+00	0.00e+00	0.00e+00	0.00e+00	0.00e+00	0.00e+00
 1.10278e+16	0.00e+00	0.00e+00	3.20e-04	5.75e-01	4.24e-01	2.05e-05	0.00e+00	0.00e+00	0.00e+00	0.00e+00	0.00e+00	0.00e+00
 1.34690e+16	0.00e+00	0.00e+00	3.56e-04	5.94e-01	4.05e-01	1.82e-05	0.00e+00	0.00e+00	0.00e+00	0.00e+00	0.00e+00	0.00e+00
 1.60079e+16	0.00e+00	0.00e+00	3.95e-04	6.13e-01	3.87e-01	1.61e-05	0.00e+00	0.00e+00	0.00e+00	0.00e+00	0.00e+00	0.00e+00
 1.86484e+16	0.00e+00	0.00e+00	4.40e-04	6.31e-01	3.69e-01	1.42e-05	0.00e+00	0.00e+00	0.00e+00	0.00e+00	0.00e+00	0.00e+00
 2.13944e+16	0.00e+00	0.00e+00	4.88e-04	6.49e-01	3.51e-01	1.26e-05	0.00e+00	0.00e+00	0.00e+00	0.00e+00	0.00e+00	0.00e+00
 2.42503e+16	0.00e+00	0.00e+00	5.42e-04	6.67e-01	3.33e-01	1.11e-05	0.00e+00	0.00e+00	0.00e+00	0.00e+00	0.00e+00	0.00e+00
 2.72205e+16	0.00e+00	0.00e+00	6.01e-04	6.84e-01	3.16e-01	9.71e-06	0.00e+00	0.00e+00	0.00e+00	0.00e+00	0.00e+00	0.00e+00
 3.03095e+16	0.00e+00	0.00e+00	6.66e-04	7.00e-01	2.99e-01	8.51e-06	0.00e+00	0.00e+00	0.00e+00	0.00e+00	0.00e+00	0.00e+00
 3.35220e+16	0.00e+00	0.00e+00	7.38e-04	7.16e-01	2.83e-01	7.45e-06	0.00e+00	0.00e+00	0.00e+00	0.00e+00	0.00e+00	0.00e+00
 3.68630e+16	0.00e+00	0.00e+00	8.16e-04	7.32e-01	2.67e-01	6.51e-06	0.00e+00	0.00e+00	0.00e+00	0.00e+00	0.00e+00	0.00e+00
 4.03376e+16	0.00e+00	1.03e-10	9.02e-04	7.47e-01	2.52e-01	5.68e-06	0.00e+00	0.00e+00	0.00e+00	0.00e+00	0.00e+00	0.00e+00
 4.39513e+16	0.00e+00	1.23e-10	9.97e-04	7.62e-01	2.37e-01	4.95e-06	0.00e+00	0.00e+00	0.00e+00	0.00e+00	0.00e+00	0.00e+00
 4.77095e+16	0.00e+00	1.47e-10	1.10e-03	7.75e-01	2.23e-01	4.31e-06	0.00e+00	0.00e+00	0.00e+00	0.00e+00	0.00e+00	0.00e+00
 5.16180e+16	0.00e+00	1.75e-10	1.21e-03	7.89e-01	2.10e-01	3.75e-06	0.00e+00	0.00e+00	0.00e+00	0.00e+00	0.00e+00	0.00e+00
 5.56829e+16	0.00e+00	2.08e-10	1.34e-03	8.01e-01	1.97e-01	3.25e-06	0.00e+00	0.00e+00	0.00e+00	0.00e+00	0.00e+00	0.00e+00
 5.99103e+16	0.00e+00	2.48e-10	1.47e-03	8.14e-01	1.85e-01	2.82e-06	0.00e+00	0.00e+00	0.00e+00	0.00e+00	0.00e+00	0.00e+00
 6.43069e+16	0.00e+00	2.94e-10	1.62e-03	8.25e-01	1.73e-01	2.44e-06	0.00e+00	0.00e+00	0.00e+00	0.00e+00	0.00e+00	0.00e+00
 6.88793e+16	0.00e+00	3.50e-10	1.78e-03	8.36e-01	1.62e-01	2.11e-06	0.00e+00	0.00e+00	0.00e+00	0.00e+00	0.00e+00	0.00e+00
 7.36346e+16	0.00e+00	4.15e-10	1.95e-03	8.46e-01	1.52e-01	1.83e-06	0.00e+00	0.00e+00	0.00e+00	0.00e+00	0.00e+00	0.00e+00
 7.85801e+16	0.00e+00	4.91e-10	2.14e-03	8.56e-01	1.42e-01	1.58e-06	0.00e+00	0.00e+00	0.00e+00	0.00e+00	0.00e+00	0.00e+00
 8.37234e+16	0.00e+00	5.85e-10	2.35e-03	8.65e-01	1.32e-01	1.36e-06	0.00e+00	0.00e+00	0.00e+00	0.00e+00	0.00e+00	0.00e+00
 8.90725e+16	0.00e+00	6.92e-10	2.57e-03	8.74e-01	1.23e-01	1.17e-06	0.00e+00	0.00e+00	0.00e+00	0.00e+00	0.00e+00	0.00e+00
 9.46356e+16	0.00e+00	8.19e-10	2.82e-03	8.82e-01	1.15e-01	1.01e-06	0.00e+00	0.00e+00	0.00e+00	0.00e+00	0.00e+00	0.00e+00
 1.00421e+17	0.00e+00	9.70e-10	3.09e-03	8.90e-01	1.07e-01	8.68e-07	0.00e+00	0.00e+00	0.00e+00	0.00e+00	0.00e+00	0.00e+00
 1.06438e+17	0.00e+00	1.16e-09	3.39e-03	8.97e-01	9.95e-02	7.45e-07	0.00e+00	0.00e+00	0.00e+00	0.00e+00	0.00e+00	0.00e+00
 1.12696e+17	0.00e+00	1.36e-09	3.71e-03	9.04e-01	9.25e-02	6.40e-07	0.00e+00	0.00e+00	0.00e+00	0.00e+00	0.00e+00	0.00e+00
 1.19204e+17	0.00e+00	1.61e-09	4.06e-03	9.10e-01	8.59e-02	5.49e-07	0.00e+00	0.00e+00	0.00e+00	0.00e+00	0.00e+00	0.00e+00
 1.25972e+17	0.00e+00	1.91e-09	4.45e-03	9.16e-01	7.97e-02	4.71e-07	0.00e+00	0.00e+00	0.00e+00	0.00e+00	0.00e+00	0.00e+00
 1.33011e+17	0.00e+00	2.28e-09	4.89e-03	9.21e-01	7.39e-02	4.02e-07	0.00e+00	0.00e+00	0.00e+00	0.00e+00	0.00e+00	0.00e+00
 1.40332e+17	0.00e+00	2.69e-09	5.35e-03	9.26e-01	6.84e-02	3.44e-07	0.00e+00	0.00e+00	0.00e+00	0.00e+00	0.00e+00	0.00e+00
 1.47945e+17	0.00e+00	3.18e-09	5.86e-03	9.31e-01	6.33e-02	2.94e-07	0.00e+00	0.00e+00	0.00e+00	0.00e+00	0.00e+00	0.00e+00
 1.55863e+17	0.00e+00	3.77e-09	6.42e-03	9.35e-01	5.86e-02	2.51e-07	0.00e+00	0.00e+00	0.00e+00	0.00e+00	0.00e+00	0.00e+00
 1.64098e+17	0.00e+00	4.51e-09	7.07e-03	9.39e-01	5.41e-02	2.14e-07	0.00e+00	0.00e+00	0.00e+00	0.00e+00	0.00e+00	0.00e+00
 1.72662e+17	0.00e+00	5.33e-09	7.76e-03	9.42e-01	4.99e-02	1.82e-07	0.00e+00	0.00e+00	0.00e+00	0.00e+00	0.00e+00	0.00e+00
 1.81568e+17	0.00e+00	6.32e-09	8.53e-03	9.45e-01	4.60e-02	1.55e-07	0.00e+00	0.00e+00	0.00e+00	0.00e+00	0.00e+00	0.00e+00
 1.90831e+17	0.00e+00	7.54e-09	9.41e-03	9.48e-01	4.23e-02	1.31e-07	0.00e+00	0.00e+00	0.00e+00	0.00e+00	0.00e+00	0.00e+00
 2.00465e+17	0.00e+00	9.12e-09	1.04e-02	9.51e-01	3.89e-02	0.00e+00	0.00e+00	0.00e+00	0.00e+00	0.00e+00	0.00e+00	0.00e+00
 2.10483e+17	0.00e+00	1.09e-08	1.15e-02	9.53e-01	3.57e-02	0.00e+00	0.00e+00	0.00e+00	0.00e+00	0.00e+00	0.00e+00	0.00e+00
 2.20903e+17	0.00e+00	1.30e-08	1.28e-02	9.55e-01	3.27e-02	0.00e+00	0.00e+00	0.00e+00	0.00e+00	0.00e+00	0.00e+00	0.00e+00
 2.31739e+17	0.00e+00	1.56e-08	1.42e-02	9.56e-01	2.99e-02	0.00e+00	0.00e+00	0.00e+00	0.00e+00	0.00e+00	0.00e+00	0.00e+00
 2.43009e+17	0.00e+00	1.90e-08	1.60e-02	9.57e-01	2.73e-02	0.00e+00	0.00e+00	0.00e+00	0.00e+00	0.00e+00	0.00e+00	0.00e+00
 2.54729e+17	0.00e+00	2.30e-08	1.79e-02	9.57e-01	2.48e-02	0.00e+00	0.00e+00	0.00e+00	0.00e+00	0.00e+00	0.00e+00	0.00e+00
 2.65828e+17	0.00e+00	2.75e-08	2.00e-02	9.57e-01	2.27e-02	0.00e+00	0.00e+00	0.00e+00	0.00e+00	0.00e+00	0.00e+00	0.00e+00
 2.75770e+17	0.00e+00	3.23e-08	2.21e-02	9.57e-01	2.09e-02	0.00e+00	0.00e+00	0.00e+00	0.00e+00	0.00e+00	0.00e+00	0.00e+00
 2.86854e+17	0.00e+00	3.92e-08	2.49e-02	9.56e-01	1.91e-02	0.00e+00	0.00e+00	0.00e+00	0.00e+00	0.00e+00	0.00e+00	0.00e+00
 2.99279e+17	0.00e+00	4.80e-08	2.84e-02	9.54e-01	1.73e-02	0.00e+00	0.00e+00	0.00e+00	0.00e+00	0.00e+00	0.00e+00	0.00e+00
 3.10963e+17	0.00e+00	5.81e-08	3.23e-02	9.52e-01	1.57e-02	0.00e+00	0.00e+00	0.00e+00	0.00e+00	0.00e+00	0.00e+00	0.00e+00
 3.21888e+17	0.00e+00	7.00e-08	3.67e-02	9.49e-01	1.43e-02	0.00e+00	0.00e+00	0.00e+00	0.00e+00	0.00e+00	0.00e+00	0.00e+00
 3.34309e+17	0.00e+00	8.82e-08	4.30e-02	9.44e-01	1.27e-02	0.00e+00	0.00e+00	0.00e+00	0.00e+00	0.00e+00	0.00e+00	0.00e+00
 3.47878e+17	0.00e+00	1.13e-07	5.14e-02	9.37e-01	1.12e-02	0.00e+00	0.00e+00	0.00e+00	0.00e+00	0.00e+00	0.00e+00	0.00e+00
 3.59486e+17	0.00e+00	1.44e-07	6.14e-02	9.29e-01	9.93e-03	0.00e+00	0.00e+00	0.00e+00	0.00e+00	0.00e+00	0.00e+00	0.00e+00
 3.68648e+17	0.00e+00	1.73e-07	7.12e-02	9.20e-01	8.95e-03	0.00e+00	0.00e+00	0.00e+00	0.00e+00	0.00e+00	0.00e+00	0.00e+00
 3.76362e+17	0.00e+00	2.09e-07	8.23e-02	9.10e-01	8.12e-03	0.00e+00	0.00e+00	0.00e+00	0.00e+00	0.00e+00	0.00e+00	0.00e+00
 3.83421e+17	0.00e+00	2.50e-07	9.48e-02	8.98e-01	7.35e-03	0.00e+00	0.00e+00	0.00e+00	0.00e+00	0.00e+00	0.00e+00	0.00e+00
 3.90023e+17	0.00e+00	3.00e-07	1.10e-01	8.83e-01	6.62e-03	0.00e+00	0.00e+00	0.00e+00	0.00e+00	0.00e+00	0.00e+00	0.00e+00
 3.95877e+17	0.00e+00	3.55e-07	1.27e-01	8.67e-01	5.96e-03	0.00e+00	0.00e+00	0.00e+00	0.00e+00	0.00e+00	0.00e+00	0.00e+00
 4.00821e+17	0.00e+00	4.19e-07	1.46e-01	8.49e-01	5.37e-03	0.00e+00	0.00e+00	0.00e+00	0.00e+00	0.00e+00	0.00e+00	0.00e+00
 4.04994e+17	0.00e+00	4.87e-07	1.66e-01	8.29e-01	4.86e-03	0.00e+00	0.00e+00	0.00e+00	0.00e+00	0.00e+00	0.00e+00	0.00e+00
 4.08628e+17	0.00e+00	5.62e-07	1.88e-01	8.08e-01	4.38e-03	0.00e+00	0.00e+00	0.00e+00	0.00e+00	0.00e+00	0.00e+00	0.00e+00
 4.11851e+17	0.00e+00	6.43e-07	2.12e-01	7.84e-01	3.94e-03	0.00e+00	0.00e+00	0.00e+00	0.00e+00	0.00e+00	0.00e+00	0.00e+00
 4.14691e+17	0.00e+00	7.35e-07	2.39e-01	7.58e-01	3.53e-03	0.00e+00	0.00e+00	0.00e+00	0.00e+00	0.00e+00	0.00e+00	0.00e+00
 4.17154e+17	0.00e+00	8.29e-07	2.66e-01	7.30e-01	3.15e-03	0.00e+00	0.00e+00	0.00e+00	0.00e+00	0.00e+00	0.00e+00	0.00e+00
 4.19272e+17	0.00e+00	9.33e-07	2.96e-01	7.01e-01	2.80e-03	0.00e+00	0.00e+00	0.00e+00	0.00e+00	0.00e+00	0.00e+00	0.00e+00
 4.21106e+17	0.00e+00	1.03e-06	3.26e-01	6.72e-01	2.49e-03	0.00e+00	0.00e+00	0.00e+00	0.00e+00	0.00e+00	0.00e+00	0.00e+00
 4.22712e+17	0.00e+00	1.14e-06	3.57e-01	6.41e-01	2.21e-03	0.00e+00	0.00e+00	0.00e+00	0.00e+00	0.00e+00	0.00e+00	0.00e+00
 4.24117e+17	0.00e+00	1.24e-06	3.88e-01	6.10e-01	1.95e-03	0.00e+00	0.00e+00	0.00e+00	0.00e+00	0.00e+00	0.00e+00	0.00e+00
 4.25349e+17	0.00e+00	1.34e-06	4.19e-01	5.79e-01	1.71e-03	0.00e+00	0.00e+00	0.00e+00	0.00e+00	0.00e+00	0.00e+00	0.00e+00
 4.26430e+17	0.00e+00	1.44e-06	4.50e-01	5.49e-01	1.50e-03	0.00e+00	0.00e+00	0.00e+00	0.00e+00	0.00e+00	0.00e+00	0.00e+00
 4.27382e+17	0.00e+00	1.53e-06	4.80e-01	5.19e-01	1.31e-03	0.00e+00	0.00e+00	0.00e+00	0.00e+00	0.00e+00	0.00e+00	0.00e+00
 4.28225e+17	0.00e+00	1.62e-06	5.09e-01	4.90e-01	1.15e-03	0.00e+00	0.00e+00	0.00e+00	0.00e+00	0.00e+00	0.00e+00	0.00e+00
 4.28980e+17	0.00e+00	1.69e-06	5.36e-01	4.63e-01	9.96e-04	0.00e+00	0.00e+00	0.00e+00	0.00e+00	0.00e+00	0.00e+00	0.00e+00
 4.29659e+17	0.00e+00	1.76e-06	5.62e-01	4.38e-01	8.64e-04	0.00e+00	0.00e+00	0.00e+00	0.00e+00	0.00e+00	0.00e+00	0.00e+00
 4.30277e+17	0.00e+00	1.81e-06	5.86e-01	4.14e-01	7.46e-04	0.00e+00	0.00e+00	0.00e+00	0.00e+00	0.00e+00	0.00e+00	0.00e+00
 4.30847e+17	0.00e+00	1.86e-06	6.08e-01	3.92e-01	6.42e-04	0.00e+00	0.00e+00	0.00e+00	0.00e+00	0.00e+00	0.00e+00	0.00e+00
 4.31379e+17	0.00e+00	1.89e-06	6.28e-01	3.72e-01	5.50e-04	0.00e+00	0.00e+00	0.00e+00	0.00e+00	0.00e+00	0.00e+00	0.00e+00
 4.31889e+17	0.00e+00	1.91e-06	6.46e-01	3.53e-01	4.67e-04	0.00e+00	0.00e+00	0.00e+00	0.00e+00	0.00e+00	0.00e+00	0.00e+00
 4.32388e+17	0.00e+00	1.92e-06	6.63e-01	3.37e-01	3.93e-04	0.00e+00	0.00e+00	0.00e+00	0.00e+00	0.00e+00	0.00e+00	0.00e+00
 4.32962e+17	0.00e+00	1.92e-06	6.79e-01	3.20e-01	3.16e-04	0.00e+00	0.00e+00	0.00e+00	0.00e+00	0.00e+00	0.00e+00	0.00e+00
 4.33605e+17	0.00e+00	1.89e-06	6.93e-01	3.07e-01	2.44e-04	0.00e+00	0.00e+00	0.00e+00	0.00e+00	0.00e+00	0.00e+00	0.00e+00
 4.34341e+17	0.00e+00	1.87e-06	7.05e-01	2.95e-01	1.77e-04	0.00e+00	0.00e+00	0.00e+00	0.00e+00	0.00e+00	0.00e+00	0.00e+00
 4.35296e+17	0.00e+00	1.84e-06	7.13e-01	2.87e-01	1.14e-04	0.00e+00	0.00e+00	0.00e+00	0.00e+00	0.00e+00	0.00e+00	0.00e+00
 4.36539e+17	0.00e+00	1.82e-06	7.18e-01	2.82e-01	6.36e-05	0.00e+00	0.00e+00	0.00e+00	0.00e+00	0.00e+00	0.00e+00	0.00e+00
 4.38154e+17	0.00e+00	1.81e-06	7.21e-01	2.79e-01	3.00e-05	0.00e+00	0.00e+00	0.00e+00	0.00e+00	0.00e+00	0.00e+00	0.00e+00
 4.40254e+17	0.00e+00	1.82e-06	7.23e-01	2.77e-01	1.17e-05	0.00e+00	0.00e+00	0.00e+00	0.00e+00	0.00e+00	0.00e+00	0.00e+00
 4.42984e+17	0.00e+00	1.84e-06	7.26e-01	2.74e-01	3.68e-06	0.00e+00	0.00e+00	0.00e+00	0.00e+00	0.00e+00	0.00e+00	0.00e+00
 4.46533e+17	0.00e+00	1.87e-06	7.29e-01	2.71e-01	9.13e-07	0.00e+00	0.00e+00	0.00e+00	0.00e+00	0.00e+00	0.00e+00	0.00e+00
 4.51147e+17	0.00e+00	1.91e-06	7.33e-01	2.67e-01	1.78e-07	0.00e+00	0.00e+00	0.00e+00	0.00e+00	0.00e+00	0.00e+00	0.00e+00
 4.57145e+17	0.00e+00	1.96e-06	7.38e-01	2.62e-01	0.00e+00	0.00e+00	0.00e+00	0.00e+00	0.00e+00	0.00e+00	0.00e+00	0.00e+00
 4.64942e+17	0.00e+00	2.03e-06	7.45e-01	2.55e-01	0.00e+00	0.00e+00	0.00e+00	0.00e+00	0.00e+00	0.00e+00	0.00e+00	0.00e+00
 4.75078e+17	0.00e+00	2.12e-06	7.53e-01	2.47e-01	0.00e+00	0.00e+00	0.00e+00	0.00e+00	0.00e+00	0.00e+00	0.00e+00	0.00e+00
 4.88256e+17	0.00e+00	2.24e-06	7.63e-01	2.37e-01	0.00e+00	0.00e+00	0.00e+00	0.00e+00	0.00e+00	0.00e+00	0.00e+00	0.00e+00
 5.05386e+17	0.00e+00	2.40e-06	7.75e-01	2.25e-01	0.00e+00	0.00e+00	0.00e+00	0.00e+00	0.00e+00	0.00e+00	0.00e+00	0.00e+00
 5.26370e+17	0.00e+00	2.61e-06	7.89e-01	2.11e-01	0.00e+00	0.00e+00	0.00e+00	0.00e+00	0.00e+00	0.00e+00	0.00e+00	0.00e+00
 5.49425e+17	0.00e+00	2.84e-06	8.02e-01	1.98e-01	0.00e+00	0.00e+00	0.00e+00	0.00e+00	0.00e+00	0.00e+00	0.00e+00	0.00e+00
 5.73402e+17	0.00e+00	3.09e-06	8.15e-01	1.85e-01	0.00e+00	0.00e+00	0.00e+00	0.00e+00	0.00e+00	0.00e+00	0.00e+00	0.00e+00
 5.98338e+17	0.00e+00	3.36e-06	8.28e-01	1.72e-01	0.00e+00	0.00e+00	0.00e+00	0.00e+00	0.00e+00	0.00e+00	0.00e+00	0.00e+00
 6.24272e+17	0.00e+00	3.65e-06	8.39e-01	1.61e-01	0.00e+00	0.00e+00	0.00e+00	0.00e+00	0.00e+00	0.00e+00	0.00e+00	0.00e+00
 6.51243e+17	0.00e+00	3.97e-06	8.50e-01	1.50e-01	0.00e+00	0.00e+00	0.00e+00	0.00e+00	0.00e+00	0.00e+00	0.00e+00	0.00e+00
 6.79292e+17	0.00e+00	4.31e-06	8.60e-01	1.40e-01	0.00e+00	0.00e+00	0.00e+00	0.00e+00	0.00e+00	0.00e+00	0.00e+00	0.00e+00
 7.08464e+17	0.00e+00	4.68e-06	8.70e-01	1.30e-01	0.00e+00	0.00e+00	0.00e+00	0.00e+00	0.00e+00	0.00e+00	0.00e+00	0.00e+00
 7.38803e+17	0.00e+00	5.08e-06	8.79e-01	1.21e-01	0.00e+00	0.00e+00	0.00e+00	0.00e+00	0.00e+00	0.00e+00	0.00e+00	0.00e+00
 7.70355e+17	0.00e+00	5.51e-06	8.87e-01	1.13e-01	0.00e+00	0.00e+00	0.00e+00	0.00e+00	0.00e+00	0.00e+00	0.00e+00	0.00e+00
 8.03170e+17	0.00e+00	5.96e-06	8.95e-01	1.05e-01	0.00e+00	0.00e+00	0.00e+00	0.00e+00	0.00e+00	0.00e+00	0.00e+00	0.00e+00
 8.37297e+17	0.00e+00	6.46e-06	9.02e-01	9.77e-02	0.00e+00	0.00e+00	0.00e+00	0.00e+00	0.00e+00	0.00e+00	0.00e+00	0.00e+00
 8.72789e+17	0.00e+00	6.99e-06	9.09e-01	9.09e-02	0.00e+00	0.00e+00	0.00e+00	0.00e+00	0.00e+00	0.00e+00	0.00e+00	0.00e+00
 9.09700e+17	0.00e+00	7.57e-06	9.16e-01	8.44e-02	0.00e+00	0.00e+00	0.00e+00	0.00e+00	0.00e+00	0.00e+00	0.00e+00	0.00e+00
 9.48088e+17	0.00e+00	8.19e-06	9.22e-01	7.85e-02	0.00e+00	0.00e+00	0.00e+00	0.00e+00	0.00e+00	0.00e+00	0.00e+00	0.00e+00
 9.88012e+17	0.00e+00	8.86e-06	9.27e-01	7.28e-02	0.00e+00	0.00e+00	0.00e+00	0.00e+00	0.00e+00	0.00e+00	0.00e+00	0.00e+00
 1.02953e+18	0.00e+00	9.57e-06	9.32e-01	6.76e-02	0.00e+00	0.00e+00	0.00e+00	0.00e+00	0.00e+00	0.00e+00	0.00e+00	0.00e+00
 1.07271e+18	0.00e+00	1.03e-05	9.37e-01	6.27e-02	0.00e+00	0.00e+00	0.00e+00	0.00e+00	0.00e+00	0.00e+00	0.00e+00	0.00e+00
 1.11762e+18	0.00e+00	1.12e-05	9.42e-01	5.83e-02	0.00e+00	0.00e+00	0.00e+00	0.00e+00	0.00e+00	0.00e+00	0.00e+00	0.00e+00
 1.16433e+18	0.00e+00	1.21e-05	9.46e-01	5.40e-02	0.00e+00	0.00e+00	0.00e+00	0.00e+00	0.00e+00	0.00e+00	0.00e+00	0.00e+00
 1.21290e+18	0.00e+00	1.30e-05	9.50e-01	5.01e-02	0.00e+00	0.00e+00	0.00e+00	0.00e+00	0.00e+00	0.00e+00	0.00e+00	0.00e+00
 1.26342e+18	0.00e+00	1.41e-05	9.54e-01	4.64e-02	0.00e+00	0.00e+00	0.00e+00	0.00e+00	0.00e+00	0.00e+00	0.00e+00	0.00e+00
 1.31595e+18	0.00e+00	1.52e-05	9.57e-01	4.31e-02	0.00e+00	0.00e+00	0.00e+00	0.00e+00	0.00e+00	0.00e+00	0.00e+00	0.00e+00
 1.37059e+18	0.00e+00	1.64e-05	9.60e-01	3.99e-02	0.00e+00	0.00e+00	0.00e+00	0.00e+00	0.00e+00	0.00e+00	0.00e+00	0.00e+00
 1.42742e+18	0.00e+00	1.76e-05	9.63e-01	3.70e-02	0.00e+00	0.00e+00	0.00e+00	0.00e+00	0.00e+00	0.00e+00	0.00e+00	0.00e+00
 1.48651e+18	0.00e+00	1.90e-05	9.66e-01	3.43e-02	0.00e+00	0.00e+00	0.00e+00	0.00e+00	0.00e+00	0.00e+00	0.00e+00	0.00e+00
 1.54797e+18	0.00e+00	2.05e-05	9.68e-01	3.18e-02	0.00e+00	0.00e+00	0.00e+00	0.00e+00	0.00e+00	0.00e+00	0.00e+00	0.00e+00
 1.61189e+18	0.00e+00	2.21e-05	9.71e-01	2.94e-02	0.00e+00	0.00e+00	0.00e+00	0.00e+00	0.00e+00	0.00e+00	0.00e+00	0.00e+00
 1.67837e+18	0.00e+00	2.38e-05	9.73e-01	2.73e-02	0.00e+00	0.00e+00	0.00e+00	0.00e+00	0.00e+00	0.00e+00	0.00e+00	0.00e+00
 1.74750e+18	0.00e+00	2.57e-05	9.75e-01	2.52e-02	0.00e+00	0.00e+00	0.00e+00	0.00e+00	0.00e+00	0.00e+00	0.00e+00	0.00e+00
 1.81940e+18	0.00e+00	2.77e-05	9.77e-01	2.34e-02	0.00e+00	0.00e+00	0.00e+00	0.00e+00	0.00e+00	0.00e+00	0.00e+00	0.00e+00
 1.89418e+18	0.00e+00	2.98e-05	9.78e-01	2.17e-02	0.00e+00	0.00e+00	0.00e+00	0.00e+00	0.00e+00	0.00e+00	0.00e+00	0.00e+00
 1.97195e+18	0.00e+00	3.21e-05	9.80e-01	2.01e-02	0.00e+00	0.00e+00	0.00e+00	0.00e+00	0.00e+00	0.00e+00	0.00e+00	0.00e+00
 2.05283e+18	0.00e+00	3.46e-05	9.81e-01	1.86e-02	0.00e+00	0.00e+00	0.00e+00	0.00e+00	0.00e+00	0.00e+00	0.00e+00	0.00e+00
 2.13694e+18	0.00e+00	3.73e-05	9.83e-01	1.72e-02	0.00e+00	0.00e+00	0.00e+00	0.00e+00	0.00e+00	0.00e+00	0.00e+00	0.00e+00
 2.22442e+18	0.00e+00	4.02e-05	9.84e-01	1.59e-02	0.00e+00	0.00e+00	0.00e+00	0.00e+00	0.00e+00	0.00e+00	0.00e+00	0.00e+00
 2.31539e+18	0.00e+00	4.33e-05	9.85e-01	1.47e-02	0.00e+00	0.00e+00	0.00e+00	0.00e+00	0.00e+00	0.00e+00	0.00e+00	0.00e+00
 2.41001e+18	0.00e+00	4.67e-05	9.86e-01	1.37e-02	0.00e+00	0.00e+00	0.00e+00	0.00e+00	0.00e+00	0.00e+00	0.00e+00	0.00e+00
 2.50841e+18	1.07e-10	5.04e-05	9.87e-01	1.26e-02	0.00e+00	0.00e+00	0.00e+00	0.00e+00	0.00e+00	7.26e-11	2.31e-11	1.07e-11
 2.61075e+18	1.23e-10	5.42e-05	9.88e-01	1.17e-02	0.00e+00	0.00e+00	0.00e+00	0.00e+00	0.00e+00	7.18e-11	3.80e-11	1.32e-11
 2.71718e+18	1.44e-10	5.85e-05	9.89e-01	1.08e-02	0.00e+00	0.00e+00	0.00e+00	0.00e+00	0.00e+00	8.38e-11	4.40e-11	1.54e-11
 2.82786e+18	1.66e-10	6.31e-05	9.90e-01	1.00e-02	0.00e+00	0.00e+00	0.00e+00	0.00e+00	0.00e+00	9.75e-11	5.07e-11	1.78e-11
 2.94298e+18	1.93e-10	6.81e-05	9.91e-01	9.28e-03	0.00e+00	0.00e+00	0.00e+00	0.00e+00	0.00e+00	1.13e-10	5.85e-11	2.05e-11
 3.06270e+18	2.24e-10	7.35e-05	9.91e-01	8.59e-03	0.00e+00	0.00e+00	0.00e+00	0.00e+00	0.00e+00	1.32e-10	6.75e-11	2.38e-11
 3.18721e+18	2.60e-10	7.94e-05	9.92e-01	7.95e-03	0.00e+00	0.00e+00	0.00e+00	0.00e+00	0.00e+00	1.54e-10	7.79e-11	2.75e-11
 3.31669e+18	3.02e-10	8.57e-05	9.93e-01	7.35e-03	0.00e+00	0.00e+00	0.00e+00	0.00e+00	0.00e+00	1.79e-10	8.98e-11	3.18e-11
 3.45136e+18	3.50e-10	9.25e-05	9.93e-01	6.81e-03	0.00e+00	0.00e+00	0.00e+00	0.00e+00	0.00e+00	2.09e-10	1.03e-10	3.68e-11
 3.59142e+18	4.06e-10	1.00e-04	9.94e-01	6.30e-03	0.00e+00	0.00e+00	0.00e+00	0.00e+00	0.00e+00	2.43e-10	1.19e-10	4.25e-11
 3.73707e+18	4.72e-10	1.08e-04	9.94e-01	5.82e-03	0.00e+00	0.00e+00	0.00e+00	0.00e+00	0.00e+00	2.84e-10	1.38e-10	4.92e-11
 3.88856e+18	5.49e-10	1.17e-04	9.94e-01	5.39e-03	0.00e+00	0.00e+00	0.00e+00	0.00e+00	0.00e+00	3.31e-10	1.59e-10	5.70e-11
 4.04610e+18	6.39e-10	1.27e-04	9.95e-01	4.98e-03	0.00e+00	0.00e+00	0.00e+00	0.00e+00	0.00e+00	3.87e-10	1.84e-10	6.61e-11
 4.20994e+18	7.42e-10	1.37e-04	9.95e-01	4.61e-03	0.00e+00	0.00e+00	0.00e+00	0.00e+00	0.00e+00	4.52e-10	2.12e-10	7.65e-11
 4.38034e+18	8.64e-10	1.49e-04	9.96e-01	4.26e-03	0.00e+00	0.00e+00	0.00e+00	0.00e+00	0.00e+00	5.28e-10	2.45e-10	8.87e-11
 4.55755e+18	1.01e-09	1.61e-04	9.96e-01	3.93e-03	0.00e+00	0.00e+00	0.00e+00	0.00e+00	0.00e+00	6.20e-10	2.84e-10	1.03e-10
 4.74186e+18	1.18e-09	1.75e-04	9.96e-01	3.63e-03	0.00e+00	0.00e+00	0.00e+00	0.00e+00	0.00e+00	7.25e-10	3.28e-10	1.20e-10
 4.93353e+18	1.38e-09	1.90e-04	9.96e-01	3.35e-03	0.00e+00	0.00e+00	0.00e+00	0.00e+00	0.00e+00	8.54e-10	3.81e-10	1.40e-10
 5.13287e+18	1.61e-09	2.07e-04	9.97e-01	3.10e-03	0.00e+00	0.00e+00	0.00e+00	0.00e+00	0.00e+00	1.00e-09	4.42e-10	1.63e-10
 5.34019e+18	1.91e-09	2.25e-04	9.97e-01	2.85e-03	0.00e+00	0.00e+00	0.00e+00	0.00e+00	0.00e+00	1.19e-09	5.18e-10	1.91e-10
 5.55579e+18	2.24e-09	2.45e-04	9.97e-01	2.63e-03	0.00e+00	0.00e+00	0.00e+00	0.00e+00	0.00e+00	1.41e-09	6.05e-10	2.24e-10
 5.77309e+18	2.64e-09	2.67e-04	9.97e-01	2.43e-03	0.00e+00	0.00e+00	0.00e+00	0.00e+00	0.00e+00	1.66e-09	7.06e-10	2.62e-10
 5.98675e+18	3.09e-09	2.90e-04	9.97e-01	2.25e-03	0.00e+00	0.00e+00	0.00e+00	0.00e+00	0.00e+00	1.96e-09	8.22e-10	3.06e-10
 6.21589e+18	3.67e-09	3.16e-04	9.98e-01	2.08e-03	0.00e+00	0.00e+00	0.00e+00	0.00e+00	0.00e+00	2.33e-09	9.69e-10	3.62e-10
 6.45719e+18	4.38e-09	3.45e-04	9.98e-01	1.92e-03	0.00e+00	0.00e+00	0.00e+00	0.00e+00	0.00e+00	2.79e-09	1.14e-09	4.29e-10
 6.68972e+18	5.21e-09	3.76e-04	9.98e-01	1.77e-03	0.00e+00	0.00e+00	0.00e+00	0.00e+00	0.00e+00	3.34e-09	1.35e-09	5.09e-10
 6.91674e+18	6.17e-09	4.07e-04	9.98e-01	1.65e-03	0.00e+00	0.00e+00	0.00e+00	0.00e+00	0.00e+00	3.96e-09	1.59e-09	6.00e-10
 7.17126e+18	7.47e-09	4.46e-04	9.98e-01	1.52e-03	0.00e+00	0.00e+00	0.00e+00	0.00e+00	0.00e+00	4.81e-09	1.91e-09	7.24e-10
 7.44146e+18	9.20e-09	4.91e-04	9.98e-01	1.39e-03	0.00e+00	0.00e+00	0.00e+00	0.00e+00	0.00e+00	5.95e-09	2.33e-09	8.86e-10
 7.68101e+18	1.12e-08	5.36e-04	9.98e-01	1.29e-03	0.00e+00	0.00e+00	0.00e+00	0.00e+00	0.00e+00	7.25e-09	2.82e-09	1.07e-09
 7.89745e+18	1.33e-08	5.78e-04	9.98e-01	1.21e-03	0.00e+00	0.00e+00	0.00e+00	0.00e+00	0.00e+00	8.63e-09	3.33e-09	1.27e-09
 8.14011e+18	1.64e-08	6.32e-04	9.98e-01	1.12e-03	0.00e+00	0.00e+00	0.00e+00	0.00e+00	0.00e+00	1.07e-08	4.09e-09	1.56e-09
 8.39898e+18	2.06e-08	6.96e-04	9.98e-01	1.03e-03	0.00e+00	0.00e+00	0.00e+00	0.00e+00	0.00e+00	1.35e-08	5.12e-09	1.96e-09
 8.62178e+18	2.56e-08	7.59e-04	9.98e-01	9.60e-04	0.00e+00	0.00e+00	0.00e+00	0.00e+00	0.00e+00	1.68e-08	6.34e-09	2.43e-09
 8.81563e+18	3.13e-08	8.18e-04	9.98e-01	8.98e-04	0.00e+00	0.00e+00	0.00e+00	0.00e+00	0.00e+00	2.06e-08	7.72e-09	2.97e-09
 9.00682e+18	3.91e-08	8.86e-04	9.98e-01	8.36e-04	0.00e+00	0.00e+00	0.00e+00	0.00e+00	0.00e+00	2.57e-08	9.59e-09	3.70e-09
 9.19842e+18	5.05e-08	9.66e-04	9.98e-01	7.70e-04	0.00e+00	0.00e+00	0.00e+00	0.00e+00	0.00e+00	3.32e-08	1.23e-08	4.77e-09
 9.36677e+18	6.70e-08	1.06e-03	9.98e-01	7.05e-04	0.00e+00	0.00e+00	0.00e+00	0.00e+00	0.00e+00	4.41e-08	1.63e-08	6.33e-09
 9.49796e+18	8.99e-08	1.15e-03	9.98e-01	6.46e-04	0.00e+00	0.00e+00	0.00e+00	0.00e+00	0.00e+00	5.93e-08	2.18e-08	8.50e-09
 9.59642e+18	1.21e-07	1.25e-03	9.98e-01	5.93e-04	0.00e+00	0.00e+00	0.00e+00	0.00e+00	0.00e+00	7.98e-08	2.94e-08	1.15e-08
 9.65825e+18	1.55e-07	1.34e-03	9.98e-01	5.53e-04	0.00e+00	0.00e+00	0.00e+00	0.00e+00	0.00e+00	1.02e-07	3.76e-08	1.47e-08
 9.68952e+18	1.81e-07	1.40e-03	9.98e-01	5.31e-04	0.00e+00	0.00e+00	0.00e+00	0.00e+00	0.00e+00	1.19e-07	4.38e-08	1.71e-08
 9.71686e+18	2.09e-07	1.46e-03	9.98e-01	5.09e-04	0.00e+00	0.00e+00	0.00e+00	0.00e+00	0.00e+00	1.38e-07	5.07e-08	1.99e-08
 9.75239e+18	2.59e-07	1.55e-03	9.98e-01	4.79e-04	0.00e+00	0.00e+00	0.00e+00	0.00e+00	0.00e+00	1.71e-07	6.28e-08	2.47e-08
 9.78993e+18	3.39e-07	1.68e-03	9.98e-01	4.44e-04	0.00e+00	0.00e+00	0.00e+00	0.00e+00	0.00e+00	2.24e-07	8.21e-08	3.23e-08
 9.81981e+18	4.41e-07	1.82e-03	9.98e-01	4.12e-04	0.00e+00	0.00e+00	0.00e+00	0.00e+00	0.00e+00	2.91e-07	1.07e-07	4.21e-08
 9.84199e+18	5.54e-07	1.95e-03	9.98e-01	3.86e-04	0.00e+00	0.00e+00	0.00e+00	0.00e+00	0.00e+00	3.66e-07	1.34e-07	5.29e-08
 9.86111e+18	6.91e-07	2.09e-03	9.98e-01	3.61e-04	0.00e+00	0.00e+00	0.00e+00	0.00e+00	0.00e+00	4.57e-07	1.67e-07	6.61e-08
 9.88264e+18	9.18e-07	2.29e-03	9.97e-01	3.31e-04	0.00e+00	0.00e+00	0.00e+00	0.00e+00	0.00e+00	6.06e-07	2.22e-07	8.79e-08
 9.90478e+18	1.29e-06	2.58e-03	9.97e-01	2.98e-04	0.00e+00	0.00e+00	0.00e+00	0.00e+00	0.00e+00	8.51e-07	3.11e-07	1.24e-07
 9.92387e+18	1.83e-06	2.92e-03	9.97e-01	2.66e-04	0.00e+00	0.00e+00	0.00e+00	0.00e+00	0.00e+00	1.21e-06	4.41e-07	1.76e-07
 9.94099e+18	2.63e-06	3.34e-03	9.96e-01	2.35e-04	0.00e+00	0.00e+00	0.00e+00	0.00e+00	0.00e+00	1.74e-06	6.35e-07	2.53e-07
 9.95558e+18	3.78e-06	3.85e-03	9.96e-01	2.07e-04	0.00e+00	0.00e+00	0.00e+00	0.00e+00	0.00e+00	2.50e-06	9.14e-07	3.65e-07
 9.96752e+18	5.34e-06	4.43e-03	9.95e-01	1.83e-04	0.00e+00	0.00e+00	0.00e+00	0.00e+00	0.00e+00	3.52e-06	1.29e-06	5.17e-07
 9.97748e+18	7.39e-06	5.08e-03	9.95e-01	1.62e-04	0.00e+00	0.00e+00	0.00e+00	0.00e+00	0.00e+00	4.87e-06	1.79e-06	7.17e-07
 9.98624e+18	1.02e-05	5.84e-03	9.94e-01	1.43e-04	0.00e+00	0.00e+00	0.00e+00	0.00e+00	0.00e+00	6.70e-06	2.46e-06	9.91e-07
 9.99419e+18	1.41e-05	6.76e-03	9.93e-01	1.25e-04	0.00e+00	0.00e+00	0.00e+00	0.00e+00	0.00e+00	9.27e-06	3.41e-06	1.38e-06
 1.00014e+19	1.95e-05	7.87e-03	9.92e-01	1.09e-04	0.00e+00	0.00e+00	0.00e+00	0.00e+00	0.00e+00	1.28e-05	4.73e-06	1.92e-06
 1.00078e+19	2.70e-05	9.18e-03	9.91e-01	9.51e-05	0.00e+00	0.00e+00	0.00e+00	0.00e+00	0.00e+00	1.77e-05	6.56e-06	2.67e-06
 1.00134e+19	3.70e-05	1.07e-02	9.89e-01	8.28e-05	0.00e+00	0.00e+00	0.00e+00	0.00e+00	0.00e+00	2.43e-05	9.01e-06	3.68e-06
 1.00182e+19	5.00e-05	1.24e-02	9.87e-01	7.22e-05	0.00e+00	0.00e+00	0.00e+00	0.00e+00	0.00e+00	3.27e-05	1.22e-05	5.01e-06
 1.00225e+19	6.69e-05	1.44e-02	9.85e-01	6.31e-05	0.00e+00	0.00e+00	0.00e+00	0.00e+00	0.00e+00	4.37e-05	1.64e-05	6.76e-06
 1.00264e+19	8.92e-05	1.67e-02	9.83e-01	5.50e-05	0.00e+00	0.00e+00	0.00e+00	0.00e+00	0.00e+00	5.81e-05	2.19e-05	9.09e-06
 1.00300e+19	1.19e-04	1.94e-02	9.80e-01	4.80e-05	0.00e+00	0.00e+00	0.00e+00	0.00e+00	0.00e+00	7.73e-05	2.92e-05	1.22e-05
 1.00332e+19	1.58e-04	2.26e-02	9.77e-01	4.16e-05	0.00e+00	0.00e+00	0.00e+00	0.00e+00	0.00e+00	1.03e-04	3.89e-05	1.64e-05
 1.00362e+19	2.10e-04	2.63e-02	9.73e-01	3.61e-05	0.00e+00	0.00e+00	0.00e+00	0.00e+00	0.00e+00	1.36e-04	5.16e-05	2.19e-05
 1.00389e+19	2.78e-04	3.06e-02	9.69e-01	3.12e-05	0.00e+00	0.00e+00	0.00e+00	0.00e+00	0.00e+00	1.80e-04	6.83e-05	2.92e-05
 1.00414e+19	3.67e-04	3.57e-02	9.64e-01	2.69e-05	0.00e+00	0.00e+00	0.00e+00	0.00e+00	0.00e+00	2.38e-04	9.03e-05	3.89e-05
 1.00437e+19	4.87e-04	4.18e-02	9.58e-01	2.32e-05	0.00e+00	0.00e+00	0.00e+00	0.00e+00	0.00e+00	3.15e-04	1.19e-04	5.16e-05
 1.00458e+19	6.46e-04	4.89e-02	9.50e-01	1.98e-05	0.00e+00	0.00e+00	0.00e+00	0.00e+00	0.00e+00	4.18e-04	1.58e-04	6.85e-05
 1.00478e+19	8.58e-04	5.74e-02	9.42e-01	1.69e-05	0.00e+00	0.00e+00	0.00e+00	0.00e+00	0.00e+00	5.57e-04	2.10e-04	9.08e-05
 1.00493e+19	1.08e-03	6.55e-02	9.33e-01	1.48e-05	0.00e+00	0.00e+00	0.00e+00	0.00e+00	0.00e+00	7.04e-04	2.64e-04	1.14e-04
 1.00504e+19	1.28e-03	7.21e-02	9.27e-01	1.34e-05	0.00e+00	0.00e+00	0.00e+00	0.00e+00	0.00e+00	8.35e-04	3.12e-04	1.35e-04
 1.00514e+19	1.53e-03	7.97e-02	9.19e-01	1.20e-05	0.00e+00	0.00e+00	0.00e+00	0.00e+00	0.00e+00	9.98e-04	3.73e-04	1.61e-04
 1.00527e+19	1.95e-03	9.14e-02	9.07e-01	1.04e-05	0.00e+00	0.00e+00	0.00e+00	0.00e+00	0.00e+00	1.27e-03	4.73e-04	2.03e-04
 1.00540e+19	2.50e-03	1.05e-01	8.92e-01	8.83e-06	0.00e+00	0.00e+00	0.00e+00	0.00e+00	0.00e+00	1.63e-03	6.06e-04	2.60e-04
 1.00549e+19	3.04e-03	1.18e-01	8.79e-01	7.82e-06	0.00e+00	0.00e+00	0.00e+00	0.00e+00	0.00e+00	1.99e-03	7.34e-04	3.14e-04
 1.00556e+19	3.58e-03	1.29e-01	8.67e-01	6.98e-06	0.00e+00	0.00e+00	0.00e+00	0.00e+00	0.00e+00	2.34e-03	8.64e-04	3.68e-04
 1.00565e+19	4.33e-03	1.44e-01	8.52e-01	6.11e-06	0.00e+00	0.00e+00	0.00e+00	0.00e+00	0.00e+00	2.84e-03	1.04e-03	4.44e-04
 1.00574e+19	5.41e-03	1.63e-01	8.32e-01	5.23e-06	0.00e+00	0.00e+00	0.00e+00	0.00e+00	0.00e+00	3.55e-03	1.30e-03	5.52e-04
 1.00582e+19	6.65e-03	1.83e-01	8.11e-01	4.48e-06	0.00e+00	0.00e+00	0.00e+00	0.00e+00	0.00e+00	4.36e-03	1.60e-03	6.76e-04
 1.00589e+19	7.96e-03	2.02e-01	7.90e-01	3.90e-06	0.00e+00	0.00e+00	0.00e+00	0.00e+00	0.00e+00	5.23e-03	1.91e-03	8.07e-04
 1.00596e+19	9.76e-03	2.26e-01	7.64e-01	3.30e-06	0.00e+00	0.00e+00	0.00e+00	0.00e+00	0.00e+00	6.42e-03	2.35e-03	9.88e-04
 1.00603e+19	1.23e-02	2.55e-01	7.32e-01	2.71e-06	0.00e+00	0.00e+00	0.00e+00	0.00e+00	0.00e+00	8.06e-03	2.94e-03	1.24e-03
 1.00610e+19	1.49e-02	2.84e-01	7.01e-01	2.27e-06	0.00e+00	0.00e+00	0.00e+00	0.00e+00	0.00e+00	9.84e-03	3.58e-03	1.50e-03
 1.00615e+19	1.78e-02	3.11e-01	6.71e-01	1.91e-06	0.00e+00	0.00e+00	0.00e+00	0.00e+00	0.00e+00	1.17e-02	4.27e-03	1.79e-03
 1.00621e+19	2.18e-02	3.45e-01	6.33e-01	1.55e-06	0.00e+00	0.00e+00	0.00e+00	0.00e+00	0.00e+00	1.44e-02	5.22e-03	2.19e-03
 1.00627e+19	2.72e-02	3.85e-01	5.88e-01	1.21e-06	0.00e+00	0.00e+00	0.00e+00	0.00e+00	0.00e+00	1.79e-02	6.50e-03	2.73e-03
 1.00633e+19	3.32e-02	4.23e-01	5.44e-01	9.61e-07	0.00e+00	0.00e+00	0.00e+00	0.00e+00	0.00e+00	2.19e-02	7.93e-03	3.32e-03
 1.00637e+19	3.94e-02	4.58e-01	5.03e-01	7.67e-07	0.00e+00	0.00e+00	0.00e+00	0.00e+00	0.00e+00	2.60e-02	9.41e-03	3.95e-03
 1.00642e+19	4.81e-02	4.99e-01	4.53e-01	5.77e-07	0.00e+00	0.00e+00	0.00e+00	0.00e+00	0.00e+00	3.18e-02	1.15e-02	4.81e-03
 1.00648e+19	5.96e-02	5.43e-01	3.97e-01	4.11e-07	0.00e+00	0.00e+00	0.00e+00	0.00e+00	0.00e+00	3.94e-02	1.42e-02	5.96e-03
 1.00653e+19	7.24e-02	5.83e-01	3.45e-01	2.92e-07	0.00e+00	0.00e+00	0.00e+00	0.00e+00	0.00e+00	4.79e-02	1.72e-02	7.24e-03
 1.00657e+19	8.64e-02	6.17e-01	2.97e-01	2.07e-07	0.00e+00	0.00e+00	0.00e+00	0.00e+00	0.00e+00	5.72e-02	2.05e-02	8.64e-03
 1.00662e+19	1.05e-01	6.50e-01	2.44e-01	1.35e-07	0.00e+00	0.00e+00	0.00e+00	0.00e+00	0.00e+00	6.96e-02	2.49e-02	1.05e-02
 1.00667e+19	1.30e-01	6.80e-01	1.90e-01	0.00e+00	0.00e+00	0.00e+00	0.00e+00	0.00e+00	0.00e+00	8.64e-02	3.07e-02	1.30e-02
 1.00671e+19	1.58e-01	6.97e-01	1.45e-01	0.00e+00	0.00e+00	0.00e+00	0.00e+00	0.00e+00	0.00e+00	1.05e-01	3.72e-02	1.58e-02
 1.00675e+19	1.88e-01	7.03e-01	1.09e-01	0.00e+00	0.00e+00	0.00e+00	0.00e+00	0.00e+00	0.00e+00	1.25e-01	4.41e-02	1.88e-02
 1.00679e+19	2.21e-01	6.98e-01	8.04e-02	0.00e+00	0.00e+00	0.00e+00	0.00e+00	0.00e+00	0.00e+00	1.47e-01	5.17e-02	2.21e-02
 1.00682e+19	2.57e-01	6.84e-01	5.80e-02	0.00e+00	0.00e+00	0.00e+00	0.00e+00	0.00e+00	0.00e+00	1.72e-01	5.99e-02	2.57e-02
 1.00685e+19	2.96e-01	6.63e-01	4.14e-02	0.00e+00	0.00e+00	0.00e+00	0.00e+00	0.00e+00	0.00e+00	1.98e-01	6.84e-02	2.95e-02
 1.00688e+19	3.28e-01	6.41e-01	3.12e-02	0.00e+00	0.00e+00	0.00e+00	0.00e+00	0.00e+00	0.00e+00	2.20e-01	7.55e-02	3.28e-02
 1.00689e+19	3.51e-01	6.23e-01	2.55e-02	0.00e+00	0.00e+00	0.00e+00	0.00e+00	0.00e+00	0.00e+00	2.35e-01	8.06e-02	3.51e-02
 1.00691e+19	3.77e-01	6.03e-01	2.05e-02	0.00e+00	0.00e+00	0.00e+00	0.00e+00	0.00e+00	0.00e+00	2.53e-01	8.61e-02	3.76e-02
 1.00693e+19	4.11e-01	5.74e-01	1.52e-02	0.00e+00	0.00e+00	0.00e+00	0.00e+00	0.00e+00	0.00e+00	2.77e-01	9.34e-02	4.10e-02
 1.00695e+19	4.47e-01	5.42e-01	1.12e-02	0.00e+00	0.00e+00	0.00e+00	0.00e+00	0.00e+00	0.00e+00	3.01e-01	1.01e-01	4.45e-02
 1.00696e+19	4.75e-01	5.17e-01	8.71e-03	0.00e+00	0.00e+00	0.00e+00	0.00e+00	0.00e+00	0.00e+00	3.21e-01	1.07e-01	4.72e-02
 1.00697e+19	4.99e-01	4.94e-01	7.00e-03	0.00e+00	0.00e+00	0.00e+00	0.00e+00	0.00e+00	0.00e+00	3.38e-01	1.12e-01	4.96e-02
 1.00698e+19	5.25e-01	4.70e-01	5.54e-03	0.00e+00	0.00e+00	0.00e+00	0.00e+00	0.00e+00	0.00e+00	3.56e-01	1.17e-01	5.21e-02
 1.00700e+19	5.51e-01	4.45e-01	4.34e-03	0.00e+00	0.00e+00	0.00e+00	0.00e+00	0.00e+00	0.00e+00	3.74e-01	1.22e-01	5.46e-02
 1.00701e+19	5.75e-01	4.21e-01	3.43e-03	0.00e+00	0.00e+00	0.00e+00	0.00e+00	0.00e+00	0.00e+00	3.92e-01	1.27e-01	5.70e-02
 1.00702e+19	5.98e-01	3.99e-01	2.74e-03	0.00e+00	0.00e+00	0.00e+00	0.00e+00	0.00e+00	0.00e+00	4.08e-01	1.31e-01	5.91e-02
 1.00703e+19	6.20e-01	3.78e-01	2.19e-03	0.00e+00	0.00e+00	0.00e+00	0.00e+00	0.00e+00	0.00e+00	4.24e-01	1.35e-01	6.12e-02
 1.00704e+19	6.42e-01	3.56e-01	1.74e-03	0.00e+00	0.00e+00	0.00e+00	0.00e+00	0.00e+00	0.00e+00	4.40e-01	1.39e-01	6.33e-02
 1.00705e+19	6.64e-01	3.35e-01	1.37e-03	0.00e+00	0.00e+00	0.00e+00	0.00e+00	0.00e+00	0.00e+00	4.56e-01	1.43e-01	6.53e-02
 1.00706e+19	6.85e-01	3.14e-01	1.07e-03	0.00e+00	0.00e+00	0.00e+00	0.00e+00	0.00e+00	0.00e+00	4.71e-01	1.47e-01	6.73e-02
 1.00707e+19	7.06e-01	2.93e-01	8.27e-04	0.00e+00	0.00e+00	0.00e+00	0.00e+00	0.00e+00	0.00e+00	4.87e-01	1.50e-01	6.93e-02
 1.00708e+19	7.27e-01	2.72e-01	6.34e-04	0.00e+00	0.00e+00	0.00e+00	0.00e+00	0.00e+00	0.00e+00	5.02e-01	1.54e-01	7.12e-02
 1.00709e+19	7.48e-01	2.52e-01	4.82e-04	0.00e+00	0.00e+00	0.00e+00	0.00e+00	0.00e+00	0.00e+00	5.18e-01	1.57e-01	7.31e-02
 1.00710e+19	7.67e-01	2.32e-01	3.63e-04	0.00e+00	0.00e+00	0.00e+00	0.00e+00	0.00e+00	0.00e+00	5.32e-01	1.60e-01	7.48e-02
 1.00711e+19	7.86e-01	2.13e-01	2.71e-04	0.00e+00	0.00e+00	0.00e+00	0.00e+00	0.00e+00	0.00e+00	5.47e-01	1.63e-01	7.65e-02
 1.00712e+19	8.04e-01	1.95e-01	2.01e-04	0.00e+00	0.00e+00	0.00e+00	0.00e+00	0.00e+00	0.00e+00	5.61e-01	1.66e-01	7.81e-02
 1.00713e+19	8.22e-01	1.78e-01	1.47e-04	0.00e+00	0.00e+00	0.00e+00	0.00e+00	0.00e+00	0.00e+00	5.74e-01	1.68e-01	7.97e-02
 1.00714e+19	8.38e-01	1.62e-01	1.06e-04	0.00e+00	0.00e+00	0.00e+00	0.00e+00	0.00e+00	0.00e+00	5.87e-01	1.70e-01	8.11e-02
 1.00715e+19	8.54e-01	1.46e-01	7.64e-05	0.00e+00	0.00e+00	0.00e+00	0.00e+00	0.00e+00	0.00e+00	5.99e-01	1.72e-01	8.24e-02
 1.00716e+19	8.68e-01	1.32e-01	5.43e-05	0.00e+00	0.00e+00	0.00e+00	0.00e+00	0.00e+00	0.00e+00	6.10e-01	1.74e-01	8.37e-02
 1.00717e+19	8.82e-01	1.18e-01	3.81e-05	0.00e+00	0.00e+00	0.00e+00	0.00e+00	0.00e+00	0.00e+00	6.21e-01	1.76e-01	8.48e-02
 1.00718e+19	8.94e-01	1.06e-01	2.65e-05	0.00e+00	0.00e+00	0.00e+00	0.00e+00	0.00e+00	0.00e+00	6.31e-01	1.78e-01	8.59e-02
 1.00719e+19	9.06e-01	9.40e-02	1.82e-05	0.00e+00	0.00e+00	0.00e+00	0.00e+00	0.00e+00	0.00e+00	6.40e-01	1.79e-01	8.68e-02
 1.00720e+19	9.16e-01	8.37e-02	1.24e-05	0.00e+00	0.00e+00	0.00e+00	0.00e+00	0.00e+00	0.00e+00	6.48e-01	1.80e-01	8.77e-02
 1.00721e+19	9.24e-01	7.63e-02	8.65e-06	0.00e+00	0.00e+00	0.00e+00	0.00e+00	0.00e+00	0.00e+00	6.54e-01	1.81e-01	8.84e-02
 1.00722e+19	9.29e-01	7.12e-02	6.11e-06	0.00e+00	0.00e+00	0.00e+00	0.00e+00	0.00e+00	0.00e+00	6.58e-01	1.82e-01	8.88e-02
 1.00723e+19	9.33e-01	6.70e-02	4.32e-06	0.00e+00	0.00e+00	0.00e+00	0.00e+00	0.00e+00	0.00e+00	6.62e-01	1.82e-01	8.92e-02
 1.00724e+19	9.36e-01	6.37e-02	3.06e-06	0.00e+00	0.00e+00	0.00e+00	0.00e+00	0.00e+00	0.00e+00	6.64e-01	1.83e-01	8.96e-02
 1.00725e+19	9.39e-01	6.12e-02	2.17e-06	0.00e+00	0.00e+00	0.00e+00	0.00e+00	0.00e+00	0.00e+00	6.66e-01	1.83e-01	8.99e-02
 1.00726e+19	9.41e-01	5.92e-02	1.54e-06	0.00e+00	0.00e+00	0.00e+00	0.00e+00	0.00e+00	0.00e+00	6.68e-01	1.83e-01	9.01e-02
 1.00727e+19	9.42e-01	5.78e-02	1.10e-06	0.00e+00	0.00e+00	0.00e+00	0.00e+00	0.00e+00	0.00e+00	6.69e-01	1.83e-01	9.03e-02
 1.00728e+19	9.43e-01	5.67e-02	7.83e-07	0.00e+00	0.00e+00	0.00e+00	0.00e+00	0.00e+00	0.00e+00	6.70e-01	1.83e-01	9.05e-02
 1.00729e+19	9.44e-01	5.59e-02	5.57e-07	0.00e+00	0.00e+00	0.00e+00	0.00e+00	0.00e+00	0.00e+00	6.70e-01	1.83e-01	9.06e-02
 1.00730e+19	9.45e-01	5.52e-02	3.96e-07	0.00e+00	0.00e+00	0.00e+00	0.00e+00	0.00e+00	0.00e+00	6.71e-01	1.83e-01	9.07e-02
 1.00731e+19	9.45e-01	5.46e-02	2.81e-07	0.00e+00	0.00e+00	0.00e+00	0.00e+00	0.00e+00	0.00e+00	6.71e-01	1.83e-01	9.09e-02
 1.00732e+19	9.46e-01	5.42e-02	1.99e-07	0.00e+00	0.00e+00	0.00e+00	0.00e+00	0.00e+00	0.00e+00	6.71e-01	1.83e-01	9.10e-02
 1.00733e+19	9.46e-01	5.37e-02	1.41e-07	0.00e+00	0.00e+00	0.00e+00	0.00e+00	0.00e+00	0.00e+00	6.72e-01	1.83e-01	9.11e-02
 1.00734e+19	9.47e-01	5.33e-02	1.00e-07	0.00e+00	0.00e+00	0.00e+00	0.00e+00	0.00e+00	0.00e+00	6.72e-01	1.83e-01	9.12e-02
 1.00735e+19	9.47e-01	5.30e-02	7.10e-08	0.00e+00	0.00e+00	0.00e+00	0.00e+00	0.00e+00	0.00e+00	6.72e-01	1.83e-01	9.12e-02
 1.00736e+19	9.47e-01	5.27e-02	5.03e-08	0.00e+00	0.00e+00	0.00e+00	0.00e+00	0.00e+00	0.00e+00	6.73e-01	1.83e-01	9.13e-02
 1.00737e+19	9.48e-01	5.24e-02	3.56e-08	0.00e+00	0.00e+00	0.00e+00	0.00e+00	0.00e+00	0.00e+00	6.73e-01	1.83e-01	9.14e-02
 1.00738e+19	9.48e-01	5.21e-02	2.52e-08	0.00e+00	0.00e+00	0.00e+00	0.00e+00	0.00e+00	0.00e+00	6.73e-01	1.83e-01	9.15e-02
 1.00739e+19	9.48e-01	5.18e-02	1.79e-08	0.00e+00	0.00e+00	0.00e+00	0.00e+00	0.00e+00	0.00e+00	6.73e-01	1.83e-01	9.16e-02
 1.00740e+19	9.48e-01	5.15e-02	1.27e-08	0.00e+00	0.00e+00	0.00e+00	0.00e+00	0.00e+00	0.00e+00	6.74e-01	1.83e-01	9.16e-02
 1.00741e+19	9.49e-01	5.13e-02	9.02e-09	0.00e+00	0.00e+00	0.00e+00	0.00e+00	0.00e+00	0.00e+00	6.74e-01	1.83e-01	9.17e-02
 1.00742e+19	9.49e-01	5.10e-02	6.41e-09	0.00e+00	0.00e+00	0.00e+00	0.00e+00	0.00e+00	0.00e+00	6.74e-01	1.83e-01	9.18e-02
 1.00743e+19	9.49e-01	5.08e-02	4.56e-09	0.00e+00	0.00e+00	0.00e+00	0.00e+00	0.00e+00	0.00e+00	6.74e-01	1.83e-01	9.18e-02
 1.00744e+19	9.49e-01	5.05e-02	3.24e-09	0.00e+00	0.00e+00	0.00e+00	0.00e+00	0.00e+00	0.00e+00	6.75e-01	1.83e-01	9.19e-02
 1.00745e+19	9.50e-01	5.03e-02	2.31e-09	0.00e+00	0.00e+00	0.00e+00	0.00e+00	0.00e+00	0.00e+00	6.75e-01	1.83e-01	9.19e-02
 1.00746e+19	9.50e-01	5.01e-02	1.65e-09	0.00e+00	0.00e+00	0.00e+00	0.00e+00	0.00e+00	0.00e+00	6.75e-01	1.83e-01	9.20e-02
 1.00747e+19	9.50e-01	4.99e-02	1.18e-09	0.00e+00	0.00e+00	0.00e+00	0.00e+00	0.00e+00	0.00e+00	6.75e-01	1.83e-01	9.20e-02
 1.00748e+19	9.50e-01	4.97e-02	8.36e-10	0.00e+00	0.00e+00	0.00e+00	0.00e+00	0.00e+00	0.00e+00	6.76e-01	1.83e-01	9.21e-02
 1.00749e+19	9.51e-01	4.95e-02	5.91e-10	0.00e+00	0.00e+00	0.00e+00	0.00e+00	0.00e+00	0.00e+00	6.76e-01	1.83e-01	9.21e-02
 1.00750e+19	9.51e-01	4.93e-02	4.18e-10	0.00e+00	0.00e+00	0.00e+00	0.00e+00	0.00e+00	0.00e+00	6.76e-01	1.82e-01	9.21e-02
 1.00751e+19	9.51e-01	4.91e-02	2.97e-10	0.00e+00	0.00e+00	0.00e+00	0.00e+00	0.00e+00	0.00e+00	6.76e-01	1.82e-01	9.22e-02
 1.00752e+19	9.51e-01	4.89e-02	2.11e-10	0.00e+00	0.00e+00	0.00e+00	0.00e+00	0.00e+00	0.00e+00	6.77e-01	1.82e-01	9.22e-02
 1.00753e+19	9.51e-01	4.87e-02	1.50e-10	0.00e+00	0.00e+00	0.00e+00	0.00e+00	0.00e+00	0.00e+00	6.77e-01	1.82e-01	9.22e-02
 1.00755e+19	9.51e-01	4.85e-02	1.07e-10	0.00e+00	0.00e+00	0.00e+00	0.00e+00	0.00e+00	0.00e+00	6.77e-01	1.82e-01	9.22e-02
 1.00756e+19	9.52e-01	4.83e-02	7.60e-11	0.00e+00	0.00e+00	0.00e+00	0.00e+00	0.00e+00	0.00e+00	6.78e-01	1.82e-01	9.22e-02
 1.00757e+19	9.52e-01	4.82e-02	5.43e-11	0.00e+00	0.00e+00	0.00e+00	0.00e+00	0.00e+00	0.00e+00	6.78e-01	1.82e-01	9.23e-02
 1.00758e+19	9.52e-01	4.80e-02	3.89e-11	0.00e+00	0.00e+00	0.00e+00	0.00e+00	0.00e+00	0.00e+00	6.78e-01	1.82e-01	9.23e-02
 1.00759e+19	9.52e-01	4.78e-02	2.80e-11	0.00e+00	0.00e+00	0.00e+00	0.00e+00	0.00e+00	0.00e+00	6.78e-01	1.81e-01	9.23e-02
 1.00760e+19	9.52e-01	4.76e-02	2.02e-11	0.00e+00	0.00e+00	0.00e+00	0.00e+00	0.00e+00	0.00e+00	6.79e-01	1.81e-01	9.23e-02
 1.00761e+19	9.53e-01	4.75e-02	1.46e-11	0.00e+00	0.00e+00	0.00e+00	0.00e+00	0.00e+00	0.00e+00	6.79e-01	1.81e-01	9.23e-02
 1.00762e+19	9.53e-01	4.74e-02	1.06e-11	0.00e+00	0.00e+00	0.00e+00	0.00e+00	0.00e+00	0.00e+00	6.79e-01	1.81e-01	9.23e-02
 1.00763e+19	9.53e-01	4.72e-02	7.81e-12	0.00e+00	0.00e+00	0.00e+00	0.00e+00	0.00e+00	0.00e+00	6.80e-01	1.81e-01	9.23e-02
 1.00764e+19	9.53e-01	4.70e-02	5.77e-12	0.00e+00	0.00e+00	0.00e+00	0.00e+00	0.00e+00	0.00e+00	6.80e-01	1.81e-01	9.23e-02
 1.00765e+19	9.53e-01	4.69e-02	4.33e-12	0.00e+00	0.00e+00	0.00e+00	0.00e+00	0.00e+00	0.00e+00	6.80e-01	1.81e-01	9.23e-02
 1.00766e+19	9.53e-01	4.67e-02	3.28e-12	0.00e+00	0.00e+00	0.00e+00	0.00e+00	0.00e+00	0.00e+00	6.81e-01	1.80e-01	9.23e-02
 1.00767e+19	9.53e-01	4.66e-02	2.54e-12	0.00e+00	0.00e+00	0.00e+00	0.00e+00	0.00e+00	0.00e+00	6.81e-01	1.80e-01	9.22e-02
 1.00768e+19	9.54e-01	4.64e-02	2.00e-12	0.00e+00	0.00e+00	0.00e+00	0.00e+00	0.00e+00	0.00e+00	6.81e-01	1.80e-01	9.22e-02
 1.00769e+19	9.54e-01	4.63e-02	1.61e-12	0.00e+00	0.00e+00	0.00e+00	0.00e+00	0.00e+00	0.00e+00	6.82e-01	1.80e-01	9.22e-02
 1.00770e+19	9.54e-01	4.61e-02	1.33e-12	0.00e+00	0.00e+00	0.00e+00	0.00e+00	0.00e+00	0.00e+00	6.82e-01	1.80e-01	9.22e-02
 1.00771e+19	9.54e-01	4.60e-02	1.13e-12	0.00e+00	0.00e+00	0.00e+00	0.00e+00	0.00e+00	0.00e+00	6.82e-01	1.79e-01	9.21e-02
 1.00772e+19	9.54e-01	4.59e-02	9.86e-13	0.00e+00	0.00e+00	0.00e+00	0.00e+00	0.00e+00	0.00e+00	6.83e-01	1.79e-01	9.21e-02
 1.00773e+19	9.54e-01	4.58e-02	8.82e-13	0.00e+00	0.00e+00	0.00e+00	0.00e+00	0.00e+00	0.00e+00	6.83e-01	1.79e-01	9.21e-02
 1.00774e+19	9.54e-01	4.56e-02	8.05e-13	0.00e+00	0.00e+00	0.00e+00	0.00e+00	0.00e+00	0.00e+00	6.83e-01	1.79e-01	9.21e-02
 1.00775e+19	9.54e-01	4.55e-02	7.51e-13	0.00e+00	0.00e+00	0.00e+00	0.00e+00	0.00e+00	0.00e+00	6.84e-01	1.79e-01	9.20e-02
 1.00776e+19	9.55e-01	4.53e-02	7.09e-13	0.00e+00	0.00e+00	0.00e+00	0.00e+00	0.00e+00	0.00e+00	6.84e-01	1.79e-01	9.20e-02
 1.00778e+19	9.55e-01	4.53e-02	6.81e-13	0.00e+00	0.00e+00	0.00e+00	0.00e+00	0.00e+00	0.00e+00	6.84e-01	1.78e-01	9.19e-02
 1.00779e+19	9.55e-01	4.51e-02	6.58e-13	0.00e+00	0.00e+00	0.00e+00	0.00e+00	0.00e+00	0.00e+00	6.85e-01	1.78e-01	9.19e-02
 1.00780e+19	9.55e-01	4.50e-02	6.43e-13	0.00e+00	0.00e+00	0.00e+00	0.00e+00	0.00e+00	0.00e+00	6.85e-01	1.78e-01	9.19e-02
 1.00781e+19	9.55e-01	4.48e-02	6.30e-13	0.00e+00	0.00e+00	0.00e+00	0.00e+00	0.00e+00	0.00e+00	6.86e-01	1.78e-01	9.18e-02
 1.00782e+19	9.55e-01	4.48e-02	6.22e-13	0.00e+00	0.00e+00	0.00e+00	0.00e+00	0.00e+00	0.00e+00	6.86e-01	1.77e-01	9.18e-02
