#depth	O	O+	O+2	O+3	O+4	O+5	O+6	O+7	O+8	O[1]	O[2]	O[3]
 4.84027e+11	6.13e-05	6.35e-01	3.65e-01	0.00e+00	0.00e+00	0.00e+00	0.00e+00	0.00e+00	0.00e+00	3.92e-05	1.59e-05	6.13e-06
 2.90416e+12	6.13e-05	6.35e-01	3.65e-01	0.00e+00	0.00e+00	0.00e+00	0.00e+00	0.00e+00	0.00e+00	3.92e-05	1.59e-05	6.13e-06
 1.25847e+13	6.13e-05	6.35e-01	3.65e-01	0.00e+00	0.00e+00	0.00e+00	0.00e+00	0.00e+00	0.00e+00	3.92e-05	1.59e-05	6.13e-06
 5.13069e+13	6.14e-05	6.36e-01	3.64e-01	0.00e+00	0.00e+00	0.00e+00	0.00e+00	0.00e+00	0.00e+00	3.93e-05	1.59e-05	6.14e-06
 1.22556e+14	6.16e-05	6.37e-01	3.63e-01	0.00e+00	0.00e+00	0.00e+00	0.00e+00	0.00e+00	0.00e+00	3.94e-05	1.60e-05	6.16e-06
 2.15179e+14	6.20e-05	6.39e-01	3.61e-01	0.00e+00	0.00e+00	0.00e+00	0.00e+00	0.00e+00	0.00e+00	3.96e-05	1.60e-05	6.19e-06
 3.35590e+14	6.24e-05	6.41e-01	3.59e-01	0.00e+00	0.00e+00	0.00e+00	0.00e+00	0.00e+00	0.00e+00	3.99e-05	1.61e-05	6.23e-06
 4.92123e+14	6.30e-05	6.44e-01	3.56e-01	0.00e+00	0.00e+00	0.00e+00	0.00e+00	0.00e+00	0.00e+00	4.03e-05	1.63e-05	6.29e-06
 6.95617e+14	6.38e-05	6.47e-01	3.53e-01	0.00e+00	0.00e+00	0.00e+00	0.00e+00	0.00e+00	0.00e+00	4.09e-05	1.65e-05	6.36e-06
 9.60159e+14	6.49e-05	6.51e-01	3.48e-01	0.00e+00	0.00e+00	0.00e+00	0.00e+00	0.00e+00	0.00e+00	4.16e-05	1.67e-05	6.46e-06
 1.30406e+15	6.63e-05	6.57e-01	3.43e-01	0.00e+00	0.00e+00	0.00e+00	0.00e+00	0.00e+00	0.00e+00	4.25e-05	1.71e-05	6.60e-06
 1.75114e+15	6.82e-05	6.64e-01	3.36e-01	0.00e+00	0.00e+00	0.00e+00	0.00e+00	0.00e+00	0.00e+00	4.37e-05	1.75e-05	6.78e-06
 2.33234e+15	7.07e-05	6.72e-01	3.28e-01	0.00e+00	0.00e+00	0.00e+00	0.00e+00	0.00e+00	0.00e+00	4.54e-05	1.81e-05	7.03e-06
 3.08790e+15	7.40e-05	6.83e-01	3.16e-01	0.00e+00	0.00e+00	0.00e+00	0.00e+00	0.00e+00	0.00e+00	4.76e-05	1.89e-05	7.35e-06
 4.07012e+15	7.85e-05	6.98e-01	3.02e-01	0.00e+00	0.00e+00	0.00e+00	0.00e+00	0.00e+00	0.00e+00	5.06e-05	2.00e-05	7.79e-06
 5.34701e+15	8.47e-05	7.16e-01	2.84e-01	0.00e+00	0.00e+00	0.00e+00	0.00e+00	0.00e+00	0.00e+00	5.47e-05	2.15e-05	8.40e-06
 7.00698e+15	9.34e-05	7.39e-01	2.61e-01	0.00e+00	0.00e+00	0.00e+00	0.00e+00	0.00e+00	0.00e+00	6.04e-05	2.35e-05	9.24e-06
 9.10419e+15	1.05e-04	7.67e-01	2.33e-01	0.00e+00	0.00e+00	0.00e+00	0.00e+00	0.00e+00	0.00e+00	6.84e-05	2.64e-05	1.04e-05
 1.14685e+16	1.20e-04	7.97e-01	2.02e-01	0.00e+00	0.00e+00	0.00e+00	0.00e+00	0.00e+00	0.00e+00	7.81e-05	2.98e-05	1.18e-05
 1.39274e+16	1.37e-04	8.28e-01	1.72e-01	0.00e+00	0.00e+00	0.00e+00	0.00e+00	0.00e+00	0.00e+00	8.92e-05	3.37e-05	1.35e-05
 1.59400e+16	1.51e-04	8.52e-01	1.48e-01	0.00e+00	0.00e+00	0.00e+00	0.00e+00	0.00e+00	0.00e+00	9.88e-05	3.69e-05	1.48e-05
 1.73636e+16	1.62e-04	8.69e-01	1.31e-01	0.00e+00	0.00e+00	0.00e+00	0.00e+00	0.00e+00	0.00e+00	1.06e-04	3.95e-05	1.59e-05
 1.86898e+16	1.73e-04	8.86e-01	1.14e-01	0.00e+00	0.00e+00	0.00e+00	0.00e+00	0.00e+00	0.00e+00	1.14e-04	4.21e-05	1.70e-05
 1.99620e+16	1.85e-04	9.01e-01	9.87e-02	0.00e+00	0.00e+00	0.00e+00	0.00e+00	0.00e+00	0.00e+00	1.21e-04	4.48e-05	1.81e-05
 2.10767e+16	1.95e-04	9.15e-01	8.48e-02	0.00e+00	0.00e+00	0.00e+00	0.00e+00	0.00e+00	0.00e+00	1.28e-04	4.72e-05	1.92e-05
 2.19809e+16	2.04e-04	9.27e-01	7.31e-02	0.00e+00	0.00e+00	0.00e+00	0.00e+00	0.00e+00	0.00e+00	1.34e-04	4.92e-05	2.00e-05
 2.27136e+16	2.12e-04	9.36e-01	6.34e-02	0.00e+00	0.00e+00	0.00e+00	0.00e+00	0.00e+00	0.00e+00	1.40e-04	5.10e-05	2.08e-05
 2.33425e+16	2.18e-04	9.45e-01	5.49e-02	0.00e+00	0.00e+00	0.00e+00	0.00e+00	0.00e+00	0.00e+00	1.44e-04	5.25e-05	2.15e-05
 2.39074e+16	2.25e-04	9.53e-01	4.71e-02	0.00e+00	0.00e+00	0.00e+00	0.00e+00	0.00e+00	0.00e+00	1.48e-04	5.40e-05	2.21e-05
 2.44130e+16	2.31e-04	9.60e-01	3.99e-02	0.00e+00	0.00e+00	0.00e+00	0.00e+00	0.00e+00	0.00e+00	1.52e-04	5.53e-05	2.26e-05
 2.48512e+16	2.36e-04	9.66e-01	3.36e-02	0.00e+00	0.00e+00	0.00e+00	0.00e+00	0.00e+00	0.00e+00	1.56e-04	5.65e-05	2.32e-05
 2.52233e+16	2.40e-04	9.72e-01	2.83e-02	0.00e+00	0.00e+00	0.00e+00	0.00e+00	0.00e+00	0.00e+00	1.59e-04	5.75e-05	2.36e-05
 2.55431e+16	2.44e-04	9.76e-01	2.36e-02	0.00e+00	0.00e+00	0.00e+00	0.00e+00	0.00e+00	0.00e+00	1.61e-04	5.84e-05	2.39e-05
 2.58250e+16	2.47e-04	9.80e-01	1.96e-02	0.00e+00	0.00e+00	0.00e+00	0.00e+00	0.00e+00	0.00e+00	1.63e-04	5.91e-05	2.43e-05
 2.60760e+16	2.50e-04	9.84e-01	1.61e-02	0.00e+00	0.00e+00	0.00e+00	0.00e+00	0.00e+00	0.00e+00	1.65e-04	5.98e-05	2.46e-05
 2.62980e+16	2.52e-04	9.87e-01	1.31e-02	0.00e+00	0.00e+00	0.00e+00	0.00e+00	0.00e+00	0.00e+00	1.67e-04	6.03e-05	2.48e-05
 2.64931e+16	2.54e-04	9.89e-01	1.06e-02	0.00e+00	0.00e+00	0.00e+00	0.00e+00	0.00e+00	0.00e+00	1.68e-04	6.07e-05	2.50e-05
 2.66659e+16	2.56e-04	9.91e-01	8.49e-03	0.00e+00	0.00e+00	0.00e+00	0.00e+00	0.00e+00	0.00e+00	1.69e-04	6.11e-05	2.51e-05
 2.68205e+16	2.57e-04	9.93e-01	6.77e-03	0.00e+00	0.00e+00	0.00e+00	0.00e+00	0.00e+00	0.00e+00	1.70e-04	6.13e-05	2.52e-05
 2.69609e+16	2.58e-04	9.94e-01	5.33e-03	0.00e+00	0.00e+00	0.00e+00	0.00e+00	0.00e+00	0.00e+00	1.71e-04	6.15e-05	2.53e-05
 2.70897e+16	2.58e-04	9.96e-01	4.16e-03	0.00e+00	0.00e+00	0.00e+00	0.00e+00	0.00e+00	0.00e+00	1.71e-04	6.16e-05	2.53e-05
 2.72091e+16	2.58e-04	9.97e-01	3.21e-03	0.00e+00	0.00e+00	0.00e+00	0.00e+00	0.00e+00	0.00e+00	1.71e-04	6.17e-05	2.54e-05
 2.73211e+16	2.58e-04	9.97e-01	2.45e-03	0.00e+00	0.00e+00	0.00e+00	0.00e+00	0.00e+00	0.00e+00	1.71e-04	6.16e-05	2.54e-05
 2.74281e+16	2.58e-04	9.98e-01	1.84e-03	0.00e+00	0.00e+00	0.00e+00	0.00e+00	0.00e+00	0.00e+00	1.71e-04	6.16e-05	2.54e-05
 2.75336e+16	2.57e-04	9.98e-01	1.36e-03	0.00e+00	0.00e+00	0.00e+00	0.00e+00	0.00e+00	0.00e+00	1.70e-04	6.13e-05	2.53e-05
 2.76547e+16	2.57e-04	9.99e-01	9.35e-04	0.00e+00	0.00e+00	0.00e+00	0.00e+00	0.00e+00	0.00e+00	1.70e-04	6.13e-05	2.53e-05
 2.78121e+16	2.57e-04	9.99e-01	5.66e-04	0.00e+00	0.00e+00	0.00e+00	0.00e+00	0.00e+00	0.00e+00	1.70e-04	6.12e-05	2.53e-05
 2.79848e+16	2.56e-04	9.99e-01	3.23e-04	0.00e+00	0.00e+00	0.00e+00	0.00e+00	0.00e+00	0.00e+00	1.69e-04	6.10e-05	2.52e-05
 2.81773e+16	2.56e-04	1.00e+00	1.73e-04	0.00e+00	0.00e+00	0.00e+00	0.00e+00	0.00e+00	0.00e+00	1.69e-04	6.09e-05	2.52e-05
 2.84276e+16	2.57e-04	1.00e+00	7.86e-05	0.00e+00	0.00e+00	0.00e+00	0.00e+00	0.00e+00	0.00e+00	1.70e-04	6.11e-05	2.53e-05
 2.87530e+16	2.59e-04	1.00e+00	2.93e-05	0.00e+00	0.00e+00	0.00e+00	0.00e+00	0.00e+00	0.00e+00	1.72e-04	6.16e-05	2.55e-05
 2.91759e+16	2.63e-04	1.00e+00	8.59e-06	0.00e+00	0.00e+00	0.00e+00	0.00e+00	0.00e+00	0.00e+00	1.74e-04	6.25e-05	2.59e-05
 2.97257e+16	2.68e-04	1.00e+00	1.90e-06	0.00e+00	0.00e+00	0.00e+00	0.00e+00	0.00e+00	0.00e+00	1.77e-04	6.35e-05	2.64e-05
 3.04405e+16	2.74e-04	1.00e+00	3.16e-07	0.00e+00	0.00e+00	0.00e+00	0.00e+00	0.00e+00	0.00e+00	1.82e-04	6.50e-05	2.70e-05
 3.13697e+16	2.83e-04	1.00e+00	5.10e-08	0.00e+00	0.00e+00	0.00e+00	0.00e+00	0.00e+00	0.00e+00	1.88e-04	6.70e-05	2.79e-05
 3.25777e+16	2.95e-04	1.00e+00	2.01e-08	0.00e+00	0.00e+00	0.00e+00	0.00e+00	0.00e+00	0.00e+00	1.96e-04	6.97e-05	2.91e-05
 3.41481e+16	3.11e-04	1.00e+00	1.62e-08	0.00e+00	0.00e+00	0.00e+00	0.00e+00	0.00e+00	0.00e+00	2.07e-04	7.33e-05	3.06e-05
 3.61896e+16	3.34e-04	1.00e+00	1.43e-08	0.00e+00	0.00e+00	0.00e+00	0.00e+00	0.00e+00	0.00e+00	2.22e-04	7.83e-05	3.28e-05
 3.88436e+16	3.65e-04	1.00e+00	1.23e-08	0.00e+00	0.00e+00	0.00e+00	0.00e+00	0.00e+00	0.00e+00	2.44e-04	8.53e-05	3.59e-05
 4.21506e+16	4.09e-04	1.00e+00	1.01e-08	0.00e+00	0.00e+00	0.00e+00	0.00e+00	0.00e+00	0.00e+00	2.73e-04	9.51e-05	4.02e-05
 4.58367e+16	4.65e-04	1.00e+00	8.19e-09	0.00e+00	0.00e+00	0.00e+00	0.00e+00	0.00e+00	0.00e+00	3.11e-04	1.07e-04	4.56e-05
 4.96703e+16	5.33e-04	9.99e-01	6.64e-09	0.00e+00	0.00e+00	0.00e+00	0.00e+00	0.00e+00	0.00e+00	3.57e-04	1.23e-04	5.24e-05
 5.36573e+16	6.20e-04	9.99e-01	5.23e-09	0.00e+00	0.00e+00	0.00e+00	0.00e+00	0.00e+00	0.00e+00	4.16e-04	1.42e-04	6.09e-05
 5.78037e+16	7.35e-04	9.99e-01	3.86e-09	0.00e+00	0.00e+00	0.00e+00	0.00e+00	0.00e+00	0.00e+00	4.94e-04	1.68e-04	7.23e-05
 6.17525e+16	8.77e-04	9.99e-01	2.92e-09	0.00e+00	0.00e+00	0.00e+00	0.00e+00	0.00e+00	0.00e+00	5.91e-04	1.99e-04	8.63e-05
 6.51048e+16	1.04e-03	9.99e-01	2.25e-09	0.00e+00	0.00e+00	0.00e+00	0.00e+00	0.00e+00	0.00e+00	6.99e-04	2.35e-04	1.02e-04
 6.79357e+16	1.21e-03	9.99e-01	1.79e-09	0.00e+00	0.00e+00	0.00e+00	0.00e+00	0.00e+00	0.00e+00	8.18e-04	2.75e-04	1.20e-04
 7.04530e+16	1.42e-03	9.99e-01	1.40e-09	0.00e+00	0.00e+00	0.00e+00	0.00e+00	0.00e+00	0.00e+00	9.58e-04	3.21e-04	1.40e-04
 7.27601e+16	1.67e-03	9.98e-01	1.08e-09	0.00e+00	0.00e+00	0.00e+00	0.00e+00	0.00e+00	0.00e+00	1.13e-03	3.76e-04	1.65e-04
 7.48421e+16	1.97e-03	9.98e-01	8.34e-10	0.00e+00	0.00e+00	0.00e+00	0.00e+00	0.00e+00	0.00e+00	1.33e-03	4.43e-04	1.95e-04
 7.66688e+16	2.32e-03	9.98e-01	6.47e-10	0.00e+00	0.00e+00	0.00e+00	0.00e+00	0.00e+00	0.00e+00	1.56e-03	5.21e-04	2.30e-04
 7.82561e+16	2.72e-03	9.97e-01	4.97e-10	0.00e+00	0.00e+00	0.00e+00	0.00e+00	0.00e+00	0.00e+00	1.84e-03	6.12e-04	2.70e-04
 7.96481e+16	3.19e-03	9.97e-01	3.81e-10	0.00e+00	0.00e+00	0.00e+00	0.00e+00	0.00e+00	0.00e+00	2.15e-03	7.17e-04	3.17e-04
 8.08820e+16	3.74e-03	9.96e-01	2.88e-10	0.00e+00	0.00e+00	0.00e+00	0.00e+00	0.00e+00	0.00e+00	2.53e-03	8.41e-04	3.73e-04
 8.19777e+16	4.40e-03	9.96e-01	2.17e-10	0.00e+00	0.00e+00	0.00e+00	0.00e+00	0.00e+00	0.00e+00	2.97e-03	9.87e-04	4.38e-04
 8.29454e+16	5.17e-03	9.95e-01	1.61e-10	0.00e+00	0.00e+00	0.00e+00	0.00e+00	0.00e+00	0.00e+00	3.49e-03	1.16e-03	5.16e-04
 8.37959e+16	6.06e-03	9.94e-01	1.20e-10	0.00e+00	0.00e+00	0.00e+00	0.00e+00	0.00e+00	0.00e+00	4.09e-03	1.36e-03	6.06e-04
 8.45437e+16	7.11e-03	9.93e-01	8.80e-11	0.00e+00	0.00e+00	0.00e+00	0.00e+00	0.00e+00	0.00e+00	4.80e-03	1.59e-03	7.12e-04
 8.52042e+16	8.34e-03	9.92e-01	6.41e-11	0.00e+00	0.00e+00	0.00e+00	0.00e+00	0.00e+00	0.00e+00	5.63e-03	1.87e-03	8.36e-04
 8.57882e+16	9.78e-03	9.90e-01	4.66e-11	0.00e+00	0.00e+00	0.00e+00	0.00e+00	0.00e+00	0.00e+00	6.61e-03	2.19e-03	9.81e-04
 8.63043e+16	1.15e-02	9.89e-01	3.37e-11	0.00e+00	0.00e+00	0.00e+00	0.00e+00	0.00e+00	0.00e+00	7.75e-03	2.57e-03	1.15e-03
 8.67604e+16	1.35e-02	9.87e-01	2.44e-11	0.00e+00	0.00e+00	0.00e+00	0.00e+00	0.00e+00	0.00e+00	9.08e-03	3.01e-03	1.35e-03
 8.71634e+16	1.58e-02	9.84e-01	1.78e-11	0.00e+00	0.00e+00	0.00e+00	0.00e+00	0.00e+00	0.00e+00	1.06e-02	3.52e-03	1.59e-03
 8.75199e+16	1.85e-02	9.82e-01	1.31e-11	0.00e+00	0.00e+00	0.00e+00	0.00e+00	0.00e+00	0.00e+00	1.25e-02	4.12e-03	1.86e-03
 8.78357e+16	2.16e-02	9.78e-01	9.83e-12	0.00e+00	0.00e+00	0.00e+00	0.00e+00	0.00e+00	0.00e+00	1.46e-02	4.83e-03	2.18e-03
 8.81155e+16	2.53e-02	9.75e-01	7.67e-12	0.00e+00	0.00e+00	0.00e+00	0.00e+00	0.00e+00	0.00e+00	1.71e-02	5.64e-03	2.55e-03
 8.83646e+16	2.96e-02	9.70e-01	6.13e-12	0.00e+00	0.00e+00	0.00e+00	0.00e+00	0.00e+00	0.00e+00	2.00e-02	6.59e-03	2.98e-03
 8.85870e+16	3.47e-02	9.65e-01	5.03e-12	0.00e+00	0.00e+00	0.00e+00	0.00e+00	0.00e+00	0.00e+00	2.34e-02	7.71e-03	3.50e-03
 8.87844e+16	4.06e-02	9.59e-01	4.28e-12	0.00e+00	0.00e+00	0.00e+00	0.00e+00	0.00e+00	0.00e+00	2.75e-02	9.01e-03	4.10e-03
 8.89587e+16	4.74e-02	9.53e-01	3.76e-12	0.00e+00	0.00e+00	0.00e+00	0.00e+00	0.00e+00	0.00e+00	3.21e-02	1.05e-02	4.79e-03
 8.91133e+16	5.54e-02	9.45e-01	3.38e-12	0.00e+00	0.00e+00	0.00e+00	0.00e+00	0.00e+00	0.00e+00	3.75e-02	1.23e-02	5.59e-03
 8.92514e+16	6.47e-02	9.35e-01	3.11e-12	0.00e+00	0.00e+00	0.00e+00	0.00e+00	0.00e+00	0.00e+00	4.38e-02	1.43e-02	6.53e-03
 8.93752e+16	7.54e-02	9.25e-01	2.90e-12	0.00e+00	0.00e+00	0.00e+00	0.00e+00	0.00e+00	0.00e+00	5.12e-02	1.66e-02	7.62e-03
 8.94861e+16	8.80e-02	9.12e-01	2.74e-12	0.00e+00	0.00e+00	0.00e+00	0.00e+00	0.00e+00	0.00e+00	5.97e-02	1.93e-02	8.89e-03
 8.95855e+16	1.02e-01	8.98e-01	2.61e-12	0.00e+00	0.00e+00	0.00e+00	0.00e+00	0.00e+00	0.00e+00	6.96e-02	2.24e-02	1.03e-02
 8.96747e+16	1.19e-01	8.81e-01	2.50e-12	0.00e+00	0.00e+00	0.00e+00	0.00e+00	0.00e+00	0.00e+00	8.11e-02	2.60e-02	1.20e-02
 8.97553e+16	1.38e-01	8.62e-01	2.41e-12	0.00e+00	0.00e+00	0.00e+00	0.00e+00	0.00e+00	0.00e+00	9.44e-02	3.01e-02	1.40e-02
 8.98285e+16	1.61e-01	8.39e-01	2.34e-12	0.00e+00	0.00e+00	0.00e+00	0.00e+00	0.00e+00	0.00e+00	1.10e-01	3.47e-02	1.62e-02
 8.98953e+16	1.86e-01	8.14e-01	2.28e-12	0.00e+00	0.00e+00	0.00e+00	0.00e+00	0.00e+00	0.00e+00	1.27e-01	4.00e-02	1.87e-02
 8.99565e+16	2.15e-01	7.85e-01	2.23e-12	0.00e+00	0.00e+00	0.00e+00	0.00e+00	0.00e+00	0.00e+00	1.48e-01	4.59e-02	2.16e-02
 9.00130e+16	2.48e-01	7.52e-01	2.19e-12	0.00e+00	0.00e+00	0.00e+00	0.00e+00	0.00e+00	0.00e+00	1.71e-01	5.24e-02	2.49e-02
 9.00656e+16	2.86e-01	7.14e-01	2.16e-12	0.00e+00	0.00e+00	0.00e+00	0.00e+00	0.00e+00	0.00e+00	1.97e-01	5.97e-02	2.86e-02
 9.01140e+16	3.27e-01	6.73e-01	2.13e-12	0.00e+00	0.00e+00	0.00e+00	0.00e+00	0.00e+00	0.00e+00	2.27e-01	6.74e-02	3.26e-02
 9.01547e+16	3.66e-01	6.34e-01	2.11e-12	0.00e+00	0.00e+00	0.00e+00	0.00e+00	0.00e+00	0.00e+00	2.55e-01	7.46e-02	3.64e-02
 9.01856e+16	4.00e-01	6.00e-01	2.08e-12	0.00e+00	0.00e+00	0.00e+00	0.00e+00	0.00e+00	0.00e+00	2.80e-01	8.05e-02	3.96e-02
 9.02098e+16	4.28e-01	5.72e-01	2.07e-12	0.00e+00	0.00e+00	0.00e+00	0.00e+00	0.00e+00	0.00e+00	3.01e-01	8.53e-02	4.22e-02
 9.02309e+16	4.55e-01	5.45e-01	2.05e-12	0.00e+00	0.00e+00	0.00e+00	0.00e+00	0.00e+00	0.00e+00	3.20e-01	8.96e-02	4.47e-02
 9.02505e+16	4.80e-01	5.20e-01	2.03e-12	0.00e+00	0.00e+00	0.00e+00	0.00e+00	0.00e+00	0.00e+00	3.40e-01	9.37e-02	4.70e-02
 9.02689e+16	5.05e-01	4.95e-01	2.01e-12	0.00e+00	0.00e+00	0.00e+00	0.00e+00	0.00e+00	0.00e+00	3.58e-01	9.74e-02	4.92e-02
 9.02858e+16	5.29e-01	4.71e-01	1.99e-12	0.00e+00	0.00e+00	0.00e+00	0.00e+00	0.00e+00	0.00e+00	3.76e-01	1.01e-01	5.13e-02
 9.03013e+16	5.50e-01	4.50e-01	1.97e-12	0.00e+00	0.00e+00	0.00e+00	0.00e+00	0.00e+00	0.00e+00	3.93e-01	1.04e-01	5.32e-02
 9.03154e+16	5.70e-01	4.30e-01	1.95e-12	0.00e+00	0.00e+00	0.00e+00	0.00e+00	0.00e+00	0.00e+00	4.09e-01	1.06e-01	5.49e-02
 9.03286e+16	5.89e-01	4.11e-01	1.93e-12	0.00e+00	0.00e+00	0.00e+00	0.00e+00	0.00e+00	0.00e+00	4.24e-01	1.09e-01	5.64e-02
 9.03393e+16	6.04e-01	3.96e-01	1.91e-12	0.00e+00	0.00e+00	0.00e+00	0.00e+00	0.00e+00	0.00e+00	4.36e-01	1.10e-01	5.76e-02
 9.03473e+16	6.15e-01	3.85e-01	1.89e-12	0.00e+00	0.00e+00	0.00e+00	0.00e+00	0.00e+00	0.00e+00	4.45e-01	1.12e-01	5.86e-02
 9.03549e+16	6.26e-01	3.74e-01	1.88e-12	0.00e+00	0.00e+00	0.00e+00	0.00e+00	0.00e+00	0.00e+00	4.54e-01	1.13e-01	5.94e-02
 9.03631e+16	6.38e-01	3.62e-01	1.85e-12	0.00e+00	0.00e+00	0.00e+00	0.00e+00	0.00e+00	0.00e+00	4.64e-01	1.14e-01	6.04e-02
 9.03716e+16	6.51e-01	3.49e-01	1.83e-12	0.00e+00	0.00e+00	0.00e+00	0.00e+00	0.00e+00	0.00e+00	4.74e-01	1.15e-01	6.13e-02
 9.03800e+16	6.62e-01	3.38e-01	1.81e-12	0.00e+00	0.00e+00	0.00e+00	0.00e+00	0.00e+00	0.00e+00	4.83e-01	1.17e-01	6.22e-02
 9.03881e+16	6.74e-01	3.26e-01	1.79e-12	0.00e+00	0.00e+00	0.00e+00	0.00e+00	0.00e+00	0.00e+00	4.93e-01	1.18e-01	6.31e-02
 9.03962e+16	6.85e-01	3.15e-01	1.77e-12	0.00e+00	0.00e+00	0.00e+00	0.00e+00	0.00e+00	0.00e+00	5.03e-01	1.19e-01	6.39e-02
 9.04043e+16	6.96e-01	3.04e-01	1.75e-12	0.00e+00	0.00e+00	0.00e+00	0.00e+00	0.00e+00	0.00e+00	5.12e-01	1.20e-01	6.47e-02
 9.04122e+16	7.07e-01	2.93e-01	1.72e-12	0.00e+00	0.00e+00	0.00e+00	0.00e+00	0.00e+00	0.00e+00	5.21e-01	1.21e-01	6.54e-02
 9.04201e+16	7.18e-01	2.82e-01	1.70e-12	0.00e+00	0.00e+00	0.00e+00	0.00e+00	0.00e+00	0.00e+00	5.30e-01	1.21e-01	6.61e-02
 9.04280e+16	7.28e-01	2.72e-01	1.67e-12	0.00e+00	0.00e+00	0.00e+00	0.00e+00	0.00e+00	0.00e+00	5.39e-01	1.22e-01	6.68e-02
 9.04358e+16	7.38e-01	2.62e-01	1.65e-12	0.00e+00	0.00e+00	0.00e+00	0.00e+00	0.00e+00	0.00e+00	5.48e-01	1.23e-01	6.75e-02
 9.04436e+16	7.48e-01	2.52e-01	1.62e-12	0.00e+00	0.00e+00	0.00e+00	0.00e+00	0.00e+00	0.00e+00	5.57e-01	1.23e-01	6.81e-02
 9.04513e+16	7.58e-01	2.42e-01	1.59e-12	0.00e+00	0.00e+00	0.00e+00	0.00e+00	0.00e+00	0.00e+00	5.65e-01	1.24e-01	6.87e-02
 9.04590e+16	7.67e-01	2.33e-01	1.57e-12	0.00e+00	0.00e+00	0.00e+00	0.00e+00	0.00e+00	0.00e+00	5.73e-01	1.24e-01	6.92e-02
 9.04666e+16	7.76e-01	2.24e-01	1.54e-12	0.00e+00	0.00e+00	0.00e+00	0.00e+00	0.00e+00	0.00e+00	5.82e-01	1.25e-01	6.98e-02
 9.04741e+16	7.85e-01	2.15e-01	1.51e-12	0.00e+00	0.00e+00	0.00e+00	0.00e+00	0.00e+00	0.00e+00	5.90e-01	1.25e-01	7.02e-02
 9.04817e+16	7.94e-01	2.06e-01	1.48e-12	0.00e+00	0.00e+00	0.00e+00	0.00e+00	0.00e+00	0.00e+00	5.98e-01	1.25e-01	7.07e-02
 9.04892e+16	8.02e-01	1.98e-01	1.45e-12	0.00e+00	0.00e+00	0.00e+00	0.00e+00	0.00e+00	0.00e+00	6.05e-01	1.26e-01	7.11e-02
 9.04966e+16	8.10e-01	1.90e-01	1.42e-12	0.00e+00	0.00e+00	0.00e+00	0.00e+00	0.00e+00	0.00e+00	6.13e-01	1.26e-01	7.15e-02
 9.05040e+16	8.18e-01	1.82e-01	1.39e-12	0.00e+00	0.00e+00	0.00e+00	0.00e+00	0.00e+00	0.00e+00	6.20e-01	1.26e-01	7.19e-02
 9.05113e+16	8.25e-01	1.75e-01	1.36e-12	0.00e+00	0.00e+00	0.00e+00	0.00e+00	0.00e+00	0.00e+00	6.27e-01	1.26e-01	7.22e-02
 9.05185e+16	8.32e-01	1.68e-01	1.33e-12	0.00e+00	0.00e+00	0.00e+00	0.00e+00	0.00e+00	0.00e+00	6.33e-01	1.26e-01	7.25e-02
 9.05256e+16	8.39e-01	1.61e-01	1.30e-12	0.00e+00	0.00e+00	0.00e+00	0.00e+00	0.00e+00	0.00e+00	6.40e-01	1.26e-01	7.28e-02
 9.05326e+16	8.45e-01	1.55e-01	1.27e-12	0.00e+00	0.00e+00	0.00e+00	0.00e+00	0.00e+00	0.00e+00	6.46e-01	1.26e-01	7.31e-02
 9.05396e+16	8.52e-01	1.48e-01	1.24e-12	0.00e+00	0.00e+00	0.00e+00	0.00e+00	0.00e+00	0.00e+00	6.52e-01	1.26e-01	7.33e-02
 9.05464e+16	8.58e-01	1.42e-01	1.22e-12	0.00e+00	0.00e+00	0.00e+00	0.00e+00	0.00e+00	0.00e+00	6.58e-01	1.26e-01	7.35e-02
 9.05532e+16	8.63e-01	1.37e-01	1.19e-12	0.00e+00	0.00e+00	0.00e+00	0.00e+00	0.00e+00	0.00e+00	6.64e-01	1.26e-01	7.37e-02
 9.05599e+16	8.69e-01	1.31e-01	1.16e-12	0.00e+00	0.00e+00	0.00e+00	0.00e+00	0.00e+00	0.00e+00	6.69e-01	1.26e-01	7.38e-02
 9.05665e+16	8.74e-01	1.26e-01	1.13e-12	0.00e+00	0.00e+00	0.00e+00	0.00e+00	0.00e+00	0.00e+00	6.74e-01	1.26e-01	7.40e-02
 9.05731e+16	8.79e-01	1.21e-01	1.11e-12	0.00e+00	0.00e+00	0.00e+00	0.00e+00	0.00e+00	0.00e+00	6.79e-01	1.26e-01	7.41e-02
 9.05797e+16	8.84e-01	1.16e-01	1.08e-12	0.00e+00	0.00e+00	0.00e+00	0.00e+00	0.00e+00	0.00e+00	6.84e-01	1.25e-01	7.42e-02
 9.05862e+16	8.89e-01	1.11e-01	1.05e-12	0.00e+00	0.00e+00	0.00e+00	0.00e+00	0.00e+00	0.00e+00	6.89e-01	1.25e-01	7.44e-02
 9.05926e+16	8.93e-01	1.07e-01	1.03e-12	0.00e+00	0.00e+00	0.00e+00	0.00e+00	0.00e+00	0.00e+00	6.93e-01	1.25e-01	7.44e-02
 9.05989e+16	8.97e-01	1.03e-01	1.00e-12	0.00e+00	0.00e+00	0.00e+00	0.00e+00	0.00e+00	0.00e+00	6.98e-01	1.25e-01	7.45e-02
 9.06053e+16	9.01e-01	9.86e-02	9.78e-13	0.00e+00	0.00e+00	0.00e+00	0.00e+00	0.00e+00	0.00e+00	7.02e-01	1.25e-01	7.46e-02
 9.06116e+16	9.05e-01	9.47e-02	9.53e-13	0.00e+00	0.00e+00	0.00e+00	0.00e+00	0.00e+00	0.00e+00	7.06e-01	1.25e-01	7.47e-02
 9.06179e+16	9.09e-01	9.10e-02	9.29e-13	0.00e+00	0.00e+00	0.00e+00	0.00e+00	0.00e+00	0.00e+00	7.10e-01	1.24e-01	7.47e-02
 9.06241e+16	9.13e-01	8.74e-02	9.06e-13	0.00e+00	0.00e+00	0.00e+00	0.00e+00	0.00e+00	0.00e+00	7.14e-01	1.24e-01	7.48e-02
 9.06303e+16	9.16e-01	8.39e-02	8.83e-13	0.00e+00	0.00e+00	0.00e+00	0.00e+00	0.00e+00	0.00e+00	7.17e-01	1.24e-01	7.48e-02
 9.06364e+16	9.19e-01	8.06e-02	8.60e-13	0.00e+00	0.00e+00	0.00e+00	0.00e+00	0.00e+00	0.00e+00	7.21e-01	1.24e-01	7.48e-02
 9.06426e+16	9.23e-01	7.74e-02	8.37e-13	0.00e+00	0.00e+00	0.00e+00	0.00e+00	0.00e+00	0.00e+00	7.24e-01	1.24e-01	7.48e-02
 9.06487e+16	9.26e-01	7.44e-02	8.16e-13	0.00e+00	0.00e+00	0.00e+00	0.00e+00	0.00e+00	0.00e+00	7.27e-01	1.23e-01	7.49e-02
 9.06548e+16	9.29e-01	7.14e-02	7.94e-13	0.00e+00	0.00e+00	0.00e+00	0.00e+00	0.00e+00	0.00e+00	7.30e-01	1.23e-01	7.49e-02
 9.06608e+16	9.31e-01	6.87e-02	7.74e-13	0.00e+00	0.00e+00	0.00e+00	0.00e+00	0.00e+00	0.00e+00	7.33e-01	1.23e-01	7.49e-02
 9.06668e+16	9.34e-01	6.59e-02	7.53e-13	0.00e+00	0.00e+00	0.00e+00	0.00e+00	0.00e+00	0.00e+00	7.36e-01	1.23e-01	7.49e-02
 9.06728e+16	9.37e-01	6.34e-02	7.33e-13	0.00e+00	0.00e+00	0.00e+00	0.00e+00	0.00e+00	0.00e+00	7.39e-01	1.23e-01	7.49e-02
 9.06788e+16	9.39e-01	6.08e-02	7.13e-13	0.00e+00	0.00e+00	0.00e+00	0.00e+00	0.00e+00	0.00e+00	7.42e-01	1.22e-01	7.49e-02
 9.06848e+16	9.42e-01	5.85e-02	6.94e-13	0.00e+00	0.00e+00	0.00e+00	0.00e+00	0.00e+00	0.00e+00	7.44e-01	1.22e-01	7.49e-02
 9.06908e+16	9.44e-01	5.62e-02	6.75e-13	0.00e+00	0.00e+00	0.00e+00	0.00e+00	0.00e+00	0.00e+00	7.47e-01	1.22e-01	7.49e-02
 9.06967e+16	9.46e-01	5.40e-02	6.57e-13	0.00e+00	0.00e+00	0.00e+00	0.00e+00	0.00e+00	0.00e+00	7.49e-01	1.22e-01	7.48e-02
 9.07026e+16	9.48e-01	5.19e-02	6.39e-13	0.00e+00	0.00e+00	0.00e+00	0.00e+00	0.00e+00	0.00e+00	7.52e-01	1.22e-01	7.48e-02
 9.07085e+16	9.50e-01	4.98e-02	6.21e-13	0.00e+00	0.00e+00	0.00e+00	0.00e+00	0.00e+00	0.00e+00	7.54e-01	1.21e-01	7.48e-02
 9.07144e+16	9.52e-01	4.79e-02	6.04e-13	0.00e+00	0.00e+00	0.00e+00	0.00e+00	0.00e+00	0.00e+00	7.56e-01	1.21e-01	7.48e-02
 9.07203e+16	9.54e-01	4.60e-02	5.88e-13	0.00e+00	0.00e+00	0.00e+00	0.00e+00	0.00e+00	0.00e+00	7.58e-01	1.21e-01	7.48e-02
 9.07262e+16	9.56e-01	4.42e-02	5.71e-13	0.00e+00	0.00e+00	0.00e+00	0.00e+00	0.00e+00	0.00e+00	7.60e-01	1.21e-01	7.47e-02
 9.07321e+16	9.57e-01	4.25e-02	5.55e-13	0.00e+00	0.00e+00	0.00e+00	0.00e+00	0.00e+00	0.00e+00	7.62e-01	1.21e-01	7.47e-02
 9.07379e+16	9.59e-01	4.08e-02	5.40e-13	0.00e+00	0.00e+00	0.00e+00	0.00e+00	0.00e+00	0.00e+00	7.64e-01	1.21e-01	7.47e-02
 9.07438e+16	9.61e-01	3.93e-02	5.25e-13	0.00e+00	0.00e+00	0.00e+00	0.00e+00	0.00e+00	0.00e+00	7.66e-01	1.20e-01	7.47e-02
 9.07496e+16	9.62e-01	3.77e-02	5.10e-13	0.00e+00	0.00e+00	0.00e+00	0.00e+00	0.00e+00	0.00e+00	7.67e-01	1.20e-01	7.46e-02
 9.07555e+16	9.64e-01	3.63e-02	4.95e-13	0.00e+00	0.00e+00	0.00e+00	0.00e+00	0.00e+00	0.00e+00	7.69e-01	1.20e-01	7.46e-02
 9.07613e+16	9.65e-01	3.48e-02	4.81e-13	0.00e+00	0.00e+00	0.00e+00	0.00e+00	0.00e+00	0.00e+00	7.71e-01	1.20e-01	7.46e-02
 9.07671e+16	9.66e-01	3.35e-02	4.68e-13	0.00e+00	0.00e+00	0.00e+00	0.00e+00	0.00e+00	0.00e+00	7.72e-01	1.20e-01	7.46e-02
 9.07730e+16	9.68e-01	3.22e-02	4.54e-13	0.00e+00	0.00e+00	0.00e+00	0.00e+00	0.00e+00	0.00e+00	7.74e-01	1.20e-01	7.45e-02
 9.07788e+16	9.69e-01	3.09e-02	4.41e-13	0.00e+00	0.00e+00	0.00e+00	0.00e+00	0.00e+00	0.00e+00	7.75e-01	1.19e-01	7.45e-02
 9.07847e+16	9.70e-01	2.97e-02	4.29e-13	0.00e+00	0.00e+00	0.00e+00	0.00e+00	0.00e+00	0.00e+00	7.76e-01	1.19e-01	7.45e-02
 9.07905e+16	9.71e-01	2.86e-02	4.17e-13	0.00e+00	0.00e+00	0.00e+00	0.00e+00	0.00e+00	0.00e+00	7.78e-01	1.19e-01	7.45e-02
 9.07964e+16	9.73e-01	2.75e-02	4.04e-13	0.00e+00	0.00e+00	0.00e+00	0.00e+00	0.00e+00	0.00e+00	7.79e-01	1.19e-01	7.44e-02
 9.08023e+16	9.74e-01	2.64e-02	3.93e-13	0.00e+00	0.00e+00	0.00e+00	0.00e+00	0.00e+00	0.00e+00	7.80e-01	1.19e-01	7.44e-02
 9.08081e+16	9.75e-01	2.54e-02	3.82e-13	0.00e+00	0.00e+00	0.00e+00	0.00e+00	0.00e+00	0.00e+00	7.81e-01	1.19e-01	7.44e-02
 9.08140e+16	9.76e-01	2.44e-02	3.71e-13	0.00e+00	0.00e+00	0.00e+00	0.00e+00	0.00e+00	0.00e+00	7.83e-01	1.19e-01	7.43e-02
 9.08199e+16	9.77e-01	2.35e-02	3.60e-13	0.00e+00	0.00e+00	0.00e+00	0.00e+00	0.00e+00	0.00e+00	7.84e-01	1.19e-01	7.43e-02
 9.08258e+16	9.77e-01	2.26e-02	3.49e-13	0.00e+00	0.00e+00	0.00e+00	0.00e+00	0.00e+00	0.00e+00	7.85e-01	1.18e-01	7.43e-02
 9.08317e+16	9.78e-01	2.17e-02	3.39e-13	0.00e+00	0.00e+00	0.00e+00	0.00e+00	0.00e+00	0.00e+00	7.86e-01	1.18e-01	7.43e-02
 9.08376e+16	9.79e-01	2.08e-02	3.29e-13	0.00e+00	0.00e+00	0.00e+00	0.00e+00	0.00e+00	0.00e+00	7.87e-01	1.18e-01	7.42e-02
 9.08436e+16	9.80e-01	2.00e-02	3.20e-13	0.00e+00	0.00e+00	0.00e+00	0.00e+00	0.00e+00	0.00e+00	7.88e-01	1.18e-01	7.42e-02
 9.08495e+16	9.81e-01	1.93e-02	3.11e-13	0.00e+00	0.00e+00	0.00e+00	0.00e+00	0.00e+00	0.00e+00	7.89e-01	1.18e-01	7.42e-02
 9.08555e+16	9.81e-01	1.85e-02	3.01e-13	0.00e+00	0.00e+00	0.00e+00	0.00e+00	0.00e+00	0.00e+00	7.89e-01	1.18e-01	7.42e-02
 9.08615e+16	9.82e-01	1.78e-02	2.93e-13	0.00e+00	0.00e+00	0.00e+00	0.00e+00	0.00e+00	0.00e+00	7.90e-01	1.18e-01	7.41e-02
 9.08676e+16	9.83e-01	1.71e-02	2.84e-13	0.00e+00	0.00e+00	0.00e+00	0.00e+00	0.00e+00	0.00e+00	7.91e-01	1.18e-01	7.41e-02
 9.08736e+16	9.84e-01	1.65e-02	2.76e-13	0.00e+00	0.00e+00	0.00e+00	0.00e+00	0.00e+00	0.00e+00	7.92e-01	1.18e-01	7.41e-02
 9.08797e+16	9.84e-01	1.58e-02	2.68e-13	0.00e+00	0.00e+00	0.00e+00	0.00e+00	0.00e+00	0.00e+00	7.93e-01	1.18e-01	7.41e-02
 9.08859e+16	9.85e-01	1.52e-02	2.60e-13	0.00e+00	0.00e+00	0.00e+00	0.00e+00	0.00e+00	0.00e+00	7.93e-01	1.17e-01	7.41e-02
 9.08920e+16	9.85e-01	1.46e-02	2.52e-13	0.00e+00	0.00e+00	0.00e+00	0.00e+00	0.00e+00	0.00e+00	7.94e-01	1.17e-01	7.40e-02
 9.08983e+16	9.86e-01	1.41e-02	2.45e-13	0.00e+00	0.00e+00	0.00e+00	0.00e+00	0.00e+00	0.00e+00	7.95e-01	1.17e-01	7.40e-02
 9.09045e+16	9.86e-01	1.35e-02	2.38e-13	0.00e+00	0.00e+00	0.00e+00	0.00e+00	0.00e+00	0.00e+00	7.95e-01	1.17e-01	7.40e-02
 9.09109e+16	9.87e-01	1.30e-02	2.31e-13	0.00e+00	0.00e+00	0.00e+00	0.00e+00	0.00e+00	0.00e+00	7.96e-01	1.17e-01	7.40e-02
 9.09172e+16	9.87e-01	1.25e-02	2.24e-13	0.00e+00	0.00e+00	0.00e+00	0.00e+00	0.00e+00	0.00e+00	7.96e-01	1.17e-01	7.39e-02
 9.09237e+16	9.88e-01	1.20e-02	2.17e-13	0.00e+00	0.00e+00	0.00e+00	0.00e+00	0.00e+00	0.00e+00	7.97e-01	1.17e-01	7.39e-02
 9.09302e+16	9.88e-01	1.16e-02	2.11e-13	0.00e+00	0.00e+00	0.00e+00	0.00e+00	0.00e+00	0.00e+00	7.98e-01	1.17e-01	7.39e-02
 9.09368e+16	9.89e-01	1.11e-02	2.05e-13	0.00e+00	0.00e+00	0.00e+00	0.00e+00	0.00e+00	0.00e+00	7.98e-01	1.17e-01	7.39e-02
 9.09435e+16	9.89e-01	1.07e-02	1.99e-13	0.00e+00	0.00e+00	0.00e+00	0.00e+00	0.00e+00	0.00e+00	7.99e-01	1.17e-01	7.39e-02
 9.09503e+16	9.90e-01	1.03e-02	1.93e-13	0.00e+00	0.00e+00	0.00e+00	0.00e+00	0.00e+00	0.00e+00	7.99e-01	1.17e-01	7.38e-02
 9.09571e+16	9.90e-01	9.91e-03	1.87e-13	0.00e+00	0.00e+00	0.00e+00	0.00e+00	0.00e+00	0.00e+00	8.00e-01	1.17e-01	7.38e-02
 9.09641e+16	9.90e-01	9.54e-03	1.82e-13	0.00e+00	0.00e+00	0.00e+00	0.00e+00	0.00e+00	0.00e+00	8.00e-01	1.17e-01	7.38e-02
 9.09713e+16	9.91e-01	9.18e-03	1.76e-13	0.00e+00	0.00e+00	0.00e+00	0.00e+00	0.00e+00	0.00e+00	8.00e-01	1.17e-01	7.38e-02
 9.09786e+16	9.91e-01	8.83e-03	1.71e-13	0.00e+00	0.00e+00	0.00e+00	0.00e+00	0.00e+00	0.00e+00	8.01e-01	1.17e-01	7.38e-02
 9.09860e+16	9.92e-01	8.50e-03	1.66e-13	0.00e+00	0.00e+00	0.00e+00	0.00e+00	0.00e+00	0.00e+00	8.01e-01	1.16e-01	7.37e-02
 9.09936e+16	9.92e-01	8.18e-03	1.61e-13	0.00e+00	0.00e+00	0.00e+00	0.00e+00	0.00e+00	0.00e+00	8.02e-01	1.16e-01	7.37e-02
 9.10015e+16	9.92e-01	7.87e-03	1.57e-13	0.00e+00	0.00e+00	0.00e+00	0.00e+00	0.00e+00	0.00e+00	8.02e-01	1.16e-01	7.37e-02
 9.10095e+16	9.92e-01	7.57e-03	1.52e-13	0.00e+00	0.00e+00	0.00e+00	0.00e+00	0.00e+00	0.00e+00	8.02e-01	1.16e-01	7.37e-02
 9.10179e+16	9.93e-01	7.29e-03	1.48e-13	0.00e+00	0.00e+00	0.00e+00	0.00e+00	0.00e+00	0.00e+00	8.03e-01	1.16e-01	7.37e-02
 9.10265e+16	9.93e-01	7.02e-03	1.43e-13	0.00e+00	0.00e+00	0.00e+00	0.00e+00	0.00e+00	0.00e+00	8.03e-01	1.16e-01	7.37e-02
 9.10355e+16	9.93e-01	6.76e-03	1.39e-13	0.00e+00	0.00e+00	0.00e+00	0.00e+00	0.00e+00	0.00e+00	8.03e-01	1.16e-01	7.36e-02
 9.10448e+16	9.93e-01	6.51e-03	1.35e-13	0.00e+00	0.00e+00	0.00e+00	0.00e+00	0.00e+00	0.00e+00	8.04e-01	1.16e-01	7.36e-02
 9.10547e+16	9.94e-01	6.27e-03	1.31e-13	0.00e+00	0.00e+00	0.00e+00	0.00e+00	0.00e+00	0.00e+00	8.04e-01	1.16e-01	7.36e-02
 9.10651e+16	9.94e-01	6.04e-03	1.28e-13	0.00e+00	0.00e+00	0.00e+00	0.00e+00	0.00e+00	0.00e+00	8.04e-01	1.16e-01	7.36e-02
 9.10761e+16	9.94e-01	5.83e-03	1.24e-13	0.00e+00	0.00e+00	0.00e+00	0.00e+00	0.00e+00	0.00e+00	8.05e-01	1.16e-01	7.36e-02
 9.10879e+16	9.94e-01	5.62e-03	1.21e-13	0.00e+00	0.00e+00	0.00e+00	0.00e+00	0.00e+00	0.00e+00	8.05e-01	1.16e-01	7.35e-02
 9.11007e+16	9.95e-01	5.42e-03	1.17e-13	0.00e+00	0.00e+00	0.00e+00	0.00e+00	0.00e+00	0.00e+00	8.05e-01	1.16e-01	7.35e-02
 9.11146e+16	9.95e-01	5.23e-03	1.14e-13	0.00e+00	0.00e+00	0.00e+00	0.00e+00	0.00e+00	0.00e+00	8.05e-01	1.16e-01	7.35e-02
 9.11300e+16	9.95e-01	5.05e-03	1.11e-13	0.00e+00	0.00e+00	0.00e+00	0.00e+00	0.00e+00	0.00e+00	8.06e-01	1.16e-01	7.35e-02
 9.11472e+16	9.95e-01	4.88e-03	1.09e-13	0.00e+00	0.00e+00	0.00e+00	0.00e+00	0.00e+00	0.00e+00	8.06e-01	1.16e-01	7.35e-02
 9.11665e+16	9.95e-01	4.72e-03	1.06e-13	0.00e+00	0.00e+00	0.00e+00	0.00e+00	0.00e+00	0.00e+00	8.06e-01	1.16e-01	7.35e-02
 9.11879e+16	9.95e-01	4.58e-03	1.04e-13	0.00e+00	0.00e+00	0.00e+00	0.00e+00	0.00e+00	0.00e+00	8.06e-01	1.16e-01	7.34e-02
 9.12109e+16	9.96e-01	4.46e-03	1.02e-13	0.00e+00	0.00e+00	0.00e+00	0.00e+00	0.00e+00	0.00e+00	8.06e-01	1.16e-01	7.34e-02
 9.12342e+16	9.96e-01	4.37e-03	1.00e-13	0.00e+00	0.00e+00	0.00e+00	0.00e+00	0.00e+00	0.00e+00	8.07e-01	1.16e-01	7.34e-02
 9.12575e+16	9.96e-01	4.29e-03	9.87e-14	0.00e+00	0.00e+00	0.00e+00	0.00e+00	0.00e+00	0.00e+00	8.07e-01	1.16e-01	7.34e-02
 9.12809e+16	9.96e-01	4.23e-03	9.78e-14	0.00e+00	0.00e+00	0.00e+00	0.00e+00	0.00e+00	0.00e+00	8.07e-01	1.16e-01	7.34e-02
 9.13042e+16	9.96e-01	4.18e-03	9.69e-14	0.00e+00	0.00e+00	0.00e+00	0.00e+00	0.00e+00	0.00e+00	8.07e-01	1.16e-01	7.34e-02
 9.13275e+16	9.96e-01	4.13e-03	9.61e-14	0.00e+00	0.00e+00	0.00e+00	0.00e+00	0.00e+00	0.00e+00	8.07e-01	1.15e-01	7.33e-02
 9.13508e+16	9.96e-01	4.10e-03	9.56e-14	0.00e+00	0.00e+00	0.00e+00	0.00e+00	0.00e+00	0.00e+00	8.07e-01	1.15e-01	7.33e-02
 9.13742e+16	9.96e-01	4.06e-03	9.49e-14	0.00e+00	0.00e+00	0.00e+00	0.00e+00	0.00e+00	0.00e+00	8.07e-01	1.15e-01	7.33e-02
 9.13975e+16	9.96e-01	4.03e-03	9.44e-14	0.00e+00	0.00e+00	0.00e+00	0.00e+00	0.00e+00	0.00e+00	8.07e-01	1.15e-01	7.33e-02
 9.14208e+16	9.96e-01	4.01e-03	9.40e-14	0.00e+00	0.00e+00	0.00e+00	0.00e+00	0.00e+00	0.00e+00	8.07e-01	1.15e-01	7.33e-02
 9.14441e+16	9.96e-01	3.98e-03	9.35e-14	0.00e+00	0.00e+00	0.00e+00	0.00e+00	0.00e+00	0.00e+00	8.07e-01	1.15e-01	7.33e-02
 9.14674e+16	9.96e-01	3.96e-03	9.31e-14	0.00e+00	0.00e+00	0.00e+00	0.00e+00	0.00e+00	0.00e+00	8.07e-01	1.15e-01	7.33e-02
 9.14908e+16	9.96e-01	3.94e-03	9.27e-14	0.00e+00	0.00e+00	0.00e+00	0.00e+00	0.00e+00	0.00e+00	8.07e-01	1.15e-01	7.33e-02
 9.15141e+16	9.96e-01	3.92e-03	9.23e-14	0.00e+00	0.00e+00	0.00e+00	0.00e+00	0.00e+00	0.00e+00	8.07e-01	1.15e-01	7.33e-02
 9.15374e+16	9.96e-01	3.90e-03	9.20e-14	0.00e+00	0.00e+00	0.00e+00	0.00e+00	0.00e+00	0.00e+00	8.08e-01	1.15e-01	7.33e-02
 9.15607e+16	9.96e-01	3.89e-03	9.17e-14	0.00e+00	0.00e+00	0.00e+00	0.00e+00	0.00e+00	0.00e+00	8.08e-01	1.15e-01	7.33e-02
 9.15840e+16	9.96e-01	3.87e-03	9.13e-14	0.00e+00	0.00e+00	0.00e+00	0.00e+00	0.00e+00	0.00e+00	8.08e-01	1.15e-01	7.33e-02
 9.16073e+16	9.96e-01	3.85e-03	9.09e-14	0.00e+00	0.00e+00	0.00e+00	0.00e+00	0.00e+00	0.00e+00	8.08e-01	1.15e-01	7.32e-02
 9.16307e+16	9.96e-01	3.83e-03	9.06e-14	0.00e+00	0.00e+00	0.00e+00	0.00e+00	0.00e+00	0.00e+00	8.08e-01	1.15e-01	7.32e-02
 9.16540e+16	9.96e-01	3.82e-03	9.04e-14	0.00e+00	0.00e+00	0.00e+00	0.00e+00	0.00e+00	0.00e+00	8.08e-01	1.15e-01	7.32e-02
 9.16773e+16	9.96e-01	3.80e-03	9.00e-14	0.00e+00	0.00e+00	0.00e+00	0.00e+00	0.00e+00	0.00e+00	8.08e-01	1.15e-01	7.32e-02
 9.17006e+16	9.96e-01	3.79e-03	8.98e-14	0.00e+00	0.00e+00	0.00e+00	0.00e+00	0.00e+00	0.00e+00	8.08e-01	1.15e-01	7.32e-02
 9.17239e+16	9.96e-01	3.77e-03	8.95e-14	0.00e+00	0.00e+00	0.00e+00	0.00e+00	0.00e+00	0.00e+00	8.08e-01	1.15e-01	7.32e-02
 9.17472e+16	9.96e-01	3.76e-03	8.91e-14	0.00e+00	0.00e+00	0.00e+00	0.00e+00	0.00e+00	0.00e+00	8.08e-01	1.15e-01	7.32e-02
 9.17705e+16	9.96e-01	3.74e-03	8.89e-14	0.00e+00	0.00e+00	0.00e+00	0.00e+00	0.00e+00	0.00e+00	8.08e-01	1.15e-01	7.32e-02
 9.17938e+16	9.96e-01	3.73e-03	8.86e-14	0.00e+00	0.00e+00	0.00e+00	0.00e+00	0.00e+00	0.00e+00	8.08e-01	1.15e-01	7.32e-02
 9.18172e+16	9.96e-01	3.72e-03	8.84e-14	0.00e+00	0.00e+00	0.00e+00	0.00e+00	0.00e+00	0.00e+00	8.08e-01	1.15e-01	7.32e-02
 9.18405e+16	9.96e-01	3.70e-03	8.81e-14	0.00e+00	0.00e+00	0.00e+00	0.00e+00	0.00e+00	0.00e+00	8.08e-01	1.15e-01	7.32e-02
 9.18638e+16	9.96e-01	3.69e-03	8.78e-14	0.00e+00	0.00e+00	0.00e+00	0.00e+00	0.00e+00	0.00e+00	8.08e-01	1.15e-01	7.32e-02
 9.18871e+16	9.96e-01	3.68e-03	8.76e-14	0.00e+00	0.00e+00	0.00e+00	0.00e+00	0.00e+00	0.00e+00	8.08e-01	1.15e-01	7.32e-02
 9.19104e+16	9.96e-01	3.66e-03	8.73e-14	0.00e+00	0.00e+00	0.00e+00	0.00e+00	0.00e+00	0.00e+00	8.08e-01	1.15e-01	7.32e-02
 9.19337e+16	9.96e-01	3.65e-03	8.71e-14	0.00e+00	0.00e+00	0.00e+00	0.00e+00	0.00e+00	0.00e+00	8.08e-01	1.15e-01	7.31e-02
 9.19570e+16	9.96e-01	3.64e-03	8.68e-14	0.00e+00	0.00e+00	0.00e+00	0.00e+00	0.00e+00	0.00e+00	8.08e-01	1.15e-01	7.31e-02
 9.19803e+16	9.96e-01	3.63e-03	8.66e-14	0.00e+00	0.00e+00	0.00e+00	0.00e+00	0.00e+00	0.00e+00	8.08e-01	1.15e-01	7.31e-02
 9.20036e+16	9.96e-01	3.61e-03	8.63e-14	0.00e+00	0.00e+00	0.00e+00	0.00e+00	0.00e+00	0.00e+00	8.08e-01	1.15e-01	7.31e-02
 9.20269e+16	9.96e-01	3.61e-03	8.61e-14	0.00e+00	0.00e+00	0.00e+00	0.00e+00	0.00e+00	0.00e+00	8.08e-01	1.15e-01	7.31e-02
 9.20503e+16	9.96e-01	3.59e-03	8.59e-14	0.00e+00	0.00e+00	0.00e+00	0.00e+00	0.00e+00	0.00e+00	8.08e-01	1.15e-01	7.31e-02
 9.20736e+16	9.96e-01	3.58e-03	8.57e-14	0.00e+00	0.00e+00	0.00e+00	0.00e+00	0.00e+00	0.00e+00	8.08e-01	1.15e-01	7.31e-02
 9.20969e+16	9.96e-01	3.57e-03	8.54e-14	0.00e+00	0.00e+00	0.00e+00	0.00e+00	0.00e+00	0.00e+00	8.08e-01	1.15e-01	7.31e-02
 9.21202e+16	9.96e-01	3.56e-03	8.52e-14	0.00e+00	0.00e+00	0.00e+00	0.00e+00	0.00e+00	0.00e+00	8.08e-01	1.15e-01	7.31e-02
 9.21435e+16	9.96e-01	3.55e-03	8.50e-14	0.00e+00	0.00e+00	0.00e+00	0.00e+00	0.00e+00	0.00e+00	8.08e-01	1.15e-01	7.31e-02
 9.21668e+16	9.96e-01	3.54e-03	8.48e-14	0.00e+00	0.00e+00	0.00e+00	0.00e+00	0.00e+00	0.00e+00	8.09e-01	1.15e-01	7.31e-02
 9.21901e+16	9.96e-01	3.52e-03	8.46e-14	0.00e+00	0.00e+00	0.00e+00	0.00e+00	0.00e+00	0.00e+00	8.09e-01	1.15e-01	7.31e-02
 9.22134e+16	9.96e-01	3.52e-03	8.44e-14	0.00e+00	0.00e+00	0.00e+00	0.00e+00	0.00e+00	0.00e+00	8.09e-01	1.15e-01	7.31e-02
 9.22367e+16	9.96e-01	3.50e-03	8.41e-14	0.00e+00	0.00e+00	0.00e+00	0.00e+00	0.00e+00	0.00e+00	8.09e-01	1.15e-01	7.31e-02
 9.22600e+16	9.97e-01	3.50e-03	8.40e-14	0.00e+00	0.00e+00	0.00e+00	0.00e+00	0.00e+00	0.00e+00	8.09e-01	1.15e-01	7.31e-02
 9.22833e+16	9.97e-01	3.48e-03	8.37e-14	0.00e+00	0.00e+00	0.00e+00	0.00e+00	0.00e+00	0.00e+00	8.09e-01	1.15e-01	7.30e-02
 9.23066e+16	9.97e-01	3.48e-03	8.36e-14	0.00e+00	0.00e+00	0.00e+00	0.00e+00	0.00e+00	0.00e+00	8.09e-01	1.15e-01	7.30e-02
 9.23299e+16	9.97e-01	3.46e-03	8.33e-14	0.00e+00	0.00e+00	0.00e+00	0.00e+00	0.00e+00	0.00e+00	8.09e-01	1.15e-01	7.30e-02
 9.23532e+16	9.97e-01	3.46e-03	8.32e-14	0.00e+00	0.00e+00	0.00e+00	0.00e+00	0.00e+00	0.00e+00	8.09e-01	1.15e-01	7.30e-02
 9.23765e+16	9.97e-01	3.45e-03	8.30e-14	0.00e+00	0.00e+00	0.00e+00	0.00e+00	0.00e+00	0.00e+00	8.09e-01	1.15e-01	7.30e-02
 9.23998e+16	9.97e-01	3.44e-03	8.28e-14	0.00e+00	0.00e+00	0.00e+00	0.00e+00	0.00e+00	0.00e+00	8.09e-01	1.15e-01	7.30e-02
 9.24231e+16	9.97e-01	3.43e-03	8.26e-14	0.00e+00	0.00e+00	0.00e+00	0.00e+00	0.00e+00	0.00e+00	8.09e-01	1.15e-01	7.30e-02
 9.24464e+16	9.97e-01	3.42e-03	8.25e-14	0.00e+00	0.00e+00	0.00e+00	0.00e+00	0.00e+00	0.00e+00	8.09e-01	1.15e-01	7.30e-02
 9.24697e+16	9.97e-01	3.41e-03	8.22e-14	0.00e+00	0.00e+00	0.00e+00	0.00e+00	0.00e+00	0.00e+00	8.09e-01	1.15e-01	7.30e-02
 9.24930e+16	9.97e-01	3.40e-03	8.21e-14	0.00e+00	0.00e+00	0.00e+00	0.00e+00	0.00e+00	0.00e+00	8.09e-01	1.15e-01	7.30e-02
 9.25163e+16	9.97e-01	3.39e-03	8.19e-14	0.00e+00	0.00e+00	0.00e+00	0.00e+00	0.00e+00	0.00e+00	8.09e-01	1.15e-01	7.30e-02
 9.25396e+16	9.97e-01	3.39e-03	8.18e-14	0.00e+00	0.00e+00	0.00e+00	0.00e+00	0.00e+00	0.00e+00	8.09e-01	1.15e-01	7.30e-02
 9.25629e+16	9.97e-01	3.37e-03	8.15e-14	0.00e+00	0.00e+00	0.00e+00	0.00e+00	0.00e+00	0.00e+00	8.09e-01	1.15e-01	7.30e-02
 9.25862e+16	9.97e-01	3.37e-03	8.14e-14	0.00e+00	0.00e+00	0.00e+00	0.00e+00	0.00e+00	0.00e+00	8.09e-01	1.15e-01	7.30e-02
 9.26095e+16	9.97e-01	3.36e-03	8.12e-14	0.00e+00	0.00e+00	0.00e+00	0.00e+00	0.00e+00	0.00e+00	8.09e-01	1.15e-01	7.29e-02
 9.26329e+16	9.97e-01	3.35e-03	8.11e-14	0.00e+00	0.00e+00	0.00e+00	0.00e+00	0.00e+00	0.00e+00	8.09e-01	1.15e-01	7.29e-02
 9.26565e+16	9.97e-01	3.34e-03	8.09e-14	0.00e+00	0.00e+00	0.00e+00	0.00e+00	0.00e+00	0.00e+00	8.09e-01	1.15e-01	7.29e-02
 9.26800e+16	9.97e-01	3.33e-03	8.07e-14	0.00e+00	0.00e+00	0.00e+00	0.00e+00	0.00e+00	0.00e+00	8.09e-01	1.15e-01	7.29e-02
 9.27035e+16	9.97e-01	3.32e-03	8.05e-14	0.00e+00	0.00e+00	0.00e+00	0.00e+00	0.00e+00	0.00e+00	8.09e-01	1.14e-01	7.29e-02
 9.27270e+16	9.97e-01	3.32e-03	8.04e-14	0.00e+00	0.00e+00	0.00e+00	0.00e+00	0.00e+00	0.00e+00	8.09e-01	1.14e-01	7.29e-02
 9.27505e+16	9.97e-01	3.31e-03	8.03e-14	0.00e+00	0.00e+00	0.00e+00	0.00e+00	0.00e+00	0.00e+00	8.09e-01	1.14e-01	7.29e-02
 9.27741e+16	9.97e-01	3.30e-03	8.01e-14	0.00e+00	0.00e+00	0.00e+00	0.00e+00	0.00e+00	0.00e+00	8.09e-01	1.14e-01	7.29e-02
 9.27976e+16	9.97e-01	3.29e-03	7.99e-14	0.00e+00	0.00e+00	0.00e+00	0.00e+00	0.00e+00	0.00e+00	8.09e-01	1.14e-01	7.29e-02
 9.28211e+16	9.97e-01	3.29e-03	7.98e-14	0.00e+00	0.00e+00	0.00e+00	0.00e+00	0.00e+00	0.00e+00	8.09e-01	1.14e-01	7.29e-02
 9.28446e+16	9.97e-01	3.28e-03	7.96e-14	0.00e+00	0.00e+00	0.00e+00	0.00e+00	0.00e+00	0.00e+00	8.09e-01	1.14e-01	7.29e-02
 9.28684e+16	9.97e-01	3.27e-03	7.95e-14	0.00e+00	0.00e+00	0.00e+00	0.00e+00	0.00e+00	0.00e+00	8.09e-01	1.14e-01	7.29e-02
 9.28923e+16	9.97e-01	3.26e-03	7.93e-14	0.00e+00	0.00e+00	0.00e+00	0.00e+00	0.00e+00	0.00e+00	8.10e-01	1.14e-01	7.29e-02
 9.29163e+16	9.97e-01	3.26e-03	7.91e-14	0.00e+00	0.00e+00	0.00e+00	0.00e+00	0.00e+00	0.00e+00	8.10e-01	1.14e-01	7.29e-02
 9.29402e+16	9.97e-01	3.25e-03	7.90e-14	0.00e+00	0.00e+00	0.00e+00	0.00e+00	0.00e+00	0.00e+00	8.10e-01	1.14e-01	7.29e-02
 9.29642e+16	9.97e-01	3.24e-03	7.89e-14	0.00e+00	0.00e+00	0.00e+00	0.00e+00	0.00e+00	0.00e+00	8.10e-01	1.14e-01	7.28e-02
 9.29882e+16	9.97e-01	3.23e-03	7.87e-14	0.00e+00	0.00e+00	0.00e+00	0.00e+00	0.00e+00	0.00e+00	8.10e-01	1.14e-01	7.28e-02
 9.30121e+16	9.97e-01	3.23e-03	7.86e-14	0.00e+00	0.00e+00	0.00e+00	0.00e+00	0.00e+00	0.00e+00	8.10e-01	1.14e-01	7.28e-02
 9.30361e+16	9.97e-01	3.22e-03	7.84e-14	0.00e+00	0.00e+00	0.00e+00	0.00e+00	0.00e+00	0.00e+00	8.10e-01	1.14e-01	7.28e-02
 9.30601e+16	9.97e-01	3.21e-03	7.83e-14	0.00e+00	0.00e+00	0.00e+00	0.00e+00	0.00e+00	0.00e+00	8.10e-01	1.14e-01	7.28e-02
 9.30840e+16	9.97e-01	3.21e-03	7.81e-14	0.00e+00	0.00e+00	0.00e+00	0.00e+00	0.00e+00	0.00e+00	8.10e-01	1.14e-01	7.28e-02
 9.31080e+16	9.97e-01	3.20e-03	7.80e-14	0.00e+00	0.00e+00	0.00e+00	0.00e+00	0.00e+00	0.00e+00	8.10e-01	1.14e-01	7.28e-02
 9.31319e+16	9.97e-01	3.19e-03	7.78e-14	0.00e+00	0.00e+00	0.00e+00	0.00e+00	0.00e+00	0.00e+00	8.10e-01	1.14e-01	7.28e-02
 9.31560e+16	9.97e-01	3.19e-03	7.77e-14	0.00e+00	0.00e+00	0.00e+00	0.00e+00	0.00e+00	0.00e+00	8.10e-01	1.14e-01	7.28e-02
 9.31802e+16	9.97e-01	3.18e-03	7.76e-14	0.00e+00	0.00e+00	0.00e+00	0.00e+00	0.00e+00	0.00e+00	8.10e-01	1.14e-01	7.28e-02
 9.32044e+16	9.97e-01	3.17e-03	7.74e-14	0.00e+00	0.00e+00	0.00e+00	0.00e+00	0.00e+00	0.00e+00	8.10e-01	1.14e-01	7.28e-02
 9.32286e+16	9.97e-01	3.16e-03	7.73e-14	0.00e+00	0.00e+00	0.00e+00	0.00e+00	0.00e+00	0.00e+00	8.10e-01	1.14e-01	7.28e-02
 9.32528e+16	9.97e-01	3.16e-03	7.72e-14	0.00e+00	0.00e+00	0.00e+00	0.00e+00	0.00e+00	0.00e+00	8.10e-01	1.14e-01	7.28e-02
 9.32769e+16	9.97e-01	3.15e-03	7.70e-14	0.00e+00	0.00e+00	0.00e+00	0.00e+00	0.00e+00	0.00e+00	8.10e-01	1.14e-01	7.28e-02
 9.33011e+16	9.97e-01	3.15e-03	7.69e-14	0.00e+00	0.00e+00	0.00e+00	0.00e+00	0.00e+00	0.00e+00	8.10e-01	1.14e-01	7.27e-02
 9.33253e+16	9.97e-01	3.14e-03	7.68e-14	0.00e+00	0.00e+00	0.00e+00	0.00e+00	0.00e+00	0.00e+00	8.10e-01	1.14e-01	7.27e-02
 9.33531e+16	9.97e-01	3.13e-03	7.66e-14	0.00e+00	0.00e+00	0.00e+00	0.00e+00	0.00e+00	0.00e+00	8.10e-01	1.14e-01	7.27e-02
 9.33893e+16	9.97e-01	3.12e-03	7.64e-14	0.00e+00	0.00e+00	0.00e+00	0.00e+00	0.00e+00	0.00e+00	8.10e-01	1.14e-01	7.27e-02
 9.34363e+16	9.97e-01	3.11e-03	7.61e-14	0.00e+00	0.00e+00	0.00e+00	0.00e+00	0.00e+00	0.00e+00	8.10e-01	1.14e-01	7.27e-02
 9.34974e+16	9.97e-01	3.09e-03	7.58e-14	0.00e+00	0.00e+00	0.00e+00	0.00e+00	0.00e+00	0.00e+00	8.10e-01	1.14e-01	7.27e-02
 9.35768e+16	9.97e-01	3.07e-03	7.53e-14	0.00e+00	0.00e+00	0.00e+00	0.00e+00	0.00e+00	0.00e+00	8.10e-01	1.14e-01	7.27e-02
 9.36801e+16	9.97e-01	3.04e-03	7.48e-14	0.00e+00	0.00e+00	0.00e+00	0.00e+00	0.00e+00	0.00e+00	8.11e-01	1.14e-01	7.26e-02
 9.38143e+16	9.97e-01	3.01e-03	7.41e-14	0.00e+00	0.00e+00	0.00e+00	0.00e+00	0.00e+00	0.00e+00	8.11e-01	1.14e-01	7.26e-02
 9.39889e+16	9.97e-01	2.96e-03	7.32e-14	0.00e+00	0.00e+00	0.00e+00	0.00e+00	0.00e+00	0.00e+00	8.11e-01	1.14e-01	7.25e-02
 9.42158e+16	9.97e-01	2.91e-03	7.21e-14	0.00e+00	0.00e+00	0.00e+00	0.00e+00	0.00e+00	0.00e+00	8.11e-01	1.13e-01	7.24e-02
 9.45107e+16	9.97e-01	2.85e-03	7.09e-14	0.00e+00	0.00e+00	0.00e+00	0.00e+00	0.00e+00	0.00e+00	8.12e-01	1.13e-01	7.24e-02
